0.9607869982719421
0.022555086761713028
0.9607114195823669
0.022424016147851944
0.957347571849823
0.022982673719525337
0.9614071846008301
0.022970424965023994
0.9596056342124939
0.022245654836297035
0.9586455821990967
0.02185557596385479
0.9595832228660583
0.022114457562565804
0.9593130350112915
0.02227349951863289
0.9578492045402527
0.021504702046513557
0.9561712741851807
0.019364073872566223
0.9560131430625916
0.018008889630436897
0.9565601348876953
0.015573062933981419
0.9534490704536438
0.013418827205896378
0.9516103267669678
0.02358594723045826
0.9448889493942261
0.02306702733039856
0.9379577040672302
0.020902810618281364
0.9334437847137451
0.011776363477110863
0.9263308048248291
0.008352291770279408
0.9147606492042542
0.012081856839358807
0.9116001725196838
0.005864365957677364
0.8997810482978821
0.0069603631272912025
0.8938205242156982
0.005592037923634052
0.8834332227706909
-0.0027654769364744425
0.8784919381141663
-0.0060098967514932156
0.8709167242050171
-0.00369586911983788
0.8599593639373779
-0.010737104341387749
0.8506953716278076
-0.016515228897333145
0.836266815662384
-0.03461843356490135
0.8322426080703735
-0.03766939789056778
0.8280857801437378
-0.04084144905209541
0.8283643126487732
-0.044238604605197906
0.8114514350891113
-0.04851577803492546
0.805016040802002
-0.045985229313373566
0.795555055141449
-0.05083925649523735
0.7915866374969482
-0.06089584156870842
0.7879558801651001
-0.06410446017980576
0.7852504253387451
-0.0710553303360939
0.780537486076355
-0.07638100534677505
0.7776415944099426
-0.07218725234270096
0.7741288542747498
-0.06947311013936996
0.7723032236099243
-0.06821592152118683
0.768622100353241
-0.0719829574227333
0.7700877785682678
-0.06906210631132126
0.7711822390556335
-0.07500095665454865
0.772445559501648
-0.07426668703556061
0.7714711427688599
-0.07917182147502899
0.7707905769348145
-0.07374784350395203
0.7692402601242065
-0.07937615364789963
0.7670983076095581
-0.08425731211900711
0.7612586617469788
-0.08030492812395096
0.7581634521484375
-0.08391889929771423
0.7567498087882996
-0.08990029990673065
0.753150463104248
-0.09676944464445114
0.7457135915756226
-0.09592582285404205
0.7407625317573547
-0.10331740230321884
0.7360751628875732
-0.10178089886903763
0.7319282293319702
-0.10954205691814423
0.7213401794433594
-0.11547647416591644
0.7113285064697266
-0.12101128697395325
0.7028878927230835
-0.12594081461429596
0.6985518932342529
-0.1378481388092041
0.688919186592102
-0.13911449909210205
0.6847206950187683
-0.14945340156555176
0.6806980967521667
-0.1553344875574112
0.6767553091049194
-0.1593388170003891
0.6708807945251465
-0.15808546543121338
0.6666712760925293
-0.16565433144569397
0.6550711989402771
-0.1697528213262558
0.6485015749931335
-0.1742381751537323
0.641528844833374
-0.18136969208717346
0.6390337944030762
-0.19048316776752472
0.6355765461921692
-0.19462351500988007
0.6287556886672974
-0.19865931570529938
0.6255258917808533
-0.19855740666389465
0.6186927556991577
-0.20317630469799042
0.6152375340461731
-0.2070324718952179
0.6137546896934509
-0.207687646150589
0.6080509424209595
-0.2126830369234085
0.6043974757194519
-0.2164723426103592
0.6038612127304077
-0.22264592349529266
0.5986400842666626
-0.22283455729484558
0.5941883325576782
-0.2309047430753708
0.5891247987747192
-0.2345227152109146
0.5841759443283081
-0.2376168817281723
0.5804052948951721
-0.24471695721149445
0.5767666697502136
-0.24859236180782318
0.5732707977294922
-0.2525951564311981
0.5693374872207642
-0.2516863942146301
0.5647404789924622
-0.2535562813282013
0.5609314441680908
-0.25823071599006653
0.5570653676986694
-0.26118841767311096
0.5509881377220154
-0.26661065220832825
0.5486012101173401
-0.26955968141555786
0.5478687286376953
-0.2751579284667969
0.544133186340332
-0.279177725315094
0.5401251316070557
-0.27829644083976746
0.537229597568512
-0.28012609481811523
0.5340096950531006
-0.2811703085899353
0.5325312614440918
-0.28753817081451416
0.5286604166030884
-0.2916482985019684
0.530363142490387
-0.28858497738838196
0.5262781977653503
-0.29282042384147644
0.527534008026123
-0.29240110516548157
0.5222893953323364
-0.29187890887260437
0.5204043388366699
-0.29796695709228516
0.5186009407043457
-0.30231374502182007
0.5147918462753296
-0.30410346388816833
0.5118294954299927
-0.30576780438423157
0.5076959133148193
-0.31029239296913147
0.5081064701080322
-0.3108260929584503
0.501917839050293
-0.31906190514564514
0.4972217082977295
-0.3205069899559021
0.4910072982311249
-0.3217081129550934
0.48605605959892273
-0.32806137204170227
0.4820207357406616
-0.332499623298645
0.47755733132362366
-0.33852067589759827
0.4711514115333557
-0.34415698051452637
0.46732717752456665
-0.34855538606643677
0.45962247252464294
-0.3560352921485901
0.4525204598903656
-0.36421528458595276
0.44708189368247986
-0.3741699159145355
0.4410794973373413
-0.3785693049430847
0.4335259199142456
-0.390595942735672
0.43015581369400024
-0.39456090331077576
0.42805027961730957
-0.3945010006427765
0.4245969355106354
-0.39855965971946716
0.41959473490715027
-0.4025631546974182
0.4134467542171478
-0.4031308889389038
0.4094465672969818
-0.4079650044441223
0.40526705980300903
-0.41252782940864563
0.40329304337501526
-0.4150620698928833
0.39947083592414856
-0.41824278235435486
0.39735740423202515
-0.42053544521331787
0.39409103989601135
-0.42457038164138794
0.3922416865825653
-0.4244760572910309
0.38971370458602905
-0.4255662262439728
0.3858608901500702
-0.4296894073486328
0.3814425468444824
-0.4333035349845886
0.37830281257629395
-0.437476247549057
0.37405407428741455
-0.44177010655403137
0.37061455845832825
-0.44854745268821716
0.3667149245738983
-0.4521240293979645
0.3627217411994934
-0.4555221199989319
0.35846880078315735
-0.46143704652786255
0.3534364402294159
-0.4666275084018707
0.34898313879966736
-0.4715808033943176
0.3503081202507019
-0.4699164628982544
0.3445636034011841
-0.47813794016838074
0.33950310945510864
-0.4841192364692688
0.33400219678878784
-0.491921603679657
0.32823318243026733
-0.4956079125404358
0.323255330324173
-0.5000490546226501
0.3194221258163452
-0.5039864778518677
0.31646934151649475
-0.5088537335395813
0.3123077154159546
-0.5124281644821167
0.30872470140457153
-0.5170713067054749
0.30510497093200684
-0.5233287215232849
0.30116066336631775
-0.5283020734786987
0.29611319303512573
-0.5322117209434509
0.29223692417144775
-0.538791298866272
0.2901741862297058
-0.5429053902626038
0.289692223072052
-0.5449438095092773
0.28836551308631897
-0.547029435634613
0.28760334849357605
-0.5490516424179077
0.28402698040008545
-0.554435670375824
0.2821230888366699
-0.5589938759803772
0.28020620346069336
-0.5634235143661499
0.2783060669898987
-0.5680479407310486
0.2781890630722046
-0.5613453388214111
0.2709616720676422
-0.5700770020484924
0.2692250609397888
-0.5747275948524475
0.26231175661087036
-0.5799599289894104
0.2607753872871399
-0.584492027759552
0.2606727182865143
-0.5893000364303589
0.25682973861694336
-0.5910563468933105
0.25529947876930237
-0.5943744778633118
0.25403228402137756
-0.5988003015518188
0.25294798612594604
-0.6033622026443481
0.248940110206604
-0.6091957688331604
0.2450154572725296
-0.6155422329902649
0.24189241230487823
-0.6205628514289856
0.2370092123746872
-0.6310344338417053
0.23510687053203583
-0.6365497708320618
0.23300300538539886
-0.6428225636482239
0.23053258657455444
-0.6475663781166077
0.2262989580631256
-0.6589896082878113
0.2236151397228241
-0.6655840277671814
0.21760916709899902
-0.6758403182029724
0.21432673931121826
-0.6863665580749512
0.21420010924339294
-0.6950337290763855
0.2121058702468872
-0.702125072479248
0.21190740168094635
-0.7120594382286072
0.2072596698999405
-0.7191802263259888
0.20791293680667877
-0.7300766706466675
0.20598706603050232
-0.7353261709213257
0.2059699296951294
-0.7485182285308838
0.20853960514068604
-0.7607139945030212
0.20875227451324463
-0.7697878479957581
0.21074922382831573
-0.7777354121208191
0.21510940790176392
-0.7816412448883057
0.21893012523651123
-0.7893037796020508
0.21859940886497498
-0.7946010231971741
0.21722052991390228
-0.8046279549598694
0.2265988290309906
-0.817052960395813
0.23452548682689667
-0.8284591436386108
0.23427802324295044
-0.8347012400627136
0.23733648657798767
-0.8399807214736938
0.24287015199661255
-0.8472787141799927
0.24200807511806488
-0.8545873761177063
0.24688945710659027
-0.8653005361557007
0.2505117654800415
-0.8747068047523499
0.2564855217933655
-0.8845816850662231
0.2601979076862335
-0.8934478163719177
0.2637055516242981
-0.8988404870033264
0.26992830634117126
-0.9055227041244507
0.2760970890522003
-0.9140323400497437
0.28285908699035645
-0.9206175804138184
0.28972917795181274
-0.9248536229133606
0.2929014265537262
-0.9367638826370239
0.29781126976013184
-0.9455242156982422
0.3050687313079834
-0.9516704082489014
0.30817168951034546
-0.9579070806503296
0.3180043399333954
-0.9653838872909546
0.3254660964012146
-0.9711082577705383
0.32709985971450806
-0.9707778692245483
0.3312636911869049
-0.9791119694709778
0.3368275463581085
-0.9926670789718628
0.34852662682533264
-0.993181049823761
0.35677632689476013
-0.9978626370429993
0.3627261817455292
-1.0042659044265747
0.3712611496448517
-1.0092068910598755
0.3819589614868164
-1.0173834562301636
0.39632293581962585
-1.020046591758728
0.3994400203227997
-1.023781180381775
0.41410794854164124
-1.0273491144180298
0.42496606707572937
-1.0306718349456787
0.4277171790599823
-1.0375882387161255
0.435881108045578
-1.044438123703003
0.4478006064891815
-1.0456757545471191
0.45446574687957764
-1.0537853240966797
0.46123579144477844
-1.0604972839355469
0.4762554168701172
-1.062889575958252
0.4823818504810333
-1.0698763132095337
0.4904518127441406
-1.0779980421066284
0.4990655183792114
-1.0837222337722778
0.510389506816864
-1.0811731815338135
0.5146909356117249
-1.0894230604171753
0.5207688212394714
-1.095812439918518
0.5283617377281189
-1.100372076034546
0.5357785820960999
-1.0989580154418945
0.5375713109970093
-1.1044291257858276
0.5418007969856262
-1.112755537033081
0.5467990636825562
-1.1147335767745972
0.5556294322013855
-1.1126670837402344
0.5631848573684692
-1.1131538152694702
0.5642308592796326
-1.1214346885681152
0.5680875778198242
-1.1263060569763184
0.5764068961143494
-1.1316202878952026
0.5792562961578369
-1.1367188692092896
0.5903893113136292
-1.135268211364746
0.5932114720344543
-1.1416702270507812
0.5988650918006897
-1.1487085819244385
0.6049991250038147
-1.1559158563613892
0.6135457754135132
-1.1616058349609375
0.619751513004303
-1.1662344932556152
0.6255519390106201
-1.1740264892578125
0.6342101097106934
-1.179831624031067
0.6448009014129639
-1.1787378787994385
0.6588887572288513
-1.182655692100525
0.6662065982818604
-1.1952881813049316
0.6739527583122253
-1.2085708379745483
0.6841219663619995
-1.218267798423767
0.6930153965950012
-1.2235347032546997
0.7090756893157959
-1.232000708580017
0.7154516577720642
-1.2403744459152222
0.7233428955078125
-1.2552317380905151
0.7361088395118713
-1.2674850225448608
0.7497438192367554
-1.2648004293441772
0.7590014338493347
-1.2690712213516235
0.7678894400596619
-1.2696698904037476
0.774963915348053
-1.2810709476470947
0.7865428328514099
-1.2946900129318237
0.8014476895332336
-1.2976828813552856
0.8128269910812378
-1.300687551498413
0.8237967491149902
-1.2990666627883911
0.8347859978675842
-1.3038909435272217
0.8455588817596436
-1.307007908821106
0.8546582460403442
-1.3093191385269165
0.865174412727356
-1.3108019828796387
0.8706123232841492
-1.311192512512207
0.8766335844993591
-1.3129740953445435
0.8832706212997437
-1.3164784908294678
0.8943980932235718
-1.317381739616394
0.8858968615531921
-1.329810380935669
0.9015159606933594
-1.32303786277771
0.913017213344574
-1.323651671409607
0.9191001653671265
-1.3393957614898682
0.9268569350242615
-1.343036413192749
0.9329391717910767
-1.3360780477523804
0.944937527179718
-1.3361722230911255
0.9520940184593201
-1.3351041078567505
0.9663323760032654
-1.3364042043685913
0.9715471863746643
-1.329699993133545
0.9833492040634155
-1.3304213285446167
0.9950817823410034
-1.3321770429611206
1.0067261457443237
-1.3313398361206055
1.0184532403945923
-1.3303308486938477
1.0249470472335815
-1.33470618724823
1.0428920984268188
-1.3362782001495361
1.0663628578186035
-1.327197551727295
1.0768951177597046
-1.326193928718567
1.0966776609420776
-1.3172661066055298
1.1083687543869019
-1.3311082124710083
1.1345813274383545
-1.3237484693527222
1.1486358642578125
-1.3165810108184814
1.1602023839950562
-1.3361327648162842
1.1693910360336304
-1.3354582786560059
1.185693383216858
-1.3247838020324707
1.2009197473526
-1.3176631927490234
1.2146104574203491
-1.3149545192718506
1.2250452041625977
-1.3301818370819092
1.238063931465149
-1.3211382627487183
1.2616517543792725
-1.3107094764709473
1.269104242324829
-1.3095043897628784
1.269873857498169
-1.3102864027023315
1.2766656875610352
-1.3110605478286743
1.285914659500122
-1.3131012916564941
1.286631464958191
-1.3310068845748901
1.293568730354309
-1.3388550281524658
1.308072805404663
-1.3155375719070435
1.3159494400024414
-1.3139630556106567
1.3178730010986328
-1.3300151824951172
1.3224939107894897
-1.3383536338806152
1.3311982154846191
-1.3221508264541626
1.33861243724823
-1.3122167587280273
1.3554965257644653
-1.3031762838363647
1.365822434425354
-1.2966396808624268
1.3475407361984253
-1.3277993202209473
1.3535765409469604
-1.3339110612869263
1.3613461256027222
-1.318894386291504
1.367864727973938
-1.3106499910354614
1.3753635883331299
-1.3059687614440918
1.382045030593872
-1.3018649816513062
1.3914475440979004
-1.2994427680969238
1.4116853475570679
-1.3466743230819702
1.411881923675537
-1.3214279413223267
1.4227542877197266
-1.3064903020858765
1.4447938203811646
-1.29244863986969
1.447758436203003
-1.2883901596069336
1.446710467338562
-1.3044098615646362
1.4635974168777466
-1.2910096645355225
1.470590591430664
-1.2874864339828491
1.473731279373169
-1.3092679977416992
1.4878500699996948
-1.2896775007247925
1.5003997087478638
-1.2797281742095947
1.5095711946487427
-1.2706539630889893
1.5092610120773315
-1.2845537662506104
1.5177584886550903
-1.294068694114685
1.5215126276016235
-1.2923004627227783
1.5360124111175537
-1.2698490619659424
1.5381675958633423
-1.2768950462341309
1.5548374652862549
-1.2590175867080688
1.5606952905654907
-1.2735799551010132
1.566078782081604
-1.268320918083191
1.551432728767395
-1.2596540451049805
1.5672626495361328
-1.2438641786575317
1.5781043767929077
-1.2350107431411743
1.5872082710266113
-1.2307822704315186
1.5920515060424805
-1.2253888845443726
1.5953558683395386
-1.2243636846542358
1.598599910736084
-1.2189912796020508
1.6012542247772217
-1.2203137874603271
1.6037839651107788
-1.2151857614517212
1.6056569814682007
-1.2154176235198975
1.6242057085037231
-1.1989679336547852
1.6196956634521484
-1.1995224952697754
1.6198017597198486
-1.199206829071045
1.6242914199829102
-1.1933794021606445
1.6237289905548096
-1.1923162937164307
1.628835916519165
-1.18770432472229
1.6340526342391968
-1.1830132007598877
1.6376763582229614
-1.1772867441177368
1.641963005065918
-1.171621561050415
1.6481887102127075
-1.1645885705947876
1.6537917852401733
-1.1588484048843384
1.6584968566894531
-1.1536545753479004
1.665891408920288
-1.1460440158843994
1.672265887260437
-1.1352137327194214
1.6758456230163574
-1.1296242475509644
1.683736801147461
-1.1220310926437378
1.681591510772705
-1.1335954666137695
1.6919920444488525
-1.1157554388046265
1.7025442123413086
-1.1007565259933472
1.7099318504333496
-1.091080665588379
1.7159777879714966
-1.0890392065048218
1.7221957445144653
-1.0769834518432617
1.7247647047042847
-1.0714635848999023
1.7213491201400757
-1.0814017057418823
1.7510899305343628
-1.120794415473938
1.7470390796661377
-1.0843981504440308
1.7456798553466797
-1.0691077709197998
1.7374539375305176
-1.070851445198059
1.739708423614502
-1.0646982192993164
1.7603989839553833
-1.0366995334625244
1.748670220375061
-1.0492719411849976
1.7500948905944824
-1.0591418743133545
1.7549571990966797
-1.0360668897628784
1.759473443031311
-1.022728681564331
1.7644906044006348
-1.0203667879104614
1.7599072456359863
-1.026803731918335
1.7687498331069946
-1.0111463069915771
1.7645833492279053
-1.0156021118164062
1.7654120922088623
-1.0083262920379639
1.7918833494186401
-0.9729886054992676
1.7920511960983276
-0.9657676815986633
1.7869055271148682
-0.9669920802116394
1.780586838722229
-0.9722555875778198
1.7798699140548706
-0.9642565250396729
1.778150200843811
-0.9662579298019409
1.800122857093811
-0.9333518147468567
1.7969930171966553
-0.9232653379440308
1.794706106185913
-0.9125027656555176
1.8092765808105469
-0.8905843496322632
1.7977107763290405
-0.9243571162223816
1.7893869876861572
-0.9428427219390869
1.7902084589004517
-0.9096840620040894
1.7875910997390747
-0.9017230868339539
1.7846981287002563
-0.8933478593826294
1.7896970510482788
-0.9302204847335815
1.7880456447601318
-0.8874969482421875
1.7894543409347534
-0.8732610940933228
1.7874531745910645
-0.8566339015960693
1.7820241451263428
-0.8730514645576477
1.774074912071228
-0.8664395809173584
1.7778514623641968
-0.8435265421867371
1.7789324522018433
-0.8293818831443787
1.7783021926879883
-0.8216701745986938
1.7744697332382202
-0.8104701638221741
1.7697356939315796
-0.8024842739105225
1.7706292867660522
-0.7961754202842712
1.7688225507736206
-0.7878702282905579
1.766549825668335
-0.786695122718811
1.7611205577850342
-0.778903603553772
1.7598415613174438
-0.7736304402351379
1.7561008930206299
-0.7651814222335815
1.757682204246521
-0.7545099854469299
1.7515711784362793
-0.7470701932907104
1.7438498735427856
-0.740863561630249
1.7360026836395264
-0.7246095538139343
1.7309545278549194
-0.7209268808364868
1.7220556735992432
-0.7056193351745605
1.7080638408660889
-0.7088525295257568
1.7137153148651123
-0.6813150644302368
1.7070220708847046
-0.675617516040802
1.700554609298706
-0.6977607607841492
1.6871793270111084
-0.6928520202636719
1.6863173246383667
-0.7022162079811096
1.6829712390899658
-0.676436185836792
1.6783485412597656
-0.6885382533073425
1.6676290035247803
-0.6801448464393616
1.6613694429397583
-0.6749251484870911
1.662043571472168
-0.6821575164794922
1.6608762741088867
-0.6848588585853577
1.6544109582901
-0.6793471574783325
1.6536036729812622
-0.651016116142273
1.6515135765075684
-0.6460766792297363
1.6466658115386963
-0.645487904548645
1.6219133138656616
-0.6390070915222168
1.616365671157837
-0.6338265538215637
1.6252998113632202
-0.658149242401123
1.6217089891433716
-0.6178286075592041
1.6139564514160156
-0.6272845268249512
1.6075007915496826
-0.6051051020622253
1.6001124382019043
-0.5897341966629028
1.6039824485778809
-0.620681881904602
1.5930143594741821
-0.5914480090141296
1.585361361503601
-0.5731017589569092
1.569458246231079
-0.5747612118721008
1.564818024635315
-0.5693171620368958
1.5627599954605103
-0.5517076253890991
1.5624202489852905
-0.534547746181488
1.5558208227157593
-0.534019410610199
1.551568865776062
-0.530573308467865
1.5468164682388306
-0.5264400839805603
1.5416090488433838
-0.5138389468193054
1.5359817743301392
-0.5013033151626587
1.5322558879852295
-0.49673035740852356
1.5215455293655396
-0.5078415274620056
1.5233973264694214
-0.5004874467849731
1.5207040309906006
-0.4953843057155609
1.5166592597961426
-0.48978129029273987
1.5148066282272339
-0.4872395098209381
1.5088603496551514
-0.49517929553985596
1.506373405456543
-0.4661386013031006
1.502551794052124
-0.46058523654937744
1.5020464658737183
-0.4624704122543335
1.4956492185592651
-0.4712867736816406
1.494104266166687
-0.4445207417011261
1.490394949913025
-0.43888720870018005
1.4876962900161743
-0.4293729364871979
1.4839229583740234
-0.44504159688949585
1.4800169467926025
-0.43922972679138184
1.4805265665054321
-0.43340596556663513
1.4763433933258057
-0.4181331396102905
1.4745121002197266
-0.41870778799057007
1.4715757369995117
-0.4043934643268585
1.468555212020874
-0.4151008427143097
1.4634671211242676
-0.3966936469078064
1.4595547914505005
-0.39097076654434204
1.4571456909179688
-0.40186119079589844
1.4532458782196045
-0.3867962956428528
1.4422985315322876
-0.3782293498516083
1.4409559965133667
-0.3795112371444702
1.4414809942245483
-0.3653964400291443
1.4368239641189575
-0.3599158823490143
1.4307278394699097
-0.33269646763801575
1.4310461282730103
-0.3378445506095886
1.4249653816223145
-0.31705141067504883
1.4133795499801636
-0.31830111145973206
1.4083573818206787
-0.31360626220703125
1.3986804485321045
-0.31250816583633423
1.3937550783157349
-0.30795013904571533
1.3926881551742554
-0.30716466903686523
1.393789291381836
-0.3127618730068207
1.3953603506088257
-0.30499228835105896
1.389819860458374
-0.3001953959465027
1.38435959815979
-0.29550427198410034
1.3969871997833252
-0.30640897154808044
1.382989764213562
-0.29713475704193115
1.3760114908218384
-0.29099464416503906
1.3683587312698364
-0.2821789085865021
1.3676038980484009
-0.2663901448249817
1.3705530166625977
-0.2714371681213379
1.3698102235794067
-0.2716892957687378
1.3650673627853394
-0.2793899476528168
1.3607258796691895
-0.2802886962890625
1.3566752672195435
-0.27701279520988464
1.3561372756958008
-0.27038243412971497
1.3498631715774536
-0.2653452754020691
1.3476256132125854
-0.26928597688674927
1.33814537525177
-0.2581768333911896
1.335236668586731
-0.25263258814811707
1.3350903987884521
-0.2389555275440216
1.3287789821624756
-0.2339862883090973
1.3317126035690308
-0.24206580221652985
1.3251341581344604
-0.2369304597377777
1.3199471235275269
-0.24158591032028198
1.3064044713974
-0.22727735340595245
1.3029282093048096
-0.2297031134366989
1.2967325448989868
-0.2247435450553894
1.294959306716919
-0.22486844658851624
1.2787567377090454
-0.19678248465061188
1.275559425354004
-0.19472023844718933
1.2619493007659912
-0.18174220621585846
1.2598731517791748
-0.18564945459365845
1.2486220598220825
-0.16099077463150024
1.2427579164505005
-0.15724678337574005
1.2344787120819092
-0.12932127714157104
1.2287085056304932
-0.12578709423542023
1.222459077835083
-0.135670468211174
1.2198594808578491
-0.11675877869129181
1.2082971334457397
-0.12404602766036987
1.190999150276184
-0.11699314415454865
1.1856664419174194
-0.11853304505348206
1.1815015077590942
-0.11769362539052963
1.1651511192321777
-0.10215015709400177
1.1602611541748047
-0.09930970519781113
1.1552900075912476
-0.09641171991825104
1.1580185890197754
-0.09393946826457977
1.1493884325027466
-0.08753417432308197
1.1488879919052124
-0.08081910759210587
1.1436110734939575
-0.0807877629995346
1.1515730619430542
-0.062125314027071
1.1420480012893677
-0.06476844102144241
1.1475095748901367
-0.05204286798834801
1.1305170059204102
-0.06909005343914032
1.1263729333877563
-0.06342703849077225
1.1211928129196167
-0.06612315028905869
1.115639090538025
-0.06325627118349075
1.1122111082077026
-0.0641639307141304
1.1065939664840698
-0.06128745526075363
1.1098241806030273
-0.056791845709085464
1.1038460731506348
-0.05407761037349701
1.099321722984314
-0.05681918188929558
1.0972554683685303
-0.05150171369314194
1.0953162908554077
-0.05964916571974754
1.0876234769821167
-0.05996081233024597
1.0817410945892334
-0.056843195110559464
1.0690500736236572
-0.04707204923033714
1.0632706880569458
-0.04531841725111008
1.0576599836349487
-0.04241614416241646
1.0483746528625488
-0.03659062832593918
1.0392398834228516
-0.032855626195669174
1.0355762243270874
-0.03457188978791237
1.0302656888961792
-0.03159380704164505
1.0272003412246704
-0.030536945909261703
1.0230135917663574
-0.029013412073254585
1.0142247676849365
-0.02425270527601242
1.006028652191162
-0.019501257687807083
0.9999942183494568
-0.016186224296689034
0.9872336387634277
-1.0595636013022158e-06
0.975010335445404
0.014103196561336517
0.9678182005882263
0.02114618383347988
0.963100790977478
0.022091228514909744
0.9588729739189148
0.02528483234345913
0.9543927907943726
0.027846012264490128
0.9509783387184143
0.029831314459443092
0.9485624432563782
0.032640207558870316
0.946269690990448
0.025261668488383293
0.943878710269928
0.02180841937661171
0.9400908946990967
0.034562792629003525
0.9345217943191528
0.038525328040122986
0.9306473135948181
0.041764888912439346
0.9297309517860413
0.03596120327711105
0.9247484803199768
0.03893084451556206
0.923007071018219
0.045523256063461304
0.9211615920066833
0.03984912857413292
0.9176252484321594
0.05113498494029045
0.9129852652549744
0.05410104617476463
0.9078279137611389
0.05712561681866646
0.9019762873649597
0.05967485159635544
0.8995702862739563
0.06258988380432129
0.8944047689437866
0.06578335165977478
0.8926247954368591
0.06453826278448105
0.8872787356376648
0.06777851283550262
0.8860906362533569
0.06646960228681564
0.8807204365730286
0.06977290660142899
0.8773305416107178
0.0715358629822731
0.8782745003700256
0.09385184198617935
0.865106999874115
0.09203170239925385
0.8607105612754822
0.08666989952325821
0.8495537042617798
0.0931902527809143
0.8484012484550476
0.09123403578996658
0.838693380355835
0.10003752261400223
0.8339588046073914
0.10336580127477646
0.8229217529296875
0.11134916543960571
0.8198888301849365
0.10821155458688736
0.8125383853912354
0.11643917858600616
0.8093913197517395
0.11453215777873993
0.800404965877533
0.12462025880813599
0.7966651320457458
0.12758579850196838
0.7912759184837341
0.12637725472450256
0.7868577241897583
0.12982238829135895
0.7820290327072144
0.12941910326480865
0.7792447209358215
0.13068166375160217
0.7730230093002319
0.13300399482250214
0.7686616778373718
0.13818266987800598
0.7641795873641968
0.14163365960121155
0.758288562297821
0.152382031083107
0.7510994076728821
0.16993144154548645
0.7469926476478577
0.17332059144973755
0.7413573861122131
0.1782795488834381
0.7353055477142334
0.1851811558008194
0.7254506945610046
0.19342036545276642
0.7213481068611145
0.1963542252779007
0.7142605185508728
0.2049509882926941
0.7107650637626648
0.2083922177553177
0.7060396671295166
0.2127922624349594
0.7056818604469299
0.21319226920604706
0.6985538005828857
0.21046051383018494
0.6943353414535522
0.21219848096370697
0.6849198937416077
0.21769867837429047
0.6807882189750671
0.2204466611146927
0.6690581440925598
0.2232181280851364
0.6650894284248352
0.22571401298046112
0.6614872217178345
0.23068806529045105
0.6580817699432373
0.2347884476184845
0.6566864252090454
0.24265770614147186
0.6517690420150757
0.2446298897266388
0.6455552577972412
0.2453700751066208
0.6429832577705383
0.24466636776924133
0.6388297080993652
0.2473980039358139
0.6373565793037415
0.2563088536262512
0.633177638053894
0.25918006896972656
0.6310267448425293
0.25617992877960205
0.6267393231391907
0.25916212797164917
0.6224982142448425
0.26213571429252625
0.6350120306015015
0.25798267126083374
0.6268406510353088
0.2585911750793457
0.6186903119087219
0.2591383159160614
0.6097866296768188
0.26948052644729614
0.6067334413528442
0.26818421483039856
0.6006017327308655
0.27647995948791504
0.5963711142539978
0.2797022759914398
0.5983296632766724
0.2825390696525574
0.5902359485626221
0.2868708074092865
0.5862171649932861
0.2878086268901825
0.5819549560546875
0.2912184000015259
0.5809365510940552
0.2898555397987366
0.5724557638168335
0.2991497218608856
0.5651720762252808
0.312057763338089
0.5522739291191101
0.32199332118034363
0.5510181188583374
0.32476529479026794
0.5486866235733032
0.32805997133255005
0.5419270992279053
0.3319760262966156
0.535510241985321
0.3369656801223755
0.5317853093147278
0.34014642238616943
0.5262536406517029
0.34412682056427
0.5231892466545105
0.33725327253341675
0.5195156931877136
0.35053616762161255
0.5209029912948608
0.3510740399360657
0.5150361061096191
0.3558332622051239
0.5138964056968689
0.3497909605503082
0.5069292783737183
0.3581407368183136
0.5076612830162048
0.3558969497680664
0.5043584704399109
0.35663902759552
0.5004468560218811
0.3601861894130707
0.5031195878982544
0.36809206008911133
0.5009880065917969
0.3661287724971771
0.4981113374233246
0.36701107025146484
0.4979110062122345
0.3624434769153595
0.4933072328567505
0.36472707986831665
0.4909874498844147
0.3739869296550751
0.4868563711643219
0.3778744041919708
0.4829835593700409
0.3752824366092682
0.4784212112426758
0.37825992703437805
0.47381582856178284
0.38324615359306335
0.46607089042663574
0.39497512578964233
0.4634286165237427
0.4056946635246277
0.4591204524040222
0.40729957818984985
0.4501257836818695
0.41332873702049255
0.446470707654953
0.4170023202896118
0.439803808927536
0.42046594619750977
0.43556803464889526
0.43595871329307556
0.42937588691711426
0.43554046750068665
0.42785394191741943
0.4351285398006439
0.4244041442871094
0.43889403343200684
0.4173090159893036
0.4483237564563751
0.4081170856952667
0.4667340815067291
0.405070036649704
0.4701460599899292
0.39977896213531494
0.46951138973236084
0.39069899916648865
0.4784444272518158
0.38781824707984924
0.4817444980144501
0.37906524538993835
0.48123404383659363
0.370400995016098
0.4891807734966278
0.36789873242378235
0.4998779594898224
0.36525124311447144
0.5030484795570374
0.36006659269332886
0.5075345039367676
0.3590950071811676
0.5149565935134888
0.3569817841053009
0.5199286937713623
0.3518427312374115
0.5185458660125732
0.3529796898365021
0.5304696559906006
0.3503910303115845
0.5336982011795044
0.35195231437683105
0.5384711623191833
0.34971311688423157
0.533819317817688
0.3466384708881378
0.533391535282135
0.34790894389152527
0.5267463326454163
0.3486701548099518
0.5387523770332336
0.34117910265922546
0.5401128530502319
0.33619803190231323
0.5426998138427734
0.3336958885192871
0.5438055396080017
0.3310905694961548
0.5472643971443176
0.32838770747184753
0.5571225881576538
0.32787322998046875
0.5669658780097961
0.32682010531425476
0.5750486850738525
0.3243318200111389
0.5787063837051392
0.3179195821285248
0.5760139226913452
0.31564661860466003
0.5798117518424988
0.3134259581565857
0.5843887329101562
0.30981558561325073
0.5888085961341858
0.3068881630897522
0.5933557748794556
0.3000856339931488
0.6022147536277771
0.29816555976867676
0.6061628460884094
0.2969139814376831
0.6058515906333923
0.2876826226711273
0.6110214591026306
0.28146257996559143
0.61119145154953
0.2791120111942291
0.6214257478713989
0.2823807895183563
0.6220320463180542
0.2813587188720703
0.6246475577354431
0.2799350619316101
0.6292631030082703
0.2801971137523651
0.6321107745170593
0.27077728509902954
0.6337276697158813
0.2670170068740845
0.6345458030700684
0.26418083906173706
0.6360564231872559
0.2642543911933899
0.634482741355896
0.268653929233551
0.6432054042816162
0.27101385593414307
0.6476091742515564
0.27038246393203735
0.6520488858222961
0.2645648717880249
0.6523497104644775
0.2595241367816925
0.6556078195571899
0.25830894708633423
0.6536866426467896
0.2581166625022888
0.6699851155281067
0.2601736783981323
0.6755425930023193
0.2548025846481323
0.6745561361312866
0.25599437952041626
0.6712401509284973
0.25125664472579956
0.6770442128181458
0.24823293089866638
0.6837230324745178
0.24797850847244263
0.6896415948867798
0.24579860270023346
0.6956860423088074
0.2391618937253952
0.7152305245399475
0.23845930397510529
0.7297117114067078
0.2318260371685028
0.7261025309562683
0.23391637206077576
0.7429420948028564
0.23537524044513702
0.7576965093612671
0.23593896627426147
0.763705849647522
0.23608824610710144
0.7766140103340149
0.23640500009059906
0.784381628036499
0.23771406710147858
0.7968672513961792
0.23200207948684692
0.797355055809021
0.23488783836364746
0.8045380115509033
0.24238917231559753
0.8118568658828735
0.24619407951831818
0.8187179565429688
0.250804603099823
0.8240933418273926
0.25221747159957886
0.8399463891983032
0.25409355759620667
0.8423483371734619
0.25467628240585327
0.852490246295929
0.258020281791687
0.8553828001022339
0.2617300748825073
0.8597293496131897
0.26523369550704956
0.8643828630447388
0.2722019553184509
0.8640747666358948
0.27671629190444946
0.8881213665008545
0.2838948965072632
0.8978642225265503
0.2886890172958374
0.9106714129447937
0.2938564419746399
0.9172266721725464
0.2977425754070282
0.9259461164474487
0.3014061152935028
0.9286516904830933
0.3099029064178467
0.931955873966217
0.31332656741142273
0.938941240310669
0.31896480917930603
0.9424945116043091
0.3243982195854187
0.9489893913269043
0.3302614092826843
0.9518271088600159
0.3427758812904358
0.9690579771995544
0.34937649965286255
0.9863855838775635
0.3566046357154846
0.9850991368293762
0.36352992057800293
0.9877190589904785
0.369176983833313
0.9937227368354797
0.3814835250377655
1.0176646709442139
0.38752782344818115
1.0292775630950928
0.3860970735549927
1.026012897491455
0.3941026031970978
1.0243027210235596
0.4069281220436096
1.0354278087615967
0.4142683148384094
1.0512710809707642
0.4180307984352112
1.057145357131958
0.42655104398727417
1.0678534507751465
0.4267132878303528
1.0651583671569824
0.43273043632507324
1.070890188217163
0.43393397331237793
1.0692311525344849
0.43952804803848267
1.0576251745224
0.44057273864746094
1.0637098550796509
0.4470662772655487
1.0697137117385864
0.46197250485420227
1.0943255424499512
0.46820542216300964
1.09988272190094
0.4657948613166809
1.0876667499542236
0.4719375669956207
1.0913050174713135
0.47581374645233154
1.0884712934494019
0.4862993061542511
1.0991098880767822
0.48793694376945496
1.1056987047195435
0.5010226368904114
1.1171681880950928
0.5126139521598816
1.1241320371627808
0.5221934914588928
1.1316115856170654
0.5227478742599487
1.1284948587417603
0.5382779240608215
1.1423460245132446
0.5506235361099243
1.1535664796829224
0.5495840311050415
1.1571929454803467
0.557558000087738
1.1623852252960205
0.565524160861969
1.167460322380066
0.5513463020324707
1.1634325981140137
0.5699218511581421
1.1688029766082764
0.5802892446517944
1.1729220151901245
0.5923963189125061
1.1775097846984863
0.597118079662323
1.1838628053665161
0.6169931292533875
1.196189522743225
0.6149014830589294
1.2120369672775269
0.6181856393814087
1.209290623664856
0.627609133720398
1.203595519065857
0.6371766924858093
1.2076573371887207
0.6434807777404785
1.206434965133667
0.6525864601135254
1.1987091302871704
0.6585551500320435
1.2041888236999512
0.6746932864189148
1.2171226739883423
0.6750222444534302
1.2156034708023071
0.6957335472106934
1.2285186052322388
0.7056195735931396
1.2314997911453247
0.691967248916626
1.2462047338485718
0.7196518778800964
1.2442797422409058
0.7224143743515015
1.236525297164917
0.7331581711769104
1.2393832206726074
0.7539793252944946
1.2455216646194458
0.7671992778778076
1.2625770568847656
0.7639471888542175
1.2491767406463623
0.7604743838310242
1.241499662399292
0.7717445492744446
1.2445687055587769
0.7861894369125366
1.2435357570648193
0.8118792176246643
1.253546953201294
0.817123293876648
1.258633017539978
0.8164447546005249
1.2549976110458374
0.8299200534820557
1.2529091835021973
0.8450236320495605
1.2541435956954956
0.856041431427002
1.2659715414047241
0.8672453761100769
1.2634577751159668
0.8778472542762756
1.2712455987930298
0.8885681629180908
1.272933840751648
0.8992502093315125
1.2745287418365479
0.9096373319625854
1.2745925188064575
0.9401866793632507
1.280404806137085
0.9294435977935791
1.2928546667099
0.9547774791717529
1.3053416013717651
0.9739639759063721
1.2961770296096802
0.9651972651481628
1.2875441312789917
0.9778818488121033
1.280928611755371
0.9884209036827087
1.2807296514511108
1.0058472156524658
1.280219316482544
0.9998654127120972
1.2789440155029297
1.020399570465088
1.2996234893798828
1.0307554006576538
1.299027442932129
1.0389760732650757
1.2920255661010742
1.0484249591827393
1.2952524423599243
1.0565448999404907
1.304772138595581
1.0660080909729004
1.3102216720581055
1.0835257768630981
1.295250654220581
1.0950639247894287
1.2866997718811035
1.1078115701675415
1.280778169631958
1.1095366477966309
1.2827706336975098
1.1192530393600464
1.271299958229065
1.1293901205062866
1.2706515789031982
1.1450448036193848
1.268944263458252
1.1644587516784668
1.2663965225219727
1.1837868690490723
1.2627099752426147
1.1981990337371826
1.2574836015701294
1.1982567310333252
1.2526695728302002
1.2065337896347046
1.2495744228363037
1.2115211486816406
1.2470719814300537
1.2223517894744873
1.2440197467803955
1.231274127960205
1.243705153465271
1.2400397062301636
1.243656873703003
1.2519917488098145
1.2454320192337036
1.259955883026123
1.2451328039169312
1.2873587608337402
1.2461591958999634
1.2950068712234497
1.2457658052444458
1.3098775148391724
1.2473886013031006
1.3194421529769897
1.2488151788711548
1.3111522197723389
1.259437918663025
1.3317687511444092
1.2528308629989624
1.3391057252883911
1.2520244121551514
1.3522433042526245
1.2481377124786377
1.3595352172851562
1.2470966577529907
1.3491692543029785
1.2449791431427002
1.3670300245285034
1.2452105283737183
1.3628005981445312
1.243486762046814
1.3821145296096802
1.2432067394256592
1.3744083642959595
1.242434024810791
1.3802921772003174
1.2413475513458252
1.3839341402053833
1.2397547960281372
1.3829517364501953
1.2468032836914062
1.39197838306427
1.2426759004592896
1.4002764225006104
1.23951256275177
1.4083970785140991
1.2363163232803345
1.389417052268982
1.2436325550079346
1.4344305992126465
1.238587737083435
1.44389808177948
1.2341985702514648
1.458911418914795
1.231117606163025
1.469933032989502
1.2277389764785767
1.4553020000457764
1.2313467264175415
1.4565743207931519
1.2258230447769165
1.454504370689392
1.2259407043457031
1.4622507095336914
1.221170425415039
1.4695539474487305
1.216581106185913
1.4635193347930908
1.2213717699050903
1.478943109512329
1.2105315923690796
1.507261037826538
1.205559253692627
1.5135170221328735
1.2012169361114502
1.5198863744735718
1.1967015266418457
1.5249640941619873
1.2017371654510498
1.5389328002929688
1.1843483448028564
1.538596749305725
1.178412914276123
1.563193678855896
1.170093297958374
1.5684374570846558
1.1656793355941772
1.5902775526046753
1.1574739217758179
1.5949516296386719
1.1531767845153809
1.580106258392334
1.1512378454208374
1.5764726400375366
1.1472066640853882
1.602982997894287
1.1391521692276
1.592941164970398
1.1368988752365112
1.5979477167129517
1.1319947242736816
1.60273277759552
1.1271840333938599
1.6127139329910278
1.1306753158569336
1.6176490783691406
1.1170928478240967
1.5951019525527954
1.106150507926941
1.5853700637817383
1.0981289148330688
1.6281702518463135
1.092907190322876
1.651855707168579
1.0862618684768677
1.6663187742233276
1.0804697275161743
1.675829529762268
1.0729578733444214
1.6542041301727295
1.0778703689575195
1.6583389043807983
1.0734578371047974
1.689743161201477
1.0595853328704834
1.6996909379959106
1.050398826599121
1.6795318126678467
1.0498608350753784
1.6832383871078491
1.0459529161453247
1.6981812715530396
1.03818678855896
1.701166033744812
1.0349663496017456
1.7043428421020508
1.0313881635665894
1.691738486289978
1.0355020761489868
1.7110595703125
1.0269309282302856
1.720269799232483
1.0236096382141113
1.7263842821121216
1.0208735466003418
1.730991244316101
1.0183324813842773
1.7356661558151245
1.0162558555603027
1.7165701389312744
1.0171377658843994
1.7095223665237427
1.0165776014328003
1.730334758758545
1.0113252401351929
1.7185503244400024
1.0112978219985962
1.7143185138702393
1.0109397172927856
1.7360879182815552
1.00564444065094
1.749127745628357
1.0014915466308594
1.73807692527771
1.0014384984970093
1.7568610906600952
0.9946897625923157
1.7590768337249756
0.9903642535209656
1.7613290548324585
0.9856653213500977
1.744652271270752
0.995863139629364
1.766224980354309
0.9860357642173767
1.7520709037780762
0.9840363264083862
1.753758430480957
1.0121368169784546
1.7582106590270996
0.9845008254051208
1.7540857791900635
0.9774461984634399
1.775450587272644
0.9655176401138306
1.7767866849899292
0.9595602750778198
1.7661362886428833
0.9789360165596008
1.7857050895690918
0.9604077339172363
1.7866374254226685
0.9539172649383545
1.773159384727478
0.9492579102516174
1.7919056415557861
0.9417797923088074
1.8020780086517334
0.9365944862365723
1.798801302909851
0.9332199096679688
1.7835710048675537
0.9275798797607422
1.7833195924758911
0.9199246168136597
1.755273461341858
0.9186310768127441
1.7607241868972778
0.915352463722229
1.764694333076477
0.908839762210846
1.769322156906128
0.9009989500045776
1.7679786682128906
0.9085577130317688
1.7661064863204956
0.9001452922821045
1.792284369468689
0.8775275349617004
1.7777780294418335
0.8808857202529907
1.7968195676803589
0.859271228313446
1.7929915189743042
0.8505280613899231
1.7784571647644043
0.8411819934844971
1.752559781074524
0.8340891003608704
1.7795484066009521
0.8222584128379822
1.7656562328338623
0.8119379281997681
1.7598152160644531
0.8015236854553223
1.7363799810409546
0.792029619216919
1.7416083812713623
0.7857500910758972
1.7394074201583862
0.7813929319381714
1.7387269735336304
0.7739644050598145
1.7373039722442627
0.7677642703056335
1.752745509147644
0.7595636248588562
1.7364916801452637
0.7540565729141235
1.7301510572433472
0.7475375533103943
1.7418767213821411
0.7420008778572083
1.723901629447937
0.7397398352622986
1.713270902633667
0.7370094060897827
1.7016115188598633
0.7317606210708618
1.6898260116577148
0.7212907075881958
1.6837403774261475
0.7155789732933044
1.7138267755508423
0.7163622379302979
1.7112981081008911
0.7119450569152832
1.6869866847991943
0.7062116265296936
1.680555820465088
0.7007211446762085
1.6652319431304932
0.6958131790161133
1.6549735069274902
0.689568042755127
1.65235435962677
0.6831318736076355
1.6224684715270996
0.6754947900772095
1.6175389289855957
0.6705361604690552
1.6198415756225586
0.6594829559326172
1.6102666854858398
0.6522432565689087
1.5976545810699463
0.6429212689399719
1.5838934183120728
0.6345417499542236
1.5781010389328003
0.6265873908996582
1.5864092111587524
0.6184861660003662
1.5755544900894165
0.6153317093849182
1.5538976192474365
0.6147189140319824
1.550205945968628
0.6095757484436035
1.5528531074523926
0.6064655184745789
1.5532009601593018
0.6023164391517639
1.557715892791748
0.5962594747543335
1.5488179922103882
0.5931826829910278
1.544783115386963
0.5891685485839844
1.5412136316299438
0.5834370851516724
1.5430710315704346
0.5828930735588074
1.5381890535354614
0.5791553854942322
1.536756157875061
0.6027065515518188
1.5334343910217285
0.5880552530288696
1.529958963394165
0.581975519657135
1.5425211191177368
0.5722639560699463
1.5388462543487549
0.5658711791038513
1.5283015966415405
0.5604084730148315
1.5328483581542969
0.5538151264190674
1.5122711658477783
0.5539488196372986
1.5243672132492065
0.5468622446060181
1.5056337118148804
0.5422022938728333
1.5025718212127686
0.536162793636322
1.5143965482711792
0.5300211310386658
1.5016183853149414
0.5257611274719238
1.4984822273254395
0.5196482539176941
1.4944894313812256
0.5153312087059021
1.4842796325683594
0.5254871249198914
1.4786877632141113
0.5064074397087097
1.4756783246994019
0.5003844499588013
1.4650570154190063
0.4931791126728058
1.4621343612670898
0.4872744679450989
1.46211838722229
0.477581650018692
1.4611018896102905
0.491556853055954
1.4567630290985107
0.46898531913757324
1.454996109008789
0.45406776666641235
1.4527252912521362
0.4408729374408722
1.449167251586914
0.43188658356666565
1.4452022314071655
0.4231772720813751
1.4393690824508667
0.41791173815727234
1.4357224702835083
0.40969324111938477
1.4330228567123413
0.40425410866737366
1.428923487663269
0.39600032567977905
1.4357224702835083
0.39137330651283264
1.4379135370254517
0.38620713353157043
1.427314281463623
0.3816620707511902
1.4205435514450073
0.37751930952072144
1.4257384538650513
0.37253791093826294
1.4146398305892944
0.36714550852775574
1.40721595287323
0.3818645179271698
1.402092695236206
0.3768599033355713
1.3968771696090698
0.3634812533855438
1.3933757543563843
0.35522744059562683
1.388128399848938
0.3505246639251709
1.3980032205581665
0.3433094024658203
1.3910813331604004
0.34362533688545227
1.385018229484558
0.3511497378349304
1.3793280124664307
0.3464086353778839
1.3755394220352173
0.35880595445632935
1.3697595596313477
0.3539487421512604
1.3681632280349731
0.3417776823043823
1.3620307445526123
0.33329299092292786
1.356654405593872
0.32432621717453003
1.3527168035507202
0.31992307305336
1.348647117614746
0.32505524158477783
1.3430119752883911
0.32020947337150574
1.336772084236145
0.31262731552124023
1.3317784070968628
0.305795818567276
1.3256503343582153
0.2959912121295929
1.313456654548645
0.29045554995536804
1.3001906871795654
0.29574480652809143
1.2953213453292847
0.2912549078464508
1.2870333194732666
0.2945824861526489
1.279463291168213
0.27685368061065674
1.2747739553451538
0.272459477186203
1.2729822397232056
0.26249247789382935
1.2657005786895752
0.2545248866081238
1.2610152959823608
0.2502560019493103
1.2465627193450928
0.24898245930671692
1.2423399686813354
0.24475425481796265
1.2398263216018677
0.23678070306777954
1.2338014841079712
0.23093664646148682
1.2294007539749146
0.22673837840557098
1.2266849279403687
0.22218918800354004
1.221075415611267
0.216622456908226
1.2120347023010254
0.2223120629787445
1.2089461088180542
0.22793324291706085
1.2050431966781616
0.21390897035598755
1.2007554769515991
0.20960268378257751
1.2004693746566772
0.20015287399291992
1.1956924200057983
0.19674214720726013
1.1924797296524048
0.19286984205245972
1.1899148225784302
0.18937452137470245
1.1855040788650513
0.18487659096717834
1.1835238933563232
0.18220610916614532
1.1728931665420532
0.18534277379512787
1.1631042957305908
0.19120068848133087
1.1691012382507324
0.1747736930847168
1.1681946516036987
0.17077329754829407
1.1639373302459717
0.1673932820558548
1.1598762273788452
0.1645624041557312
1.1554003953933716
0.1567971408367157
1.1506093740463257
0.1523657590150833
1.1490613222122192
0.14771708846092224
1.1429767608642578
0.14254091680049896
1.135880708694458
0.15090832114219666
1.1321449279785156
0.14127406477928162
1.1227457523345947
0.12553733587265015
1.1159342527389526
0.11799228936433792
1.1000640392303467
0.12367657572031021
1.0957103967666626
0.11965086311101913
1.0965352058410645
0.10828094929456711
1.0894317626953125
0.11160406470298767
1.0849146842956543
0.10753127932548523
1.0815353393554688
0.09887436032295227
1.0744637250900269
0.10462645441293716
1.0689910650253296
0.09069360792636871
1.0641106367111206
0.09570275247097015
1.0549488067626953
0.08983106911182404
1.0521130561828613
0.0780114009976387
1.0471903085708618
0.08127344399690628
1.042192816734314
0.06680165976285934
1.0374656915664673
0.06326781213283539
1.0340441465377808
0.056192636489868164
1.032720923423767
0.04987408220767975
1.0262110233306885
0.0562329925596714
1.0255053043365479
0.04678314924240112
1.0182390213012695
0.05062831938266754
1.0178416967391968
0.04277942702174187
1.0124847888946533
0.039496369659900665
1.0112932920455933
0.034256208688020706
1.0118695497512817
0.043802328407764435
1.0070621967315674
0.047262147068977356
1.003683090209961
0.04861399903893471
1.003156304359436
0.03294949606060982
1.003156304359436
0.03294949606060982
1.0025899410247803
0.02760804072022438
0.9961934685707092
0.03284832835197449
0.9922031760215759
0.03568857163190842
0.9883205890655518
0.035262301564216614
0.9964853525161743
0.05131731554865837
0.9890388250350952
0.04362388327717781
0.9842382073402405
0.03923889994621277
0.984058141708374
0.04037187993526459
0.980320394039154
0.041559915989637375
0.983608067035675
0.029159126803278923
0.983608067035675
0.029159126803278923
0.9834395051002502
0.020813142880797386
0.9831291437149048
0.018511416390538216
0.9827334880828857
0.015383915044367313
0.9827334880828857
0.015383915044367313
0.9825356602668762
0.013820163905620575
0.9825356602668762
0.013820163905620575
0.9816720485687256
0.012844175100326538
0.9796591401100159
0.013812856748700142
0.9796589016914368
0.014030921272933483
0.9796587228775024
0.014139953069388866
0.9796586632728577
0.014194468967616558
0.9796586632728577
0.014221726916730404
0.9786524176597595
0.014501632191240788
0.9795072674751282
0.015254153870046139
0.9795829653739929
0.014751569367945194
0.9795829653739929
0.014751569367945194
0.9801957011222839
0.013309878297150135
0.979927122592926
0.013779431581497192
0.9797928929328918
0.014014208689332008
0.97972571849823
0.014131596311926842
0.9796921610832214
0.014190291054546833
0.9796754121780396
0.014219637960195541
0.9796670079231262
0.014234311878681183
0.9796628355979919
0.014241647906601429
0.97966068983078
0.01424531638622284
0.9796596765518188
0.014247151091694832
0.9796591401100159
0.014248068444430828
0.9796589016914368
0.014248526655137539
0.9796587228775024
0.014248755760490894
0.9796587228775024
0.014248755760490894
0.9802336096763611
0.013058471493422985
0.980521023273468
0.01246332935988903
0.9806647300720215
0.012165757827460766
0.9801976084709167
0.013132979162037373
0.9805030226707458
0.012500583194196224
0.9804325699806213
0.014253629371523857
0.9803973436355591
0.015130152925848961
0.9803973436355591
0.015130152925848961
