1.2048050165176392
-0.07020733505487442
1.2014861106872559
-0.05103827267885208
1.1968464851379395
-0.05670306459069252
1.2012385129928589
-0.052964407950639725
1.1960960626602173
-0.05911373347043991
1.1909624338150024
-0.06513771414756775
1.2175641059875488
-0.028493758291006088
1.215549349784851
-0.029241010546684265
1.2160470485687256
-0.027949484065175056
1.2098665237426758
-0.035228390246629715
1.2036008834838867
-0.04240962490439415
1.2170006036758423
-0.026462439447641373
1.2039583921432495
-0.06814295798540115
1.2001283168792725
-0.06167882680892944
1.2001045942306519
-0.07324235141277313
1.1967685222625732
-0.08794402331113815
1.1897587776184082
-0.0954224020242691
1.1825549602508545
-0.10288825631141663
1.2031525373458862
-0.08088428527116776
1.2013428211212158
-0.09989539533853531
1.1888370513916016
-0.11168036609888077
1.1794244050979614
-0.11693032085895538
1.1815780401229858
-0.09168937802314758
1.1714086532592773
-0.09872336685657501
1.1616528034210205
-0.1053738072514534
1.188707947731018
-0.08666340261697769
1.1685644388198853
-0.1069703921675682
1.1397240161895752
-0.11990547180175781
1.1293814182281494
-0.12483269721269608
1.1196119785308838
-0.15240490436553955
1.108968734741211
-0.15671074390411377
1.112043857574463
-0.13736595213413239
1.1005388498306274
-0.14141173660755157
1.0918476581573486
-0.1521272212266922
1.0808073282241821
-0.15494677424430847
1.0667918920516968
-0.15551789104938507
1.073527216911316
-0.14499834179878235
1.0563019514083862
-0.1715860813856125
1.0256553888320923
-0.16179876029491425
1.0160284042358398
-0.16336144506931305
1.0064362287521362
-0.1651010811328888
1.0260776281356812
-0.17492057383060455
1.004744291305542
-0.15683996677398682
0.994734525680542
-0.15895380079746246
0.9706981182098389
-0.16611485183238983
0.9621230959892273
-0.16807179152965546
0.9529239535331726
-0.17031943798065186
0.9540697336196899
-0.17455239593982697
0.9213476777076721
-0.1644112765789032
0.909103274345398
-0.16945013403892517
0.9035987257957458
-0.1869061440229416
0.8960989713668823
-0.1907401978969574
0.8879181146621704
-0.19407956302165985
0.8845922946929932
-0.19643782079219818
0.8729939460754395
-0.18034330010414124
0.870297372341156
-0.18751586973667145
0.8620311617851257
-0.19464077055454254
0.8628804087638855
-0.18188148736953735
0.8545213937759399
-0.18723559379577637
0.8465602397918701
-0.19245710968971252
0.8422624468803406
-0.19297626614570618
0.8308939337730408
-0.19014635682106018
0.8214578628540039
-0.20583978295326233
0.8221428990364075
-0.19246193766593933
0.8126880526542664
-0.2136896550655365
0.8084189295768738
-0.20325884222984314
0.8009041547775269
-0.20960107445716858
0.7966667413711548
-0.21407195925712585
0.7837878465652466
-0.23584674298763275
0.7769848704338074
-0.24211479723453522
0.7681685090065002
-0.24544408917427063
0.7616966366767883
-0.24042870104312897
0.7555413246154785
-0.23635663092136383
0.7505825161933899
-0.2523004412651062
0.7394938468933105
-0.2477479875087738
0.7327340245246887
-0.25020310282707214
0.7263873815536499
-0.2570829689502716
0.7201330661773682
-0.2639758586883545
0.7183632850646973
-0.2769761383533478
0.7027401924133301
-0.2888433635234833
0.6935114860534668
-0.2911982834339142
0.6801464557647705
-0.30479228496551514
0.671194851398468
-0.32538458704948425
0.6647939085960388
-0.3372023403644562
0.6612440347671509
-0.3324957489967346
0.6524559855461121
-0.3468495011329651
0.6426699161529541
-0.34863996505737305
0.634802520275116
-0.3648517429828644
0.6300005316734314
-0.371520072221756
0.6173112988471985
-0.3718678951263428
0.608138918876648
-0.38545405864715576
0.6146896481513977
-0.38226717710494995
0.6065543293952942
-0.3938467502593994
0.5929974913597107
-0.4136829078197479
0.5832314491271973
-0.41552311182022095
0.5864328742027283
-0.41223278641700745
0.582123875617981
-0.4190758168697357
0.5779188275337219
-0.4260110855102539
0.5873264670372009
-0.41084498167037964
0.5810624361038208
-0.4186578094959259
0.5770458579063416
-0.4267059862613678
0.5726673603057861
-0.43372371792793274
0.5742037892341614
-0.4379825294017792
0.5691347122192383
-0.43941301107406616
0.562390923500061
-0.43976274132728577
0.5710457563400269
-0.4380077123641968
0.5701549649238586
-0.4352012574672699
0.5656502842903137
-0.44270843267440796
0.5611968636512756
-0.44979327917099
0.5559296011924744
-0.4600073993206024
0.548970103263855
-0.4671768844127655
0.544938325881958
-0.47453826665878296
0.5423585176467896
-0.47785425186157227
0.5386355519294739
-0.48554661870002747
0.5332019925117493
-0.4874190092086792
0.5298095941543579
-0.4898540675640106
0.5210213661193848
-0.5014510154724121
0.5180577635765076
-0.513848066329956
0.5128426551818848
-0.5180032849311829
0.5099138617515564
-0.5261910557746887
0.5029080510139465
-0.5342177152633667
0.5004478693008423
-0.5428159236907959
0.4922671318054199
-0.552585780620575
0.49051153659820557
-0.5616539120674133
0.47679802775382996
-0.582854151725769
0.465401828289032
-0.5901389718055725
0.4645129442214966
-0.5999148488044739
0.4614693820476532
-0.6134248971939087
0.46118345856666565
-0.6235264539718628
0.4611782133579254
-0.6340301632881165
0.4619658887386322
-0.604546308517456
0.45250430703163147
-0.6357229948043823
0.45429229736328125
-0.6541619896888733
0.4526612460613251
-0.676292359828949
0.45433303713798523
-0.6883707642555237
0.45070818066596985
-0.7118741273880005
0.448748379945755
-0.7236198782920837
0.4574308395385742
-0.7280449271202087
0.45915865898132324
-0.741482138633728
0.4645236134529114
-0.7535445094108582
0.4546704590320587
-0.7664849758148193
0.46093297004699707
-0.7787346243858337
0.4675929546356201
-0.7910588979721069
0.47475218772888184
-0.7984195351600647
0.4832668602466583
-0.8124381899833679
0.4833644926548004
-0.8266345262527466
0.49318984150886536
-0.837886393070221
0.5000590682029724
-0.8449382185935974
0.5081396698951721
-0.8569040894508362
0.509326159954071
-0.8675271272659302
0.5111523866653442
-0.879193127155304
0.527926504611969
-0.8825572729110718
0.5373934507369995
-0.8944633603096008
0.5394077897071838
-0.8949199318885803
0.5497112274169922
-0.9070324897766113
0.5637069940567017
-0.9212243556976318
0.5593346953392029
-0.944945752620697
0.5724627375602722
-0.9463182091712952
0.5839967131614685
-0.9570422172546387
0.592528223991394
-0.9690443277359009
0.5978334546089172
-0.9874693155288696
0.6096438765525818
-0.9991322159767151
0.6190990805625916
-1.0162341594696045
0.6309629678726196
-1.0299550294876099
0.6418982148170471
-1.0487539768218994
0.6456210613250732
-1.0576516389846802
0.6623508930206299
-1.0783441066741943
0.6753882765769958
-1.0891516208648682
0.6888439059257507
-1.0998096466064453
0.6725909113883972
-1.092827320098877
0.7028772234916687
-1.1231672763824463
0.7058784365653992
-1.1427162885665894
0.731955349445343
-1.1524566411972046
0.7542080879211426
-1.1486577987670898
0.7637402415275574
-1.158726692199707
0.781368613243103
-1.164496898651123
0.7959175109863281
-1.1643519401550293
0.7907335162162781
-1.191498875617981
0.8125012516975403
-1.1887694597244263
0.8307135105133057
-1.1929268836975098
0.8634713292121887
-1.1896215677261353
0.8645403385162354
-1.1952980756759644
0.8831289410591125
-1.1975462436676025
0.9013999104499817
-1.1998473405838013
0.9090874195098877
-1.221669316291809
0.9431070685386658
-1.2030727863311768
0.9562762975692749
-1.2178059816360474
0.985496997833252
-1.2405493259429932
0.9944987297058105
-1.222937822341919
1.016933798789978
-1.2327455282211304
1.0340014696121216
-1.2358176708221436
1.0502456426620483
-1.2259589433670044
1.0875837802886963
-1.2164595127105713
1.1039618253707886
-1.219262719154358
1.1203365325927734
-1.2219487428665161
1.1268303394317627
-1.2176510095596313
1.1443078517913818
-1.235391616821289
1.1606446504592896
-1.238593578338623
1.1699703931808472
-1.2377102375030518
1.1912039518356323
-1.2469797134399414
1.2160561084747314
-1.2986081838607788
1.1958260536193848
-1.2967610359191895
1.2339807748794556
-1.2668814659118652
1.2411587238311768
-1.2669386863708496
1.2493406534194946
-1.2686424255371094
1.2646924257278442
-1.2732990980148315
1.2799220085144043
-1.2807426452636719
1.2953593730926514
-1.2847830057144165
1.3108993768692017
-1.2884222269058228
1.3177015781402588
-1.2943849563598633
1.3297245502471924
-1.300715684890747
1.3378597497940063
-1.3299287557601929
1.3715031147003174
-1.310551404953003
1.3697651624679565
-1.3127164840698242
1.386056661605835
-1.3138211965560913
1.3708473443984985
-1.329308271408081
1.3810259103775024
-1.3358898162841797
1.392033576965332
-1.3363014459609985
1.4439467191696167
-1.3186206817626953
1.4766387939453125
-1.3117163181304932
1.4519891738891602
-1.3313798904418945
1.47169029712677
-1.3282673358917236
1.4853085279464722
-1.325889229774475
1.4782570600509644
-1.3329126834869385
1.518459439277649
-1.3569440841674805
1.5345194339752197
-1.3664767742156982
1.5869004726409912
-1.317821979522705
1.5999172925949097
-1.3126626014709473
1.601954698562622
-1.30943763256073
1.6338270902633667
-1.2881605625152588
1.6456482410430908
-1.2820382118225098
1.6093506813049316
-1.3008551597595215
1.623835563659668
-1.2929433584213257
1.6362041234970093
-1.2860081195831299
1.6386016607284546
-1.3229928016662598
1.6561899185180664
-1.3193029165267944
1.6679199934005737
-1.3105063438415527
1.6800258159637451
-1.303514003753662
1.7237138748168945
-1.2561743259429932
1.734010934829712
-1.249830722808838
1.7442677021026611
-1.2433313131332397
1.7517483234405518
-1.2320375442504883
1.7634382247924805
-1.225579023361206
1.7606627941131592
-1.2327531576156616
1.764631986618042
-1.228302001953125
1.798553466796875
-1.2043389081954956
1.8069020509719849
-1.1990740299224854
1.7975444793701172
-1.2136586904525757
1.8014590740203857
-1.2167294025421143
1.8373712301254272
-1.1893445253372192
1.8277384042739868
-1.203452229499817
1.8367388248443604
-1.197638988494873
1.839562177658081
-1.2028673887252808
1.847978949546814
-1.1968355178833008
1.886245608329773
-1.1659750938415527
1.8932182788848877
-1.1606383323669434
1.8834712505340576
-1.1760761737823486
1.8907842636108398
-1.1704492568969727
1.8934911489486694
-1.1735460758209229
1.9003775119781494
-1.1678115129470825
1.9069437980651855
-1.162031650543213
1.887242078781128
-1.1784862279891968
1.9417479038238525
-1.1351698637008667
1.945298194885254
-1.1652534008026123
1.9772911071777344
-1.1185382604599
1.9237468242645264
-1.148956537246704
1.9504636526107788
-1.1370375156402588
1.9503767490386963
-1.1250325441360474
1.955590844154358
-1.1190828084945679
1.9299103021621704
-1.1399009227752686
1.950007677078247
-1.1433296203613281
1.9714479446411133
-1.1158299446105957
1.9756511449813843
-1.1096745729446411
1.9562711715698242
-1.1062287092208862
1.9610095024108887
-1.0982666015625
1.9652305841445923
-1.0906388759613037
1.9492928981781006
-1.1074475049972534
1.9528769254684448
-1.0970540046691895
1.9884347915649414
-1.086737036705017
2.002854585647583
-1.0819932222366333
2.006117582321167
-1.0739043951034546
2.0443878173828125
-1.0495933294296265
2.046983242034912
-1.0420103073120117
2.0657882690429688
-1.028892159461975
2.0440001487731934
-1.0539829730987549
2.046186923980713
-1.0445811748504639
1.9828990697860718
-1.0688492059707642
1.9850326776504517
-1.0587135553359985
1.986808180809021
-1.0487556457519531
2.0527026653289795
-1.0182346105575562
2.0846714973449707
-0.9829474687576294
2.08489727973938
-0.9726216197013855
2.08476185798645
-0.9617582559585571
2.0993010997772217
-0.9594660997390747
2.0980780124664307
-0.9382283091545105
2.0967812538146973
-0.9257160425186157
2.0993010997772217
-0.9594660997390747
2.0804970264434814
-0.961793065071106
2.0702803134918213
-0.9456614851951599
2.0676798820495605
-0.9329966306686401
2.0413479804992676
-0.9150856137275696
2.084282875061035
-0.887193500995636
2.079415798187256
-0.8743979930877686
2.0740370750427246
-0.8614338040351868
2.084451913833618
-0.887661337852478
2.084451913833618
-0.887661337852478
2.074721336364746
-0.892329216003418
2.067906141281128
-0.8774804472923279
2.0576295852661133
-0.8525354862213135
2.0548806190490723
-0.8558615446090698
2.0471255779266357
-0.842513382434845
2.0391361713409424
-0.8294801712036133
2.0615341663360596
-0.8680062294006348
2.0615341663360596
-0.8680062294006348
2.0615341663360596
-0.8680062294006348
2.0308878421783447
-0.8538861274719238
2.0285935401916504
-0.8253854513168335
2.031240463256836
-0.8028833270072937
2.0216684341430664
-0.7898988127708435
2.04402756690979
-0.7635968327522278
2.0323071479797363
-0.7508266568183899
1.969342589378357
-0.7835373878479004
1.9596790075302124
-0.7727903723716736
1.949181318283081
-0.7614454627037048
2.024597406387329
-0.743687093257904
2.0094943046569824
-0.7301639914512634
2.000955104827881
-0.7529873251914978
1.9905059337615967
-0.7369371652603149
1.977742075920105
-0.7249817252159119
1.9703823328018188
-0.7170435190200806
1.9704383611679077
-0.687838077545166
1.961184024810791
-0.6599300503730774
1.922865390777588
-0.6953669786453247
1.9017165899276733
-0.6601332426071167
1.8883227109909058
-0.6352329850196838
1.8750720024108887
-0.6271646618843079
1.8679782152175903
-0.6182848215103149
1.8622090816497803
-0.5919157266616821
1.848126769065857
-0.5856121778488159
1.8345685005187988
-0.5793925523757935
1.8643584251403809
-0.5928610563278198
1.8643584251403809
-0.5928610563278198
1.8643584251403809
-0.5928610563278198
1.8643584251403809
-0.5928610563278198
1.8643584251403809
-0.5928610563278198
1.7968915700912476
-0.5526579022407532
1.7686229944229126
-0.5419793128967285
1.7357103824615479
-0.5656987428665161
1.7096607685089111
-0.5670007467269897
1.7155296802520752
-0.5353376269340515
1.7123663425445557
-0.5492379069328308
1.719574213027954
-0.5882652401924133
1.7063547372817993
-0.5812732577323914
1.6943614482879639
-0.5747721195220947
1.7312222719192505
-0.5943256616592407
1.72125244140625
-0.5586738586425781
1.699168086051941
-0.5336750149726868
1.6868993043899536
-0.5264497995376587
1.6975526809692383
-0.5190672278404236
1.684072732925415
-0.5603628754615784
1.683098316192627
-0.5361766219139099
1.6698157787322998
-0.5285731554031372
1.6571714878082275
-0.5212809443473816
1.6799143552780151
-0.52861487865448
1.6653430461883545
-0.5193254947662354
1.6531076431274414
-0.520492434501648
1.6372289657592773
-0.513059139251709
1.6310205459594727
-0.5371243953704834
1.6187993288040161
-0.5278489589691162
1.6024971008300781
-0.496226966381073
1.5836764574050903
-0.4622025489807129
1.576043963432312
-0.45990505814552307
1.5640777349472046
-0.4354487657546997
1.554162621498108
-0.4359414279460907
1.5442363023757935
-0.4267502725124359
1.5331755876541138
-0.3976386785507202
1.523171067237854
-0.38879019021987915
1.5002323389053345
-0.3850913941860199
1.4914233684539795
-0.3773193061351776
1.4812623262405396
-0.382053941488266
1.4720988273620605
-0.3740086853504181
1.4670004844665527
-0.3778093159198761
1.4570393562316895
-0.3697056174278259
1.4472218751907349
-0.36178866028785706
1.4684748649597168
-0.3790159225463867
1.4444527626037598
-0.3189534544944763
1.4239732027053833
-0.3083961009979248
1.4142656326293945
-0.3013018071651459
1.4012972116470337
-0.2565441429615021
1.3917416334152222
-0.24946098029613495
1.3897985219955444
-0.26778361201286316
1.3698973655700684
-0.2681974768638611
1.3735811710357666
-0.26972129940986633
1.3726451396942139
-0.2651170492172241
1.3624262809753418
-0.2578304409980774
1.3624765872955322
-0.2576638162136078
1.3532558679580688
-0.2703283131122589
1.355942726135254
-0.2617822587490082
1.3559149503707886
-0.2301691323518753
1.3452582359313965
-0.22274228930473328
1.3371227979660034
-0.21733704209327698
1.3313589096069336
-0.22804364562034607
1.3207314014434814
-0.22050508856773376
1.2937642335891724
-0.21266159415245056
1.284200668334961
-0.20525215566158295
1.2729730606079102
-0.19235233962535858
1.2633434534072876
-0.1853262186050415
1.2614202499389648
-0.15856897830963135
1.2479772567749023
-0.15057967603206635
1.2473715543746948
-0.12913726270198822
1.2115497589111328
-0.13570374250411987
1.2051115036010742
-0.11823765188455582
1.195759654045105
-0.11268354952335358
1.2108269929885864
-0.09987524896860123
1.1809017658233643
-0.10588359087705612
1.1714861392974854
-0.10091239959001541
1.1440720558166504
-0.09239964932203293
1.1352561712265015
-0.08787506818771362
1.1233054399490356
-0.07807985693216324
1.1189767122268677
-0.08266884833574295
1.1101808547973633
-0.07787428051233292
1.1016424894332886
-0.07311471551656723
1.1258361339569092
-0.08633385598659515
1.1031566858291626
-0.07948452234268188
1.0934128761291504
-0.0744759812951088
1.0860129594802856
-0.035769663751125336
1.077229380607605
-0.031372781842947006
1.0642774105072021
-0.043600793927907944
1.057231068611145
-0.04072381183505058
1.0447603464126587
-0.03624581918120384
1.036156415939331
-0.03178074210882187
1.0360095500946045
-0.027052579447627068
1.0302258729934692
-0.01772671565413475
1.045249104499817
-0.015688542276620865
1.0216140747070312
-0.014979410916566849
1.018403172492981
-0.010567125864326954
1.0067627429962158
-0.0002186298370361328
1.006872534751892
-0.021481996402144432
0.9981714487075806
-0.015904391184449196
0.979547917842865
0.010473497211933136
0.9714111089706421
0.015789447352290154
0.9762439727783203
0.0297195203602314
0.967420220375061
0.03573078662157059
0.9567053318023682
0.020680826157331467
0.9485883116722107
0.027194976806640625
0.9406465291976929
0.0336451455950737
0.9309014678001404
0.044877953827381134
0.9188709259033203
0.04188864678144455
0.9156625866889954
0.08109021186828613
0.9017710089683533
0.0707133412361145
0.8924059271812439
0.0722450390458107
0.8674175143241882
0.08959546685218811
0.8610983490943909
0.09637083858251572
0.8683276772499084
0.12296632677316666
0.8616953492164612
0.1300347000360489
0.85521000623703
0.13697421550750732
0.8725165724754333
0.11849544942378998
0.8620704412460327
0.11294561624526978
0.8446716666221619
0.12110169231891632
0.8390721082687378
0.12716969847679138
0.8322277069091797
0.1343933790922165
0.8257643580436707
0.13683147728443146
0.8249902725219727
0.1444704234600067
0.823639452457428
0.17513276636600494
0.8217350840568542
0.19221951067447662
0.8139575123786926
0.17610952258110046
0.806939959526062
0.18356969952583313
0.7998459935188293
0.18635451793670654
0.7927232384681702
0.19342592358589172
0.7935494184494019
0.17458775639533997
0.7888764142990112
0.18648190796375275
0.7813549637794495
0.19346444308757782
0.773989737033844
0.20040400326251984
0.7951983213424683
0.18069376051425934
0.7716095447540283
0.20683620870113373
0.7575737833976746
0.2208985835313797
0.7345566153526306
0.2421649694442749
0.7097436189651489
0.2623124420642853
0.6953875422477722
0.2652888596057892
0.6892104148864746
0.27125540375709534
0.6915343999862671
0.3024411201477051
0.6853604912757874
0.3085908591747284
0.6740714311599731
0.3204837739467621
0.6702378392219543
0.3176227807998657
0.6645145416259766
0.3243502974510193
0.6503201127052307
0.33165648579597473
0.6421594619750977
0.33737286925315857
0.6368878483772278
0.34368696808815
0.6381205916404724
0.3647884428501129
0.6279444694519043
0.3491004407405853
0.6226310729980469
0.35526615381240845
0.6266539096832275
0.35821619629859924
0.6196364164352417
0.3596356213092804
0.6179717779159546
0.36735042929649353
0.6127990484237671
0.3750375211238861
0.5991176962852478
0.38866978883743286
0.5944498777389526
0.39557018876075745
0.5939103364944458
0.3872418999671936
0.5884643793106079
0.3961547017097473
0.57895827293396
0.3933466076850891
0.57451331615448
0.4004906415939331
0.5750700235366821
0.41387858986854553
0.5706061720848083
0.42165660858154297
0.5580841898918152
0.4187922477722168
0.5476822853088379
0.4267347753047943
0.5486356019973755
0.4395785927772522
0.5450668334960938
0.4476809799671173
0.5417083501815796
0.45575180649757385
0.5491056442260742
0.45376497507095337
0.5289894342422485
0.46950122714042664
0.5331871509552002
0.5077851414680481
0.5310148000717163
0.5166439414024353
0.5255547165870667
0.5277624726295471
0.5231882929801941
0.5283157229423523
0.5217761397361755
0.537583589553833
0.5205127000808716
0.5468733906745911
0.5242068767547607
0.5221440196037292
0.5070300698280334
0.5299683809280396
0.496900737285614
0.5387780666351318
0.4960939288139343
0.5484355092048645
0.5006330013275146
0.560133695602417
0.5027530193328857
0.5854175090789795
0.5104342103004456
0.6058992147445679
0.49872350692749023
0.5867247581481934
0.5001949667930603
0.5887729525566101
0.5008465647697449
0.5992695093154907
0.49523377418518066
0.6022001504898071
0.49627479910850525
0.6104985475540161
0.4969029724597931
0.6209737658500671
0.4977751672267914
0.6316784024238586
0.501762866973877
0.6306979060173035
0.5031819939613342
0.649861752986908
0.5059569478034973
0.6483660340309143
0.5016176700592041
0.6653846502304077
0.5034019947052002
0.6764984130859375
0.5090168714523315
0.6743170022964478
0.49924519658088684
0.6841274499893188
0.501232922077179
0.6954554319381714
0.5011922717094421
0.716836154460907
0.5035052299499512
0.7280681133270264
0.5165462493896484
0.7504814267158508
0.5234904885292053
0.752716064453125
0.5256168246269226
0.7780628800392151
0.5146273970603943
0.7815867066383362
0.5186647176742554
0.7936263680458069
0.5353423953056335
0.8228133320808411
0.539901614189148
0.834322988986969
0.5452010631561279
0.8486118912696838
0.5490925312042236
0.847299337387085
0.5420226454734802
0.8543180823326111
0.5412376523017883
0.8691157698631287
0.5473039746284485
0.8812456130981445
0.5666866302490234
0.9098008275032043
0.5837152004241943
0.9315037727355957
0.5802767276763916
0.9602271318435669
0.5872452855110168
0.9718844294548035
0.5948777794837952
0.9839755296707153
0.5746195912361145
0.9501105546951294
0.5852477550506592
0.9826604127883911
0.6215953230857849
1.0084116458892822
0.6297576427459717
1.013378381729126
0.6392768621444702
1.025122046470642
0.6492301225662231
1.036798357963562
0.6340250372886658
1.0149425268173218
0.6745498776435852
1.0768049955368042
0.6793830990791321
1.0716757774353027
0.6779291033744812
1.0565669536590576
0.6690120100975037
1.0584843158721924
0.6761291027069092
1.0778107643127441
0.6893316507339478
1.0799061059951782
0.6948910355567932
1.0805115699768066
0.7072765827178955
1.0784363746643066
0.7172655463218689
1.082085132598877
0.7288801074028015
1.1063296794891357
0.7215348482131958
1.1075917482376099
0.7418534755706787
1.120293140411377
0.7594255805015564
1.128743052482605
0.7580821514129639
1.1282072067260742
0.7769362330436707
1.1356505155563354
0.7956181764602661
1.1427744626998901
0.7836326360702515
1.1311618089675903
0.8167921304702759
1.1698260307312012
0.8363770842552185
1.1756099462509155
0.8557455539703369
1.181150197982788
0.8742399215698242
1.1713805198669434
0.9318336248397827
1.1815845966339111
0.9610238075256348
1.1828655004501343
0.9784864187240601
1.184431791305542
0.9963133931159973
1.186043381690979
0.9468079805374146
1.1817318201065063
0.9468079805374146
1.1817318201065063
0.9468079805374146
1.1817318201065063
1.0179572105407715
1.182357668876648
1.05587899684906
1.1829713582992554
1.0926660299301147
1.1826467514038086
1.0937235355377197
1.1727651357650757
1.1120378971099854
1.1730173826217651
1.130737066268921
1.1733324527740479
1.108894944190979
1.1766753196716309
1.1447886228561401
1.1769757270812988
1.1611078977584839
1.1770730018615723
1.127170205116272
1.1790450811386108
1.1621431112289429
1.1774812936782837
1.1514463424682617
1.1605392694473267
1.1727951765060425
1.1610385179519653
1.1923729181289673
1.161365270614624
1.1328814029693604
1.1600199937820435
1.1328814029693604
1.1600199937820435
1.170069694519043
1.168387770652771
1.212695598602295
1.1705116033554077
1.2315473556518555
1.171182632446289
1.2234915494918823
1.1700693368911743
1.2588577270507812
1.1742427349090576
1.255337119102478
1.1739349365234375
1.275652527809143
1.1664823293685913
1.3180718421936035
1.1772321462631226
1.3354443311691284
1.180329442024231
1.3534495830535889
1.1830837726593018
1.3134994506835938
1.1759663820266724
1.352892279624939
1.1886100769042969
1.3701765537261963
1.1920504570007324
1.3879560232162476
1.1950677633285522
1.3944379091262817
1.1960201263427734
1.4235397577285767
1.2003916501998901
1.448970913887024
1.2047741413116455
1.4657833576202393
1.2056819200515747
1.4822524785995483
1.2061374187469482
1.4320614337921143
1.203424096107483
1.4901586771011353
1.2089723348617554
1.5200018882751465
1.2072261571884155
1.5351979732513428
1.2058792114257812
1.4901586771011353
1.2089723348617554
1.583194613456726
1.3087612390518188
1.6083300113677979
1.306674838066101
1.6215767860412598
1.3050848245620728
1.5876667499542236
1.2462280988693237
1.6143057346343994
1.2393996715545654
1.6452555656433105
1.2094488143920898
1.6581149101257324
1.204790711402893
1.6708521842956543
1.199907660484314
1.6166119575500488
1.187462568283081
1.6371912956237793
1.1943843364715576
1.6437569856643677
1.1975476741790771
1.657774567604065
1.1912965774536133
1.670770287513733
1.1852495670318604
1.6600983142852783
1.2315483093261719
1.6745845079421997
1.225223422050476
1.7137755155563354
1.1873105764389038
1.7249573469161987
1.1817840337753296
1.742622971534729
1.1643847227096558
1.7534409761428833
1.158507227897644
1.763831615447998
1.15259850025177
1.6840593814849854
1.177433729171753
1.731669545173645
1.148386836051941
1.7417657375335693
1.1416726112365723
1.7889115810394287
1.1282130479812622
1.8171947002410889
1.1162002086639404
1.825151801109314
1.1109137535095215
1.807353138923645
1.1223589181900024
1.807353138923645
1.1223589181900024
1.807353138923645
1.1223589181900024
1.807353138923645
1.1223589181900024
1.807353138923645
1.1223589181900024
1.8638899326324463
1.0841926336288452
1.8296005725860596
1.0645220279693604
1.8447953462600708
1.0732406377792358
1.8523178100585938
1.0670108795166016
1.8594166040420532
1.0608344078063965
1.8440816402435303
1.0738164186477661
1.8864891529083252
1.059862494468689
1.8441215753555298
1.05046546459198
1.8938472270965576
1.0461540222167969
1.8989506959915161
1.0415878295898438
1.9046785831451416
1.0362141132354736
1.888671636581421
1.0504992008209229
1.9085357189178467
1.0485433340072632
1.9186369180679321
1.0396740436553955
1.9237761497497559
1.034735083580017
1.9085357189178467
1.0485433340072632
1.9085357189178467
1.0485433340072632
1.9085357189178467
1.0485433340072632
1.9085357189178467
1.0485433340072632
1.859586238861084
1.0442155599594116
1.8659812211990356
1.03860342502594
1.9198497533798218
1.0338581800460815
1.9234249591827393
1.0301103591918945
1.9074805974960327
1.0338354110717773
1.9123570919036865
1.0283516645431519
1.9422590732574463
1.0226786136627197
1.9453189373016357
1.0190142393112183
1.925478458404541
1.022420883178711
1.956881046295166
1.013566017150879
1.9598432779312134
1.00959050655365
1.9077208042144775
1.006790280342102
1.9122357368469238
1.0005320310592651
1.96741783618927
0.9928207993507385
1.9567111730575562
0.9920428395271301
1.9600969552993774
0.9857595562934875
1.9632055759429932
0.9794331192970276
1.954372763633728
0.9960898756980896
1.9989327192306519
0.9718772768974304
2.0034801959991455
0.960649847984314
1.9875929355621338
0.964406430721283
1.9897840023040771
0.9556145668029785
1.947636604309082
0.93977290391922
1.9495328664779663
0.9311193823814392
1.951102375984192
0.9225675463676453
1.9472380876541138
0.941420316696167
1.9472380876541138
0.941420316696167
1.9472380876541138
0.941420316696167
1.9472380876541138
0.941420316696167
1.9472380876541138
0.941420316696167
1.947698950767517
0.9168628454208374
1.9490046501159668
0.8981350660324097
1.9823070764541626
0.8994500637054443
1.981754183769226
0.8803336024284363
1.9914358854293823
0.8856804370880127
2.034736156463623
0.8653960227966309
2.0323851108551025
0.8525528311729431
2.0499329566955566
0.8525100350379944
2.0469114780426025
0.8395850658416748
2.0431530475616455
0.8257589936256409
2.0517873764038086
0.8618986010551453
2.0604097843170166
0.8566849827766418
1.9851359128952026
0.8426674604415894
2.0317211151123047
0.8280076384544373
2.065437078475952
0.928866982460022
2.0586016178131104
0.9123257398605347
1.9929256439208984
0.8439748883247375
1.9862110614776611
0.8298766613006592
1.9787355661392212
0.8154570460319519
1.997138500213623
0.8105214238166809
1.9554827213287354
0.7690225839614868
1.976822018623352
0.7604071497917175
1.9655563831329346
0.7466962337493896
1.9539332389831543
0.7332821488380432
1.9996291399002075
0.7332185506820679
1.9607923030853271
0.7104423642158508
1.9037165641784668
0.7049056887626648
1.8908560276031494
0.6950785517692566
1.8772846460342407
0.6849607825279236
1.9111957550048828
0.6785850524902344
1.8939926624298096
0.669005811214447
1.8784520626068115
0.6603441834449768
1.9111957550048828
0.6785850524902344
1.8532136678695679
0.6667747497558594
1.8260412216186523
0.6542580127716064
1.811974048614502
0.6475628018379211
1.8532136678695679
0.6667747497558594
1.8532136678695679
0.6667747497558594
1.814781904220581
0.6475207805633545
1.788223147392273
0.6358248591423035
1.7740455865859985
0.6293547749519348
1.7692666053771973
0.6365682482719421
1.752189040184021
0.6289487481117249
1.7659965753555298
0.6186916828155518
1.7504022121429443
0.6122363805770874
1.720271348953247
0.611085057258606
1.7065246105194092
0.6051089763641357
1.7189728021621704
0.6100448966026306
1.7442055940628052
0.6043508648872375
1.7263398170471191
0.6096339821815491
1.7111622095108032
0.6015480160713196
1.683846354484558
0.6009495854377747
1.670271635055542
0.5930699706077576
1.672080397605896
0.5944309234619141
1.66539466381073
0.591801106929779
1.6735807657241821
0.5782783627510071
1.6282531023025513
0.5762122273445129
1.617261290550232
0.5669737458229065
1.6056060791015625
0.5572675466537476
1.60994553565979
0.5552162528038025
1.5992234945297241
0.5439822673797607
1.57308828830719
0.5198392271995544
1.5545026063919067
0.5020645260810852
1.5617228746414185
0.4939466416835785
1.552147388458252
0.4829455018043518
1.5426483154296875
0.47237429022789
1.5680463314056396
0.5014721751213074
1.5680463314056396
0.5014721751213074
1.5680463314056396
0.5014721751213074
1.5680463314056396
0.5014721751213074
1.522598385810852
0.45246464014053345
1.4770008325576782
0.41333338618278503
1.4661757946014404
0.40025144815444946
1.4560668468475342
0.391245037317276
1.4455715417861938
0.382053405046463
1.4677014350891113
0.40162643790245056
1.4684162139892578
0.3888038694858551
1.4551745653152466
0.38306739926338196
1.4567408561706543
0.3784564733505249
1.4622184038162231
0.3700568974018097
1.4483139514923096
0.36296892166137695
1.4466150999069214
0.36403629183769226
1.4557867050170898
0.3606002926826477
1.434606909751892
0.3639192283153534
1.4214756488800049
0.3566494584083557
1.4085553884506226
0.3494337499141693
1.4323612451553345
0.3589913249015808
1.4115025997161865
0.35251477360725403
1.4152008295059204
0.351127564907074
1.4218357801437378
0.3997720777988434
1.3922793865203857
0.38145965337753296
1.370871901512146
0.3501580059528351
1.3581998348236084
0.34507566690444946
1.3463623523712158
0.3401389420032501
1.3719714879989624
0.35058945417404175
1.3719714879989624
0.35058945417404175
1.3719714879989624
0.35058945417404175
1.3072055578231812
0.3168393671512604
1.2895963191986084
0.30886247754096985
1.2496778964996338
0.294075071811676
1.2412649393081665
0.2896965444087982
1.2149009704589844
0.27898716926574707
1.2120684385299683
0.2769911587238312
1.1903774738311768
0.28968358039855957
1.1939562559127808
0.2752053439617157
1.187422752380371
0.27111780643463135
1.190439224243164
0.2643193304538727
1.1810200214385986
0.26272907853126526
1.1740437746047974
0.262906938791275
1.16826593875885
0.259077787399292
1.1627471446990967
0.2552803158760071
1.1728821992874146
0.2641131579875946
1.1606236696243286
0.2591252326965332
1.156362533569336
0.2572055459022522
1.1614540815353394
0.255932480096817
1.1536548137664795
0.25217849016189575
1.148552656173706
0.24798378348350525
1.1436675786972046
0.24383102357387543
1.1584429740905762
0.2559918761253357
1.1584429740905762
0.2559918761253357
1.1222435235977173
0.2721351087093353
1.1146353483200073
0.26473096013069153
1.1180418729782104
0.24873702228069305
1.0985344648361206
0.26351040601730347
1.1095010042190552
0.2463310807943344
1.1053264141082764
0.24199195206165314
1.1014986038208008
0.23785729706287384
1.116422414779663
0.24016883969306946
1.0972142219543457
0.24323058128356934
1.09358549118042
0.23864750564098358
1.1081680059432983
0.2673964500427246
1.104032278060913
0.2618517279624939
1.100454330444336
0.25687265396118164
1.1113073825836182
0.271503746509552
1.097168207168579
0.25636592507362366
1.0828118324279785
0.227253258228302
1.090747356414795
0.25348812341690063
1.076695442199707
0.2412354201078415
1.0737316608428955
0.2149634212255478
1.0707422494888306
0.21041929721832275
1.0678620338439941
0.20587056875228882
1.0738284587860107
0.21510763466358185
1.0633140802383423
0.20053765177726746
1.0587419271469116
0.1922992765903473
1.050541639328003
0.18318073451519012
1.0483158826828003
0.17841848731040955
1.046165108680725
0.17361098527908325
1.0181994438171387
0.19193591177463531
1.016258716583252
0.1871856451034546
1.012271523475647
0.18566684424877167
1.021915316581726
0.16234628856182098
1.0202908515930176
0.15742725133895874
1.0194612741470337
0.14996008574962616
1.0180649757385254
0.14487344026565552
1.0177123546600342
0.14172710478305817
1.0163846015930176
0.13680396974086761
1.0148638486862183
0.13532818853855133
1.0139185190200806
0.13280047476291656
1.0133323669433594
0.12952196598052979
1.0164743661880493
0.1300431191921234
1.0099022388458252
0.127004012465477
1.008789300918579
0.121964231133461
1.0097230672836304
0.11948436498641968
1.013267993927002
0.14569368958473206
1.005408525466919
0.11765802651643753
1.0045055150985718
0.11274505406618118
1.0086387395858765
0.13437394797801971
0.9971902370452881
0.10246419161558151
0.9943907856941223
0.08749228715896606
0.988517701625824
0.07239733636379242
0.988516092300415
0.06697176396846771
0.9677155017852783
0.07334186136722565
0.9738536477088928
0.05234847962856293
0.9685019254684448
0.04404137283563614
0.969589114189148
0.03293178230524063
0.971136212348938
0.024354133754968643
0.9724622964859009
0.018653644248843193
0.9699437618255615
0.010061870329082012
0.971366822719574
0.004467099439352751
0.9728462100028992
-0.0010819837916642427
0.9762585759162903
0.03357149288058281
0.9741271734237671
-0.001960750436410308
0.973188042640686
-0.015379098244011402
0.9715981483459473
-0.022849190980196
