-0.5168689489364624
0.987220048904419
-0.5353278517723083
0.9951805472373962
-0.5294816493988037
0.9938645362854004
-0.5273723006248474
0.993317723274231
-0.5260564088821411
0.993478000164032
-0.5274921655654907
0.9922131299972534
-0.527009904384613
0.9924460649490356
-0.5360381007194519
0.9944273233413696
-0.5316194295883179
0.9923727512359619
-0.5248547196388245
0.9943380355834961
-0.5318002700805664
0.9895811080932617
-0.5232160091400146
0.9903378486633301
-0.5304167866706848
0.9853740334510803
-0.5373635292053223
0.980559229850769
-0.5343175530433655
0.98348468542099
-0.5379810333251953
0.984089732170105
-0.5451183915138245
0.9841561913490295
-0.5521146059036255
0.9788020253181458
-0.5593771934509277
0.977127194404602
-0.5495259165763855
0.9777776598930359
-0.5531518459320068
0.9771793484687805
-0.560613751411438
0.9715996384620667
-0.5659487843513489
0.9715671539306641
-0.5743985772132874
0.9640206098556519
-0.586682915687561
0.9582005143165588
-0.5893407464027405
0.954616129398346
-0.5964745879173279
0.949042022228241
-0.599579930305481
0.9405748248100281
-0.6038109660148621
0.935981810092926
-0.610910952091217
0.9302873015403748
-0.6300178170204163
0.922292172908783
-0.6459964513778687
0.9154477715492249
-0.6521205306053162
0.9100168943405151
-0.6611951589584351
0.9058717489242554
-0.6629685759544373
0.8929552435874939
-0.6786671876907349
0.8837319016456604
-0.6845588684082031
0.8750916123390198
-0.69036465883255
0.8696926832199097
-0.7083377242088318
0.8517872095108032
-0.7137082815170288
0.853405237197876
-0.7310943603515625
0.8323602676391602
-0.736258327960968
0.8274991512298584
-0.7437421083450317
0.8134181499481201
-0.758082389831543
0.8039261698722839
-0.7631155848503113
0.7993554472923279
-0.7735856175422668
0.7931358218193054
-0.7804780006408691
0.7815431952476501
-0.7868589162826538
0.770172655582428
-0.7928342223167419
0.7689574956893921
-0.7978773713111877
0.7645741701126099
-0.7930641770362854
0.7666721343994141
-0.8058570027351379
0.7556362748146057
-0.8233198523521423
0.7465063333511353
-0.8099882006645203
0.755042552947998
-0.8222281336784363
0.7402549386024475
-0.827565610408783
0.7359881401062012
-0.8440431952476501
0.7322891354560852
-0.8438076972961426
0.7274655103683472
-0.8477921485900879
0.7257614731788635
-0.8531322479248047
0.7213364243507385
-0.8509644865989685
0.7158572673797607
-0.8572955131530762
0.7109863758087158
-0.8614733815193176
0.7124916315078735
-0.8674356937408447
0.7081907987594604
-0.8719170689582825
0.7071442604064941
-0.8779928088188171
0.7028405666351318
-0.8644077777862549
0.7135700583457947
-0.8715198040008545
0.7086946368217468
-0.8829244375228882
0.6939998865127563
-0.890583336353302
0.688434898853302
-0.8972170352935791
0.6859566569328308
-0.89402836561203
0.6819707155227661
-0.9008828997612
0.6787438988685608
-0.9042159914970398
0.6785685420036316
-0.9223700761795044
0.6723342537879944
-0.9269794225692749
0.6687759160995483
-0.9335374236106873
0.6639041900634766
-0.9325289130210876
0.6647840738296509
-0.940811038017273
0.6590578556060791
-0.9449560642242432
0.6532717943191528
-0.9525390267372131
0.6472639441490173
-0.9633217453956604
0.6388967037200928
-0.9703735113143921
0.6333596110343933
-0.9768534898757935
0.6282760500907898
-0.9863887429237366
0.6222996711730957
-0.9913915395736694
0.618099570274353
-0.9924691319465637
0.6169500350952148
-1.0105504989624023
0.6028231382369995
-1.0168681144714355
0.5980053544044495
-1.0267539024353027
0.591755747795105
-1.0328946113586426
0.5837385654449463
-1.0424953699111938
0.5732731819152832
-1.0489622354507446
0.5685272216796875
-1.0555684566497803
0.5637661814689636
-1.054918885231018
0.5634382367134094
-1.0636385679244995
0.5599628686904907
-1.0725927352905273
0.5526503324508667
-1.0733966827392578
0.5476521253585815
-1.0854315757751465
0.5415636897087097
-1.0943697690963745
0.5355733036994934
-1.0997391939163208
0.5267706513404846
-1.107522964477539
0.52127605676651
-1.11457359790802
0.5166352391242981
-1.1284335851669312
0.5104836225509644
-1.1287435293197632
0.5060515403747559
-1.136361002922058
0.501581609249115
-1.1439599990844727
0.49722734093666077
-1.150597333908081
0.49130433797836304
-1.1701178550720215
0.48377805948257446
-1.1772788763046265
0.47990816831588745
-1.1890352964401245
0.47183409333229065
-1.193006157875061
0.46886783838272095
-1.1999927759170532
0.4635465741157532
-1.2077831029891968
0.45983704924583435
-1.2124608755111694
0.4545811414718628
-1.2171790599822998
0.45338183641433716
-1.2257663011550903
0.44573286175727844
-1.2343332767486572
0.4446412920951843
-1.2333379983901978
0.45076292753219604
-1.238531231880188
0.44882136583328247
-1.2382478713989258
0.45184770226478577
-1.2475138902664185
0.4458774924278259
-1.27559494972229
0.423292338848114
-1.2845909595489502
0.4204062819480896
-1.2959169149398804
0.4105069637298584
-1.2914427518844604
0.42308467626571655
-1.3105665445327759
0.41229671239852905
-1.307845115661621
0.4207730293273926
-1.3250991106033325
0.41248616576194763
-1.3324967622756958
0.4097808301448822
-1.341828465461731
0.4074094295501709
-1.3421844244003296
0.41017529368400574
-1.3519790172576904
0.40785738825798035
-1.3496034145355225
0.40560513734817505
-1.3637144565582275
0.4088861346244812
-1.376366138458252
0.406259149312973
-1.3790754079818726
0.4022517502307892
-1.4146405458450317
0.37525075674057007
-1.4285138845443726
0.37992769479751587
-1.4222757816314697
0.3963761031627655
-1.4321815967559814
0.3947613835334778
-1.4501099586486816
0.3896079659461975
-1.4778718948364258
0.3713412582874298
-1.4751003980636597
0.37715452909469604
-1.4828697443008423
0.37925511598587036
-1.4922142028808594
0.3783571124076843
-1.5268752574920654
0.37044915556907654
-1.5342562198638916
0.37003326416015625
-1.5308403968811035
0.3717748820781708
-1.5401122570037842
0.37156808376312256
-1.5685293674468994
0.3560507893562317
-1.569907307624817
0.36011314392089844
-1.5705031156539917
0.36096617579460144
-1.582567811012268
0.35764989256858826
-1.6270508766174316
0.3431645929813385
-1.636884093284607
0.3458443284034729
-1.612196922302246
0.35951662063598633
-1.6280702352523804
0.3775036633014679
-1.63246488571167
0.3546462059020996
-1.6501405239105225
0.3494645655155182
-1.6349506378173828
0.37786707282066345
-1.6447722911834717
0.381046324968338
-1.6464569568634033
0.36910712718963623
-1.6562899351119995
0.3636874556541443
-1.6659462451934814
0.36479973793029785
-1.668375015258789
0.36097705364227295
-1.6572456359863281
0.3684905767440796
-1.6532566547393799
0.3669217526912689
-1.6554356813430786
0.36984771490097046
-1.6695083379745483
0.36172088980674744
-1.6899336576461792
0.349750816822052
-1.6986955404281616
0.34533971548080444
-1.701580286026001
0.34426262974739075
-1.6764509677886963
0.3628421127796173
-1.689902663230896
0.3574446737766266
-1.6915063858032227
0.3570058345794678
-1.7034069299697876
0.35858866572380066
-1.7036597728729248
0.3604568541049957
-1.703306794166565
0.3687813878059387
-1.721099615097046
0.364285409450531
-1.7360204458236694
0.358295202255249
-1.7610018253326416
0.35420843958854675
-1.7680325508117676
0.35548946261405945
-1.7807105779647827
0.35902294516563416
-1.7914316654205322
0.36236390471458435
-1.8002413511276245
0.36337658762931824
-1.8222761154174805
0.36677756905555725
-1.831925630569458
0.3704339861869812
-1.832070231437683
0.3689138889312744
-1.854282259941101
0.36926862597465515
-1.873206377029419
0.37649086117744446
-1.887543797492981
0.3718183934688568
-1.91182279586792
0.38274243474006653
-1.9149115085601807
0.41218680143356323
-1.9467668533325195
0.405247300863266
-1.9648280143737793
0.40927496552467346
-1.9961522817611694
0.42003118991851807
-2.0022647380828857
0.424529105424881
-2.015277147293091
0.42992734909057617
-2.012685537338257
0.4447648525238037
-2.018566131591797
0.450067400932312
-2.041001796722412
0.45323583483695984
-2.046490430831909
0.45895498991012573
-2.0512442588806152
0.4542727768421173
-2.0567471981048584
0.460172563791275
-2.0644283294677734
0.48400774598121643
-2.0696682929992676
0.49038392305374146
-2.0748565196990967
0.49697622656822205
-2.080005645751953
0.5038115978240967
-2.063063621520996
0.4823915660381317
-2.075796365737915
0.4936208724975586
-2.0811996459960938
0.5099437236785889
-2.081681966781616
0.5358185768127441
-2.096686840057373
0.5357698798179626
-2.109212875366211
0.5237126350402832
-2.1093838214874268
0.5345410704612732
-2.1238932609558105
0.532681941986084
-2.101303815841675
0.5439147353172302
-2.1058456897735596
0.5513127446174622
-2.098672389984131
0.5638106465339661
-2.1030778884887695
0.5719106793403625
-2.1072497367858887
0.5800114274024963
-2.1191623210906982
0.5611030459403992
-2.1218507289886475
0.5648035407066345
-2.1257638931274414
0.5721099972724915
-2.1232168674468994
0.5780856013298035
-2.1101632118225098
0.590169370174408
-2.1140353679656982
0.5991098284721375
-2.14328670501709
0.580985426902771
-2.1562228202819824
0.5783745050430298
-2.150219678878784
0.6001899838447571
-2.157064199447632
0.5878859162330627
-2.155914545059204
0.6105715036392212
-2.1587252616882324
0.6190266609191895
-2.164153814315796
0.6289792656898499
-2.1841821670532227
0.6370415091514587
-2.18607759475708
0.6468701958656311
-2.182278871536255
0.663726806640625
-2.1825177669525146
0.6757757067680359
-2.1630425453186035
0.6992926597595215
-2.1760740280151367
0.6970335245132446
-2.1852896213531494
0.7139245271682739
-2.1854798793792725
0.7253251075744629
-2.1854088306427
0.7370113730430603
-2.198462724685669
0.7358272075653076
-2.1793572902679443
0.7698867321014404
-2.19620680809021
0.7699970602989197
-2.198241710662842
0.7755308151245117
-2.196262836456299
0.788541853427887
-2.210063934326172
0.811944305896759
-2.206512212753296
0.8261141180992126
-2.200488567352295
0.8390833139419556
-2.2115800380706787
0.8454804420471191
-2.2026448249816895
0.8606975674629211
-2.2043004035949707
0.8704800009727478
-2.19563889503479
0.8821480870246887
-2.1880011558532715
0.8973883986473083
-2.1988584995269775
0.9115277528762817
-2.1893470287323
0.9239805936813354
-2.1526107788085938
0.9425456523895264
-2.14216947555542
0.9521421194076538
-2.13468599319458
0.9596766829490662
-2.1732585430145264
0.9576747417449951
-2.162290334701538
0.9727300405502319
-2.151031017303467
0.9874696731567383
-2.139378070831299
1.0020406246185303
-2.1311681270599365
1.0037904977798462
-2.1023523807525635
1.0397565364837646
-2.081751823425293
1.0747438669204712
-2.068925619125366
1.0875333547592163
-2.0694499015808105
1.1004453897476196
-2.0563488006591797
1.1131914854049683
-2.043093681335449
1.1255518198013306
-2.0284171104431152
1.1327983140945435
-2.0062308311462402
1.1497607231140137
-2.001410961151123
1.168850064277649
-1.9871079921722412
1.1797895431518555
-1.9704418182373047
1.1906509399414062
-1.9732012748718262
1.2006713151931763
-1.9422945976257324
1.2121344804763794
-1.9261218309402466
1.2238177061080933
-1.9116462469100952
1.2329869270324707
-1.8932218551635742
1.2416174411773682
-1.860348105430603
1.2557761669158936
-1.8465873003005981
1.2635122537612915
-1.8326117992401123
1.2684499025344849
-1.8119432926177979
1.2768051624298096
-1.8057843446731567
1.2944101095199585
-1.787928819656372
1.2944540977478027
-1.776795744895935
1.308678150177002
-1.737781047821045
1.3210326433181763
-1.7252262830734253
1.326433777809143
-1.7310640811920166
1.335578441619873
-1.7012165784835815
1.340693712234497
-1.6887147426605225
1.3451299667358398
-1.68384850025177
1.3349504470825195
-1.6718721389770508
1.3489649295806885
-1.6566823720932007
1.3520985841751099
-1.648828148841858
1.3431174755096436
-1.633873462677002
1.3561347723007202
-1.6217741966247559
1.3628736734390259
-1.5968568325042725
1.3696706295013428
-1.5792139768600464
1.3741074800491333
-1.570601224899292
1.3815217018127441
-1.558998942375183
1.3842604160308838
-1.5323078632354736
1.3873568773269653
-1.5151124000549316
1.3919881582260132
-1.516968011856079
1.3968095779418945
-1.493703007698059
1.401474952697754
-1.4777865409851074
1.4001315832138062
-1.4817498922348022
1.4051480293273926
-1.4756450653076172
1.4074925184249878
-1.4639965295791626
1.4090505838394165
-1.4585148096084595
1.41315495967865
-1.4289240837097168
1.4184355735778809
-1.4255727529525757
1.4240926504135132
-1.4214850664138794
1.4243887662887573
-1.3989431858062744
1.4234572649002075
-1.3732014894485474
1.4262498617172241
-1.3617154359817505
1.429044246673584
-1.3529859781265259
1.4304255247116089
-1.3617833852767944
1.4367586374282837
-1.3519871234893799
1.4383058547973633
-1.3266993761062622
1.4414176940917969
-1.3237398862838745
1.4409611225128174
-1.3028110265731812
1.4456452131271362
-1.2996050119400024
1.4455581903457642
-1.2928446531295776
1.449691891670227
-1.2912541627883911
1.4506951570510864
-1.2824841737747192
1.4517799615859985
-1.272405743598938
1.4560370445251465
-1.2476942539215088
1.4532362222671509
-1.235912561416626
1.4445791244506836
-1.218360185623169
1.453332781791687
-1.2108691930770874
1.4528299570083618
-1.2033277750015259
1.4531230926513672
-1.2072858810424805
1.4578593969345093
-1.1943614482879639
1.4579522609710693
-1.1866275072097778
1.4580788612365723
-1.172837734222412
1.4586360454559326
-1.1537718772888184
1.4617911577224731
-1.1489368677139282
1.4596718549728394
-1.141585350036621
1.4593966007232666
-1.1452194452285767
1.4668625593185425
-1.1281324625015259
1.4623476266860962
-1.1220933198928833
1.4622228145599365
-1.1156699657440186
1.462668776512146
-1.108349323272705
1.4623405933380127
-1.1070102453231812
1.4572826623916626
-1.0947452783584595
1.456099510192871
-1.0838264226913452
1.4581931829452515
-1.0741568803787231
1.457654356956482
-1.08220374584198
1.464400291442871
-1.0617859363555908
1.4632549285888672
-1.0544902086257935
1.4610837697982788
-1.0473154783248901
1.4602313041687012
-1.0386834144592285
1.459576964378357
-1.0296542644500732
1.4565521478652954
-1.0291491746902466
1.460119605064392
-1.0218524932861328
1.4590059518814087
-1.0040847063064575
1.4570733308792114
-1.0080351829528809
1.458639144897461
-1.0073646306991577
1.452678918838501
-0.9862015247344971
1.4520729780197144
-0.9939211010932922
1.4590380191802979
-0.969825804233551
1.457598328590393
-0.9664514660835266
1.4531378746032715
-0.9689239859580994
1.4571452140808105
-0.9615410566329956
1.4548851251602173
-0.9447848200798035
1.4444817304611206
-0.9362757205963135
1.4399603605270386
-0.927977979183197
1.4443262815475464
-0.9213534593582153
1.4418574571609497
-0.9147362112998962
1.4393192529678345
-0.9114623665809631
1.4411892890930176
-0.8997834324836731
1.4447381496429443
-0.8998945355415344
1.4437490701675415
-0.8931798934936523
1.4406145811080933
-0.8926506042480469
1.436405897140503
-0.8856724500656128
1.4328643083572388
-0.8727791905403137
1.4286891222000122
-0.8661409616470337
1.4319254159927368
-0.8599072694778442
1.4278318881988525
-0.8625795841217041
1.4284307956695557
-0.8401841521263123
1.43190598487854
-0.8347911238670349
1.427493691444397
-0.8607847094535828
1.4361153841018677
-0.8491283655166626
1.4242677688598633
-0.837570309638977
1.4208022356033325
-0.8306224346160889
1.4149184226989746
-0.8251089453697205
1.4114052057266235
-0.8150625824928284
1.407568097114563
-0.8096244931221008
1.4021193981170654
-0.804214596748352
1.4024792909622192
-0.7993682622909546
1.3919434547424316
-0.793838381767273
1.3863893747329712
-0.7868789434432983
1.38137948513031
-0.7816455364227295
1.375699520111084
-0.7828790545463562
1.37367582321167
-0.7795052528381348
1.367690920829773
-0.7667296528816223
1.359176754951477
-0.7591651678085327
1.3482526540756226
-0.7498602271080017
1.3388454914093018
-0.7446385622024536
1.3332929611206055
-0.7626078128814697
1.3393679857254028
-0.7455903887748718
1.3221338987350464
-0.7387019395828247
1.3181061744689941
-0.7239079475402832
1.3094600439071655
-0.7157481908798218
1.3007887601852417
-0.7101672887802124
1.2957006692886353
-0.7080733776092529
1.2896393537521362
-0.698929488658905
1.2799170017242432
-0.6906601786613464
1.2772364616394043
-0.6944029927253723
1.2686630487442017
-0.6881991028785706
1.2640705108642578
-0.6778904795646667
1.2538899183273315
-0.6717236638069153
1.250055193901062
-0.6678030490875244
1.243175745010376
-0.6616429090499878
1.239056944847107
-0.6526484489440918
1.2319254875183105
-0.6430832147598267
1.2291553020477295
-0.6427834630012512
1.223474383354187
-0.6345205903053284
1.218431830406189
-0.6275670528411865
1.2136878967285156
-0.6184549927711487
1.2084908485412598
-0.6161223649978638
1.204220175743103
-0.6100637316703796
1.2009410858154297
-0.6040486097335815
1.1976025104522705
-0.5878334045410156
1.186463713645935
-0.5802571177482605
1.1866583824157715
-0.5712710022926331
1.1888257265090942
-0.5724737644195557
1.1803079843521118
-0.5622825026512146
1.17876398563385
-0.5567960143089294
1.1757217645645142
-0.5526207685470581
1.1717772483825684
-0.540767252445221
1.161886215209961
-0.5355134606361389
1.1588748693466187
-0.5247003436088562
1.1549618244171143
-0.5172315835952759
1.156424880027771
-0.5047633647918701
1.1521128416061401
-0.5060263872146606
1.150256633758545
-0.5070551037788391
1.1531774997711182
-0.49520865082740784
1.147623062133789
-0.5091850757598877
1.159204125404358
-0.5036166310310364
1.154577612876892
-0.477138876914978
1.140628695487976
-0.47009190917015076
1.1339420080184937
-0.47727057337760925
1.1408318281173706
-0.4617829918861389
1.1289540529251099
-0.4537338614463806
1.1235603094100952
-0.4537815451622009
1.1251966953277588
-0.46065959334373474
1.127204418182373
-0.4541498124599457
1.1251463890075684
-0.43252643942832947
1.1141659021377563
-0.43192240595817566
1.1095749139785767
-0.4164562523365021
1.0988845825195312
-0.4073634743690491
1.097320795059204
-0.41644287109375
1.0949231386184692
-0.4144899547100067
1.093994379043579
-0.41094455122947693
1.0881569385528564
-0.4035358130931854
1.0851548910140991
-0.39346930384635925
1.078119158744812
-0.38838544487953186
1.0697243213653564
-0.387362539768219
1.0645698308944702
-0.39267635345458984
1.0656226873397827
-0.4006132483482361
1.0653660297393799
-0.39425861835479736
1.0552918910980225
-0.37893879413604736
1.0455865859985352
-0.36826926469802856
1.032400131225586
-0.3639468252658844
1.031381368637085
-0.3683146834373474
1.0260987281799316
-0.36149370670318604
1.0161091089248657
-0.3527757227420807
1.007757306098938
-0.349817156791687
1.0015709400177002
-0.3443900942802429
0.9953117966651917
-0.33521568775177
0.9900920391082764
-0.33216992020606995
0.9839575886726379
-0.34996500611305237
0.979154646396637
-0.3466501533985138
0.9725375175476074
-0.3464413583278656
0.9608470797538757
-0.3305888772010803
0.9516507387161255
-0.3196322023868561
0.9439033269882202
-0.3297483026981354
0.9386270046234131
-0.3113250732421875
0.9237623810768127
-0.30458399653434753
0.910726010799408
-0.3011407256126404
0.904523491859436
-0.3103480637073517
0.8979243040084839
-0.31149888038635254
0.8967865109443665
-0.3245485723018646
0.9011380076408386
-0.3027326166629791
0.8817996978759766
-0.2929306924343109
0.8696030378341675
-0.28844448924064636
0.8633447289466858
-0.29450365900993347
0.8467060327529907
-0.2934354841709137
0.8402937054634094
-0.2916075885295868
0.8325726985931396
-0.28597161173820496
0.8262150883674622
-0.27605119347572327
0.8186913132667542
-0.2715816795825958
0.8096231818199158
-0.2632451057434082
0.799997866153717
-0.27427932620048523
0.805250883102417
-0.26919394731521606
0.7952574491500854
-0.2623811662197113
0.7890869975090027
-0.24880769848823547
0.7724776864051819
-0.24212658405303955
0.7668790221214294
-0.23118992149829865
0.7587568163871765
-0.2270914614200592
0.7508402466773987
-0.21991518139839172
0.7456963658332825
-0.20558851957321167
0.734532356262207
-0.20729640126228333
0.7330719828605652
-0.2000807672739029
0.7280512452125549
-0.19575238227844238
0.7201398015022278
-0.18868328630924225
0.7128711938858032
-0.18143677711486816
0.7080050706863403
-0.16679957509040833
0.7024862170219421
-0.15999840199947357
0.6946271657943726
-0.15274469554424286
0.6903024315834045
-0.14204168319702148
0.6835217475891113
-0.14450779557228088
0.6851618885993958
-0.13313601911067963
0.6771738529205322
-0.13482040166854858
0.6771508455276489
-0.11774681508541107
0.668877899646759
-0.10898745805025101
0.6630086898803711
-0.09846148639917374
0.6593359708786011
-0.08905729651451111
0.6550848484039307
-0.0835317000746727
0.6486629843711853
-0.07717245072126389
0.6455697417259216
-0.06508449465036392
0.6406402587890625
-0.07213632762432098
0.6430770754814148
-0.06311335414648056
0.6346602439880371
-0.06038564443588257
0.6357198357582092
-0.04680415987968445
0.6285628080368042
-0.036942340433597565
0.6181651949882507
-0.02296280488371849
0.6154261231422424
-0.01604953594505787
0.6114022731781006
-0.008873770013451576
0.6026729345321655
-0.0024334853515028954
0.6002407073974609
0.0036029519978910685
0.59584641456604
0.018857406452298164
0.5892521142959595
0.023099854588508606
0.5834248065948486
0.02205871045589447
0.5857874155044556
0.02946866862475872
0.5814465880393982
0.03993244469165802
0.5772400498390198
0.04715069755911827
0.5732401013374329
0.05369914323091507
0.5691242814064026
0.056481167674064636
0.5684993863105774
0.07099197804927826
0.5616706013679504
0.08855803310871124
0.5523138642311096
0.09434303641319275
0.5459296107292175
0.09486112743616104
0.5407015681266785
0.10668347030878067
0.5411364436149597
0.11930108070373535
0.5348392724990845
0.1264805644750595
0.5313204526901245
0.1220497190952301
0.5355775356292725
0.13361266255378723
0.5258267521858215
0.14094795286655426
0.5218997001647949
0.1483548879623413
0.5180028676986694
0.16097983717918396
0.5140364766120911
0.16819967329502106
0.5101611614227295
0.18197335302829742
0.5006483197212219
0.18886569142341614
0.49683678150177
0.19605930149555206
0.4929426312446594
0.20323342084884644
0.4894604980945587
0.21027588844299316
0.485490083694458
0.2175283581018448
0.48150011897087097
0.2285923957824707
0.47467249631881714
0.2254372090101242
0.4752166271209717
0.24308502674102783
0.46552690863609314
0.24275639653205872
0.4586457312107086
0.25647562742233276
0.44939443469047546
0.2637050449848175
0.4454832971096039
0.2862818241119385
0.44046109914779663
0.2693707048892975
0.45053642988204956
0.27766820788383484
0.44605642557144165
0.27854302525520325
0.4432441294193268
0.28724223375320435
0.43925490975379944
0.29879143834114075
0.4322258234024048
0.3070424795150757
0.42618995904922485
0.31633856892585754
0.4203207492828369
0.3293871283531189
0.40971654653549194
0.33810222148895264
0.40296846628189087
0.33999139070510864
0.39772555232048035
0.3489397168159485
0.3945278525352478
0.3474977910518646
0.39580267667770386
0.365317702293396
0.3871282637119293
0.37437427043914795
0.384508341550827
0.38564765453338623
0.3830104470252991
0.3963669240474701
0.3754929304122925
0.4039595425128937
0.3733218312263489
0.4110601246356964
0.366595059633255
0.417990118265152
0.36786940693855286
0.4298970103263855
0.3629192113876343
0.4396021068096161
0.36138567328453064
0.45245254039764404
0.35069769620895386
0.468010812997818
0.3473357856273651
0.47743725776672363
0.3464103639125824
0.4870077669620514
0.34558767080307007
0.49484488368034363
0.34263527393341064
0.4978821873664856
0.34024426341056824
0.5198548436164856
0.3353143632411957
0.529270350933075
0.3352574110031128
0.5500140190124512
0.3302876949310303
0.5334004163742065
0.33935603499412537
0.5553755760192871
0.333647757768631
0.5663125514984131
0.3359915018081665
0.5766061544418335
0.33683550357818604
0.5759076476097107
0.3326416015625
0.5863951444625854
0.3335515558719635
0.6008962392807007
0.3374720513820648
0.61580890417099
0.33913102746009827
0.6252407431602478
0.34065014123916626
0.6348946690559387
0.3423190712928772
0.6316748261451721
0.3434654176235199
0.6489062309265137
0.3462861478328705
0.6584087014198303
0.34836405515670776
0.6794894337654114
0.3489225506782532
0.7084945440292358
0.34271782636642456
0.7166084051132202
0.3450273275375366
0.7252660393714905
0.3476008474826813
0.7339133620262146
0.35029545426368713
0.726481020450592
0.3561360239982605
0.7372548580169678
0.3594866693019867
0.7462313175201416
0.36242181062698364
0.7552567720413208
0.3655100166797638
0.7508236169815063
0.3629864752292633
0.7670554518699646
0.36776477098464966
0.8041396141052246
0.3649299740791321
0.8117507696151733
0.3672535717487335
0.8298205733299255
0.3696187138557434
0.8102139234542847
0.3816945254802704
0.8263375163078308
0.37674200534820557
0.8229947686195374
0.3788975179195404
0.8428186178207397
0.37614843249320984
0.8505101799964905
0.3788031339645386
0.8616366386413574
0.37930938601493835
0.8712920546531677
0.375631183385849
0.8786548972129822
0.3739514648914337
0.8713789582252502
0.38514792919158936
0.8686072826385498
0.3842972218990326
0.8773247003555298
0.3879351317882538
0.8969473838806152
0.38452571630477905
0.9047521352767944
0.38810163736343384
0.912761926651001
0.39195969700813293
0.9259499311447144
0.39246854186058044
0.9317737817764282
0.3884294629096985
0.9394956827163696
0.39255785942077637
0.9498015642166138
0.4007059633731842
0.9570538997650146
0.4048294126987457
0.9735550284385681
0.4025181233882904
0.9980430006980896
0.4104451835155487
0.9663112759590149
0.4381718635559082
0.9930187463760376
0.430051326751709
0.9843146800994873
0.4257032573223114
1.0155452489852905
0.43918877840042114
1.0288156270980835
0.4397376775741577
1.0405889749526978
0.44546571373939514
1.0464732646942139
0.45160937309265137
1.0677484273910522
0.45714330673217773
1.0524128675460815
0.4626999795436859
1.0581804513931274
0.46931102871894836
1.0567806959152222
0.48906537890434265
1.0623146295547485
0.4961535930633545
1.067236304283142
0.49387383460998535
1.0672252178192139
0.48706579208374023
1.0950939655303955
0.4963539242744446
1.0996661186218262
0.5033923387527466
1.109208106994629
0.49107447266578674
1.118029236793518
0.49955424666404724
1.122328519821167
0.5074231624603271
1.126517653465271
0.5155096650123596
1.132157802581787
0.5257801413536072
1.1043040752410889
0.5538017749786377
1.130862832069397
0.5380614399909973
1.1438568830490112
0.5350226163864136
1.147352933883667
0.5433889627456665
1.1508064270019531
0.5521906614303589
1.1259801387786865
0.5827569365501404
1.129143476486206
0.5922455191612244
1.121394395828247
0.609342098236084
1.1694512367248535
0.5797029137611389
1.18315589427948
0.5853886604309082
1.1852747201919556
0.5953152179718018
1.1838197708129883
0.594723641872406
1.185588002204895
0.6051216721534729
1.1871657371520996
0.6158571243286133
1.1984196901321411
0.6401811838150024
1.1792752742767334
0.6479058265686035
1.1822831630706787
0.6790896654129028
1.2122313976287842
0.6912865042686462
1.207895278930664
0.6895142793655396
1.1778619289398193
0.7300890684127808
1.1745104789733887
0.7432519793510437
1.19451105594635
0.7274836301803589
1.209328055381775
0.7212430834770203
1.2085868120193481
0.7448684573173523
1.230136752128601
0.768515944480896
1.2265338897705078
0.7826480865478516
1.209867000579834
0.8011689782142639
1.20102059841156
0.8043743371963501
1.2132182121276855
0.8306646347045898
1.208188533782959
0.845221221446991
1.1772069931030273
0.8669442534446716
1.1815152168273926
0.8660792112350464
1.1746970415115356
0.8896958231925964
1.1531003713607788
0.9212607145309448
1.1459486484527588
0.9354396462440491
1.1578384637832642
0.9310120344161987
1.1739288568496704
0.9337562918663025
1.1649608612060547
0.9483965039253235
1.1374883651733398
0.977757453918457
1.152266263961792
0.9627264738082886
1.1418673992156982
0.9769673943519592
1.1554433107376099
1.005383014678955
1.1353473663330078
1.0008536577224731
1.1237767934799194
1.0146169662475586
1.1063035726547241
1.03411865234375
1.107463002204895
1.0725314617156982
1.0645524263381958
1.0987672805786133
1.0521034002304077
1.110283374786377
1.0391889810562134
1.1217896938323975
1.0262171030044556
1.1329407691955566
1.0720409154891968
1.0916205644607544
1.0366288423538208
1.140652060508728
1.0200554132461548
1.1542510986328125
1.0062172412872314
1.165126919746399
0.9857466816902161
1.1728154420852661
0.9718028903007507
1.1828491687774658
0.9638402462005615
1.1834391355514526
0.9350922703742981
1.2020797729492188
0.9208109378814697
1.2107080221176147
0.9061693549156189
1.221815586090088
0.8918589949607849
1.2298238277435303
0.8795070052146912
1.2554289102554321
0.8611985445022583
1.2673014402389526
0.8595419526100159
1.2887804508209229
0.8448822498321533
1.2956022024154663
0.799616813659668
1.3054547309875488
0.7870500683784485
1.3108621835708618
0.7841059565544128
1.325119972229004
0.7355901002883911
1.347357153892517
0.7241132855415344
1.3516695499420166
0.7009463906288147
1.3558025360107422
0.7010688185691833
1.3456155061721802
0.6884850859642029
1.349672794342041
0.6765210628509521
1.3534760475158691
0.651663601398468
1.3764044046401978
0.6221230626106262
1.3920648097991943
0.6088868379592896
1.3931835889816284
0.5981017351150513
1.3956023454666138
0.5960258841514587
1.3869743347167969
0.5849586129188538
1.3898059129714966
0.5720309615135193
1.3886481523513794
0.5614922642707825
1.3913480043411255
0.5510417819023132
1.3939707279205322
0.5403341054916382
1.3963570594787598
0.5398250818252563
1.3910833597183228
0.5186706185340881
1.4020514488220215
0.5085750222206116
1.404399037361145
0.4948066771030426
1.4105345010757446
0.4864775240421295
1.4048678874969482
0.47671711444854736
1.4076263904571533
0.47259780764579773
1.419727087020874
0.4687421917915344
1.41347336769104
0.4504682123661041
1.4209825992584229
0.4600291848182678
1.4256682395935059
0.43294239044189453
1.436590313911438
0.4241401255130768
1.4389097690582275
0.42939966917037964
1.4336392879486084
0.3981367349624634
1.4448316097259521
0.39132314920425415
1.4412739276885986
0.37474480271339417
1.4489487409591675
0.36605024337768555
1.4513343572616577
0.35729894042015076
1.4536123275756836
0.34036630392074585
1.4620699882507324
0.33269360661506653
1.4581161737442017
0.342835009098053
1.4654731750488281
0.33365827798843384
1.4681198596954346
0.3248688876628876
1.4705077409744263
0.32039549946784973
1.4711010456085205
0.30228641629219055
1.4819203615188599
0.285579115152359
1.4750699996948242
0.25053271651268005
1.4930728673934937
0.24413004517555237
1.4943188428878784
0.2387310117483139
1.4927786588668823
0.2311464250087738
1.49416983127594
0.2092151790857315
1.5056170225143433
0.21408160030841827
1.5000591278076172
0.2043028473854065
1.5004568099975586
0.19080793857574463
1.5061376094818115
0.19225971400737762
1.5132501125335693
0.18430589139461517
1.5140385627746582
0.17398159205913544
1.5138014554977417
0.1447942852973938
1.524124264717102
0.1534442901611328
1.520024061203003
0.14585183560848236
1.5203917026519775
0.14155729115009308
1.5174243450164795
0.13381671905517578
1.5175254344940186
0.1413666009902954
1.5190669298171997
0.1271255761384964
1.5289802551269531
0.09834060817956924
1.5296944379806519
0.11755453795194626
1.5275577306747437
0.09471123665571213
1.530940055847168
0.0878838524222374
1.5300077199935913
0.09347070008516312
1.5346847772598267
0.08749260008335114
1.5301456451416016
0.07897026091814041
1.5290169715881348
0.08799701929092407
1.5306463241577148
0.07891517132520676
1.5289865732192993
0.07027754932641983
1.5273088216781616
0.06174422428011894
1.5255584716796875
0.09104080498218536
1.5311808586120605
0.09104080498218536
1.5311808586120605
0.05337361618876457
1.5285632610321045
0.04263622686266899
1.5254287719726562
0.04085320234298706
1.525698184967041
0.05430310592055321
1.5250539779663086
0.053212568163871765
1.525425672531128
0.04669947549700737
1.5244091749191284
0.03942599892616272
1.5248135328292847
0.02954799495637417
1.5217539072036743
0.026455311104655266
1.5218238830566406
0.02440997213125229
1.5194897651672363
0.014352630823850632
1.5160977840423584
0.004739524330943823
1.512772798538208
-0.014147200621664524
1.5150315761566162
-0.023144539445638657
1.5116465091705322
-0.04302249103784561
1.5117536783218384
-0.03958207741379738
1.5103611946105957
-0.047463130205869675
1.5068943500518799
-0.08037861436605453
1.514693260192871
-0.08755645155906677
1.5113332271575928
-0.10684166848659515
1.5156681537628174
-0.11768404394388199
1.5071834325790405
-0.12488547712564468
1.491830825805664
-0.1463954597711563
1.4890127182006836
-0.14890214800834656
1.479469656944275
-0.1557915359735489
1.4753307104110718
-0.15138311684131622
1.4643146991729736
-0.16464735567569733
1.4522310495376587
-0.19458895921707153
1.4585726261138916
-0.19577276706695557
1.448406457901001
-0.2016505002975464
1.444313406944275
-0.21267248690128326
1.4362784624099731
-0.23465873301029205
1.4389573335647583
-0.23944920301437378
1.4352909326553345
-0.22654494643211365
1.424957036972046
-0.24428631365299225
1.4168716669082642
-0.25852781534194946
1.411152720451355
-0.28133973479270935
1.4067062139511108
-0.28590843081474304
1.403383493423462
-0.29072099924087524
1.3998085260391235
-0.28820517659187317
1.4056068658828735
-0.2813277542591095
1.3920010328292847
-0.2967797815799713
1.38398015499115
-0.3135627210140228
1.3741906881332397
-0.3181949257850647
1.3706719875335693
-0.3226703107357025
1.3666801452636719
-0.32741034030914307
1.3629220724105835
-0.3431014120578766
1.3657974004745483
-0.3342735767364502
1.3611960411071777
-0.33722782135009766
1.3504799604415894
-0.34215402603149414
1.3466795682907104
-0.34709280729293823
1.3427906036376953
-0.3507246971130371
1.3459625244140625
-0.3557005822658539
1.3418136835098267
-0.35204508900642395
1.346822738647461
-0.3581961691379547
1.3448008298873901
-0.3634307384490967
1.3405091762542725
-0.3685415983200073
1.3362427949905396
-0.3737195134162903
1.33184814453125
-0.34995630383491516
1.3393561840057373
-0.3511814773082733
1.3336732387542725
-0.37037593126296997
1.3354110717773438
-0.3758518695831299
1.330525517463684
-0.3688897490501404
1.3252928256988525
-0.378350168466568
1.325836420059204
-0.38400644063949585
1.3206782341003418
-0.38964200019836426
1.3154863119125366
-0.39283689856529236
1.3164767026901245
-0.4048785865306854
1.3196215629577637
-0.4039277136325836
1.3162577152252197
-0.4069281220436096
1.308085560798645
-0.4100462794303894
1.3050200939178467
-0.41847243905067444
1.3035833835601807
-0.42139092087745667
1.309126615524292
-0.42711153626441956
1.2965521812438965
-0.4602736830711365
1.2927285432815552
-0.45551058650016785
1.277751088142395
-0.47523564100265503
1.2718545198440552
-0.4794793128967285
1.2662724256515503
-0.47744202613830566
1.2461471557617188
-0.48145297169685364
1.2400856018066406
-0.49358418583869934
1.22810959815979
-0.5080655217170715
1.2233577966690063
-0.5076707005500793
1.210424542427063
-0.5147690176963806
1.1960549354553223
-0.5182629227638245
1.1901686191558838
-0.5229395031929016
1.1815098524093628
-0.5233964323997498
1.1643946170806885
-0.5396574139595032
1.160361409187317
-0.5421955585479736
1.1551443338394165
-0.5366498827934265
1.1456146240234375
-0.5448018908500671
1.137973666191101
-0.5478599667549133
1.1322263479232788
-0.5524623990058899
1.1149392127990723
-0.5554956793785095
1.1095609664916992
-0.5544161796569824
1.1137739419937134
-0.5626872777938843
1.1075191497802734
-0.56549471616745
1.1022872924804688
-0.5630028247833252
1.1005802154541016
-0.5774567723274231
1.0878584384918213
