-0.5230510830879211
-0.9724236130714417
-0.5246189832687378
-0.9760974049568176
-0.527698278427124
-0.9783257246017456
-0.5307629108428955
-0.9805839657783508
-0.5305769443511963
-0.9716760516166687
-0.5238061547279358
-0.9733558893203735
-0.5116463303565979
-0.9773776531219482
-0.5158466696739197
-0.9750457406044006
-0.5192605257034302
-0.9775567054748535
-0.5252470970153809
-0.9766859412193298
-0.5322144031524658
-0.9681426882743835
-0.5189725756645203
-0.9653719663619995
-0.5226544737815857
-0.9680030941963196
-0.5154638290405273
-0.9654293656349182
-0.5192342400550842
-0.9681484699249268
-0.5151606202125549
-0.9662045836448669
-0.5140880346298218
-0.9636597037315369
-0.5125911831855774
-0.9619231224060059
-0.5165714025497437
-0.9646937847137451
-0.5086055994033813
-0.9619942903518677
-0.5080136060714722
-0.9644429087638855
-0.5121718645095825
-0.9674119353294373
-0.5115569829940796
-0.9652842879295349
-0.5136458873748779
-0.9603610634803772
-0.5120474696159363
-0.9645501375198364
-0.5142351388931274
-0.9603554606437683
-0.5185316205024719
-0.9633520245552063
-0.5148258209228516
-0.9663724303245544
-0.5191970467567444
-0.96951824426651
-0.5144896507263184
-0.9622765779495239
-0.5189638733863831
-0.965470016002655
-0.520022988319397
-0.9681695699691772
-0.5244603753089905
-0.9713717103004456
-0.5295215249061584
-0.9703149199485779
-0.5338566899299622
-0.9735268950462341
-0.5267608165740967
-0.9719061255455017
-0.5435863733291626
-0.9713056683540344
-0.537126898765564
-0.9807107448577881
-0.5413898825645447
-0.984287440776825
-0.5394981503486633
-0.9799008369445801
-0.5288108587265015
-0.9840244054794312
-0.5329703092575073
-0.9880019426345825
-0.5331820845603943
-0.9905099868774414
-0.5477689504623413
-0.9900090098381042
-0.5654825568199158
-0.9838991761207581
-0.571195662021637
-0.9946019649505615
-0.5749657154083252
-0.9984261393547058
-0.5802032351493835
-0.9881110787391663
-0.5720533728599548
-1.0006004571914673
-0.5847400426864624
-1.0066174268722534
-0.6024590134620667
-1.0059770345687866
-0.6051313877105713
-1.0094387531280518
-0.6208136677742004
-1.0181655883789062
-0.6038012504577637
-1.0309956073760986
-0.606652557849884
-1.035330891609192
-0.6213005185127258
-1.0515944957733154
-0.6235033869743347
-1.0557059049606323
-0.6359494924545288
-1.0437520742416382
-0.6448805928230286
-1.0610617399215698
-0.647533118724823
-1.0733189582824707
-0.6495621204376221
-1.077480435371399
-0.6398885846138
-1.0936150550842285
-0.65373295545578
-1.0960144996643066
-0.6609542965888977
-1.105268120765686
-0.6627711653709412
-1.109358310699463
-0.6844035387039185
-1.1284422874450684
-0.6862196922302246
-1.1322455406188965
-0.6670918464660645
-1.1324471235275269
-0.6687453389167786
-1.136618733406067
-0.6785807609558105
-1.1468558311462402
-0.6798617243766785
-1.1515597105026245
-0.6815899610519409
-1.1555869579315186
-0.6688402891159058
-1.1560932397842407
-0.6935572028160095
-1.154863715171814
-0.6747757196426392
-1.1738029718399048
-0.6764768958091736
-1.1779048442840576
-0.6940906047821045
-1.1879805326461792
-0.6972836852073669
-1.1938223838806152
-0.6991891860961914
-1.197784185409546
-0.717143714427948
-1.2127927541732788
-0.7142011523246765
-1.2136808633804321
-0.7075638175010681
-1.2150163650512695
-0.7107160687446594
-1.220853328704834
-0.7128884792327881
-1.2247101068496704
-0.7120551466941833
-1.2147306203842163
-0.7144128084182739
-1.2186706066131592
-0.7147725224494934
-1.216629981994629
-0.7172776460647583
-1.2205456495285034
-0.7252565026283264
-1.251713752746582
-0.7277900576591492
-1.255368947982788
-0.7083284854888916
-1.2641187906265259
-0.7114438414573669
-1.268056869506836
-0.7144031524658203
-1.2717584371566772
-0.6949511766433716
-1.271808385848999
-0.6983182430267334
-1.2759312391281128
-0.7014862298965454
-1.279760479927063
-0.695300281047821
-1.27347731590271
-0.6989467740058899
-1.2772821187973022
-0.7329098582267761
-1.2676281929016113
-0.7133522629737854
-1.280602216720581
-0.7171733379364014
-1.2842144966125488
-0.7209195494651794
-1.287734031677246
-0.7420926690101624
-1.2783875465393066
-0.7357274889945984
-1.2882633209228516
-0.7396388053894043
-1.2914910316467285
-0.7435135841369629
-1.294687271118164
-0.7474222779273987
-1.2979105710983276
-0.7652204036712646
-1.3120408058166504
-0.7688959836959839
-1.3148349523544312
-0.7703376412391663
-1.3167285919189453
-0.7350659370422363
-1.3152453899383545
-0.7160093784332275
-1.3252124786376953
-0.7378578782081604
-1.3194621801376343
-0.7505282759666443
-1.317119836807251
-0.7549439668655396
-1.3198596239089966
-0.7869033813476562
-1.3378548622131348
-0.7626765966415405
-1.3384069204330444
-0.7672841548919678
-1.3409806489944458
-0.7575494647026062
-1.339377522468567
-0.7623088359832764
-1.3420640230178833
-0.7652278542518616
-1.3447766304016113
-0.7917861938476562
-1.3436896800994873
-0.7959898710250854
-1.3458893299102783
-0.8003693222999573
-1.3482067584991455
-0.806853711605072
-1.347688913345337
-0.811169445514679
-1.3500189781188965
-0.7980861067771912
-1.3547457456588745
-0.7945724129676819
-1.3572893142700195
-0.7962230443954468
-1.363398790359497
-0.8008490204811096
-1.3656986951828003
-0.8234476447105408
-1.345227837562561
-0.8321577906608582
-1.352990984916687
-0.8269402980804443
-1.3573668003082275
-0.8302029371261597
-1.3713715076446533
-0.8346992135047913
-1.3735613822937012
-0.8391572833061218
-1.3757638931274414
-0.8660335540771484
-1.3621004819869995
-0.8700814247131348
-1.3641330003738403
-0.8830568790435791
-1.376011610031128
-0.8868711590766907
-1.377950668334961
-0.8926687836647034
-1.364142656326294
-0.8972991704940796
-1.3764911890029907
-0.9011312127113342
-1.3785446882247925
-0.8995009064674377
-1.3815540075302124
-0.8868650794029236
-1.3918839693069458
-0.9097253084182739
-1.3936599493026733
-0.9146555662155151
-1.3779568672180176
-0.9021865725517273
-1.395888328552246
-0.9061647653579712
-1.398721694946289
-0.893097460269928
-1.4145424365997314
-0.9194214344024658
-1.3894141912460327
-0.9127292037010193
-1.4035673141479492
-0.9166064858436584
-1.406481146812439
-0.9215386509895325
-1.4127074480056763
-0.9209508299827576
-1.414251446723938
-0.9246060252189636
-1.4174422025680542
-0.950948178768158
-1.3865320682525635
-0.9543491005897522
-1.3891698122024536
-0.9648348093032837
-1.4057879447937012
-0.9536382555961609
-1.4196901321411133
-0.9431462287902832
-1.4233485460281372
-0.9464036226272583
-1.426745891571045
-0.9497010111808777
-1.4301482439041138
-0.9668558239936829
-1.422470211982727
-0.9698848128318787
-1.425789475440979
-0.9677316546440125
-1.4381870031356812
-0.9707197546958923
-1.4416414499282837
-0.989294171333313
-1.4394878149032593
-0.9919723868370056
-1.4427112340927124
-0.9948037266731262
-1.446075439453125
-0.9882965683937073
-1.4532153606414795
-0.9910757541656494
-1.4567155838012695
-0.9827890396118164
-1.4426510334014893
-0.9781460165977478
-1.457403302192688
-0.9810057282447815
-1.4610923528671265
-0.9784627556800842
-1.4664746522903442
-1.0000114440917969
-1.4380767345428467
-1.010130524635315
-1.4509210586547852
-0.9977086782455444
-1.4696130752563477
-1.0173001289367676
-1.471838355064392
-1.0199522972106934
-1.4753423929214478
-1.022680401802063
-1.478874683380127
-1.0406084060668945
-1.463934063911438
-1.0140957832336426
-1.4842690229415894
-1.0120545625686646
-1.5014327764511108
-1.0283626317977905
-1.4964864253997803
-1.03110933303833
-1.4999765157699585
-1.077804446220398
-1.527653694152832
-1.0506796836853027
-1.5293943881988525
-1.0534662008285522
-1.5327898263931274
-1.03281831741333
-1.5122486352920532
-1.0300778150558472
-1.508526086807251
-1.033765435218811
-1.5120115280151367
-1.0313642024993896
-1.5314754247665405
-1.0350760221481323
-1.5349061489105225
-1.0621662139892578
-1.4961414337158203
-1.0659143924713135
-1.4992269277572632
-1.0534112453460693
-1.5113861560821533
-1.0441094636917114
-1.540831208229065
-1.0418728590011597
-1.55367112159729
-1.0461559295654297
-1.5569719076156616
-1.0504029989242554
-1.560184359550476
-1.0481559038162231
-1.5669095516204834
-1.0708961486816406
-1.5627189874649048
-1.0751088857650757
-1.5655155181884766
-1.0461560487747192
-1.5921400785446167
-1.0595728158950806
-1.589551568031311
-1.0644010305404663
-1.5923268795013428
-1.0692479610443115
-1.5950678586959839
-1.073207139968872
-1.5897119045257568
-1.0782092809677124
-1.5923057794570923
-1.0831727981567383
-1.594842791557312
-1.11393404006958
-1.5936896800994873
-1.1185472011566162
-1.5957576036453247
-1.1178486347198486
-1.5673481225967407
-1.118525743484497
-1.5772414207458496
-1.1038647890090942
-1.576828122138977
-1.1079429388046265
-1.5995259284973145
-1.1402359008789062
-1.5800305604934692
-1.1166421175003052
-1.6012828350067139
-1.1183921098709106
-1.6135081052780151
-1.1237808465957642
-1.615446925163269
-1.1275802850723267
-1.6210658550262451
-1.113086223602295
-1.6439322233200073
-1.1535581350326538
-1.6069064140319824
-1.1785597801208496
-1.6170814037322998
-1.1827059984207153
-1.6183199882507324
-1.1464873552322388
-1.6496458053588867
-1.1780675649642944
-1.6126246452331543
-1.1673762798309326
-1.6279209852218628
-1.172882318496704
-1.62923264503479
-1.191100835800171
-1.6277228593826294
-1.196104645729065
-1.6288230419158936
-1.2171579599380493
-1.6397165060043335
-1.2217442989349365
-1.6407088041305542
-1.2265084981918335
-1.6417410373687744
-1.2301069498062134
-1.6113555431365967
-1.2147786617279053
-1.6097110509872437
-1.2201757431030273
-1.61064875125885
-1.2396422624588013
-1.633741855621338
-1.2187309265136719
-1.635623574256897
-1.2241063117980957
-1.6366006135940552
-1.2295173406600952
-1.6231354475021362
-1.212334394454956
-1.665920376777649
-1.2184460163116455
-1.666930913925171
-1.2123003005981445
-1.6805733442306519
-1.2559329271316528
-1.6299902200698853
-1.2764753103256226
-1.635166883468628
-1.281093716621399
-1.6359353065490723
-1.285986065864563
-1.6367487907409668
-1.2908560037612915
-1.637554407119751
-1.278505802154541
-1.6248602867126465
-1.2838352918624878
-1.6257102489471436
-1.3592302799224854
-1.6771433353424072
-1.3446511030197144
-1.664151906967163
-1.3380379676818848
-1.6503291130065918
-1.3081082105636597
-1.6579893827438354
-1.3167911767959595
-1.662000298500061
-1.3268563747406006
-1.6646419763565063
-1.334840178489685
-1.6659780740737915
-1.3395556211471558
-1.6669166088104248
-1.3443163633346558
-1.6678434610366821
-1.3398557901382446
-1.669170618057251
-1.3447775840759277
-1.6702816486358643
-1.3645421266555786
-1.6315193176269531
-1.385528802871704
-1.6528565883636475
-1.3895807266235352
-1.653974175453186
-1.3938102722167969
-1.655113697052002
-1.37376868724823
-1.6653838157653809
-1.3775219917297363
-1.669856309890747
-1.409222960472107
-1.636009693145752
-1.4328104257583618
-1.657302975654602
-1.4365328550338745
-1.658310890197754
-1.440396785736084
-1.6593291759490967
-1.4442777633666992
-1.6603223085403442
-1.4105499982833862
-1.6711267232894897
-1.4155805110931396
-1.6724940538406372
-1.4158426523208618
-1.677935004234314
-1.4075117111206055
-1.6526188850402832
-1.4978030920028687
-1.708290457725525
-1.4542044401168823
-1.6927176713943481
-1.4306073188781738
-1.658174753189087
-1.435353398323059
-1.659307599067688
-1.516955852508545
-1.7123794555664062
-1.518469214439392
-1.7128065824508667
-1.4909403324127197
-1.708119511604309
-1.4949191808700562
-1.7092245817184448
-1.498738169670105
-1.710237741470337
-1.4685617685317993
-1.6710325479507446
-1.4981778860092163
-1.6817604303359985
-1.5018820762634277
-1.6826984882354736
-1.506413221359253
-1.6837929487228394
-1.5101135969161987
-1.684643268585205
-1.4751163721084595
-1.6954891681671143
-1.4717073440551758
-1.6687811613082886
-1.4766180515289307
-1.6900584697723389
-1.4817354679107666
-1.6909184455871582
-1.4727414846420288
-1.698723554611206
-1.478342890739441
-1.6995750665664673
-1.4676704406738281
-1.715024709701538
-1.458491563796997
-1.7427083253860474
-1.464563012123108
-1.7436033487319946
-1.470475435256958
-1.7443913221359253
-1.48423171043396
-1.7254393100738525
-1.4979963302612305
-1.6888684034347534
-1.5032260417938232
-1.6938964128494263
-1.5106459856033325
-1.6701276302337646
-1.5034650564193726
-1.7002302408218384
-1.510321855545044
-1.7045612335205078
-1.5121071338653564
-1.714392900466919
-1.5164865255355835
-1.720508098602295
-1.5466395616531372
-1.7128376960754395
-1.554646611213684
-1.7098164558410645
-1.5253530740737915
-1.7499157190322876
-1.575270175933838
-1.7383991479873657
-1.5806478261947632
-1.737740159034729
-1.5484182834625244
-1.7642322778701782
-1.5550639629364014
-1.763375997543335
-1.5650283098220825
-1.7410156726837158
-1.604249358177185
-1.728641152381897
-1.6095470190048218
-1.7277467250823975
-1.6017544269561768
-1.6823253631591797
-1.6072527170181274
-1.6812037229537964
-1.5801595449447632
-1.7146475315093994
-1.5866949558258057
-1.7130874395370483
-1.5927430391311646
-1.711587905883789
-1.5897531509399414
-1.719354510307312
-1.596009612083435
-1.7176722288131714
-1.6021614074707031
-1.7159639596939087
-1.6211482286453247
-1.6750644445419312
-1.6269561052322388
-1.6734230518341064
-1.6291483640670776
-1.7004549503326416
-1.6255472898483276
-1.7162295579910278
-1.6242338418960571
-1.715764045715332
-1.6303834915161133
-1.7137744426727295
-1.6364861726760864
-1.711741328239441
-1.6425310373306274
-1.7096681594848633
-1.630707025527954
-1.7433406114578247
-1.6538536548614502
-1.6877055168151855
-1.6597568988800049
-1.6854504346847534
-1.6655776500701904
-1.6831718683242798
-1.6709344387054443
-1.6961511373519897
-1.6768985986709595
-1.693734049797058
-1.6680363416671753
-1.733898401260376
-1.674459457397461
-1.7310205698013306
-1.6908026933670044
-1.709668755531311
-1.7152119874954224
-1.6976351737976074
-1.7204926013946533
-1.6951487064361572
-1.7184544801712036
-1.6769369840621948
-1.7236219644546509
-1.6743707656860352
-1.7321993112564087
-1.64460027217865
-1.7375411987304688
-1.6419399976730347
-1.744309663772583
-1.6309605836868286
-1.7471040487289429
-1.6607965230941772
-1.7394890785217285
-1.704622507095337
-1.7453944683074951
-1.7012965679168701
-1.7702378034591675
-1.682162880897522
-1.7690473794937134
-1.6736127138137817
-1.774359941482544
-1.6705429553985596
-1.7770284414291382
-1.6678600311279297
-1.7652952671051025
-1.7019740343093872
-1.7832874059677124
-1.673180103302002
-1.7721225023269653
-1.6989604234695435
-1.7881453037261963
-1.6698447465896606
-1.7933588027954102
-1.6664444208145142
-1.7986546754837036
-1.6629081964492798
-1.811562180519104
-1.6489505767822266
-1.816582202911377
-1.6454094648361206
-1.8275151252746582
-1.602003812789917
-1.8149950504302979
-1.6548893451690674
-1.8344159126281738
-1.602521300315857
-1.8424321413040161
-1.6154308319091797
-1.8377755880355835
-1.6500699520111084
-1.8429157733917236
-1.6460316181182861
-1.8582124710083008
-1.5925019979476929
-1.8513725996017456
-1.6369264125823975
-1.8565213680267334
-1.632744312286377
-1.8535141944885254
-1.650276780128479
-1.8667473793029785
-1.588268518447876
-1.8672661781311035
-1.62629234790802
-1.870212197303772
-1.638271689414978
-1.885938286781311
-1.6080273389816284
-1.8966896533966064
-1.5946290493011475
-1.9053113460540771
-1.5854945182800293
-1.9097849130630493
-1.5815448760986328
-1.9157671928405762
-1.5867500305175781
-1.920236587524414
-1.5827398300170898
-1.9340513944625854
-1.566732406616211
-1.9385995864868164
-1.5293757915496826
-1.9459763765335083
-1.541068434715271
-1.947574257850647
-1.513985276222229
-1.9516760110855103
-1.5101906061172485
-1.9557874202728271
-1.5062669515609741
-1.9641491174697876
-1.523295283317566
-1.9681799411773682
-1.5191603899002075
-1.9890530109405518
-1.5208942890167236
-1.9927490949630737
-1.516823410987854
-2.011239767074585
-1.5119863748550415
-2.000131368637085
-1.512096643447876
-2.019148826599121
-1.5048686265945435
-2.0140044689178467
-1.502047061920166
-2.0149505138397217
-1.4973031282424927
-2.018528938293457
-1.4928677082061768
-2.0230090618133545
-1.4875779151916504
-2.021258592605591
-1.455553412437439
-2.0246639251708984
-1.450878381729126
-2.0280392169952393
-1.4460822343826294
-2.0376925468444824
-1.4575904607772827
-2.0409419536590576
-1.4526745080947876
-2.031592607498169
-1.489126443862915
-2.058263063430786
-1.4664829969406128
-2.053741216659546
-1.4586230516433716
-2.103924512863159
-1.4477273225784302
-2.070493698120117
-1.4694279432296753
-2.0735838413238525
-1.4638711214065552
-2.0883333683013916
-1.4411580562591553
-2.0910422801971436
-1.4357777833938599
-2.0937464237213135
-1.4301682710647583
-2.0964016914367676
-1.4244109392166138
-2.087275981903076
-1.4158351421356201
-2.082149028778076
-1.437659740447998
-2.084744691848755
-1.4316564798355103
-2.0872740745544434
-1.4255238771438599
-2.110337257385254
-1.4018923044204712
-2.112567186355591
-1.3958176374435425
-2.099189281463623
-1.4133349657058716
-2.1237480640411377
-1.3888956308364868
-2.1257753372192383
-1.3826926946640015
-2.1277472972869873
-1.3762829303741455
-2.1296422481536865
-1.3697274923324585
-2.119119167327881
-1.3532143831253052
-2.1207261085510254
-1.3465524911880493
-2.114809513092041
-1.370172381401062
-2.1227340698242188
-1.3514773845672607
-2.123976945877075
-1.3444507122039795
-2.125124931335449
-1.337314248085022
-2.1261777877807617
-1.3300760984420776
-2.1299924850463867
-1.335921287536621
-2.130892038345337
-1.3285834789276123
-2.1246421337127686
-1.2967556715011597
-2.1338837146759033
-1.298379898071289
-2.134171485900879
-1.2908815145492554
-2.1288514137268066
-1.2750908136367798
-2.1380856037139893
-1.2695200443267822
-2.137830972671509
-1.2616987228393555
-2.1441242694854736
-1.2547632455825806
-2.1435186862945557
-1.2470048666000366
-2.142822027206421
-1.239241123199463
-2.142037868499756
-1.2314453125
-2.145177125930786
-1.2426793575286865
-2.1439778804779053
-1.2346704006195068
-2.13895320892334
-1.2003179788589478
-2.134997606277466
-1.181018352508545
-2.1411054134368896
-1.206176996231079
-2.1437859535217285
-1.212064266204834
-2.141551971435547
-1.2041608095169067
-2.144176721572876
-1.2014367580413818
-2.1417224407196045
-1.1935452222824097
-2.1392340660095215
-1.1856893301010132
-2.140014886856079
-1.1637917757034302
-2.130739212036133
-1.1331373453140259
-2.1323647499084473
-1.1513851881027222
-2.1270387172698975
-1.1234527826309204
-2.1238768100738525
-1.116057276725769
-2.118452548980713
-1.1099622249603271
-2.1205554008483887
-1.109268307685852
-2.1293063163757324
-1.0779587030410767
-2.124966859817505
-1.1039267778396606
-2.1210367679595947
-1.0965834856033325
-2.1114988327026367
-1.0984991788864136
-2.1076745986938477
-1.0913043022155762
-2.097695827484131
-1.0848125219345093
-2.093644857406616
-1.0779613256454468
-2.1005656719207764
-1.0429761409759521
-2.0960659980773926
-1.0365389585494995
-2.081735134124756
-1.0487548112869263
-2.0773417949676514
-1.0422567129135132
-2.0682849884033203
-1.039973497390747
-2.089444875717163
-1.020848035812378
-2.0674595832824707
-1.0216681957244873
-2.0692014694213867
-1.0002381801605225
-2.056040048599243
-0.9918876886367798
-2.0516412258148193
-0.9857694506645203
-2.039297342300415
-0.9938306212425232
-2.0350611209869385
-0.9874054789543152
-2.055551290512085
-0.9737548828125
-2.0303432941436768
-0.9592429995536804
-2.0368943214416504
-0.951697051525116
-2.0183322429656982
-0.937666118144989
-2.0118939876556396
-0.9550678133964539
-2.00833797454834
-0.9483928084373474
-2.007427215576172
-0.9541712403297424
-2.004070520401001
-0.9473199248313904
-1.9968831539154053
-0.9330986142158508
-1.9936671257019043
-0.9264479875564575
-1.9904358386993408
-0.9197781682014465
-1.9872113466262817
-0.9131540060043335
-1.9801770448684692
-0.9191530346870422
-1.9777086973190308
-0.91225266456604
-1.9688175916671753
-0.8960815072059631
-1.9666107892990112
-0.8892928957939148
-1.9670475721359253
-0.8941231966018677
-1.964910864830017
-0.8872313499450684
-1.9600306749343872
-0.8683739900588989
-1.9707579612731934
-0.8526708483695984
-1.9588284492492676
-0.8521897196769714
-1.9500547647476196
-0.8423504829406738
-1.947687029838562
-0.8361951112747192
-1.9441646337509155
-0.8353409171104431
-1.9424992799758911
-0.8287172317504883
-1.934279441833496
-0.8214985728263855
-1.9400502443313599
-0.8347602486610413
-1.9389063119888306
-0.8282454013824463
-1.9421101808547974
-0.8267074227333069
-1.9409526586532593
-0.8201944828033447
-1.9407458305358887
-0.8211722373962402
-1.9395087957382202
-0.8146617412567139
-1.9383498430252075
-0.8127884864807129
-1.9343349933624268
-0.7974093556404114
-1.93218195438385
-0.7859413027763367
-1.931017279624939
-0.7796993255615234
-1.9395512342453003
-0.7682974338531494
-1.949100136756897
-0.7335783243179321
-1.9426076412200928
-0.7326960563659668
-1.9406532049179077
-0.7263923287391663
-1.9309237003326416
-0.7488709092140198
-1.9237840175628662
-0.7385072112083435
-1.9180201292037964
-0.723333477973938
-1.9244334697723389
-0.7303826212882996
-1.9225211143493652
-0.7240989208221436
-1.920200228691101
-0.7098682522773743
-1.9358834028244019
-0.6969133019447327
-1.9327397346496582
-0.6896514892578125
-1.9304547309875488
-0.6907354593276978
-1.9271764755249023
-0.6840013265609741
-1.9213721752166748
-0.676900327205658
-1.9146385192871094
-0.6644331216812134
-1.9157228469848633
-0.666188657283783
-1.9119123220443726
-0.6601352095603943
-1.907784342765808
-0.6537810564041138
-1.9040790796279907
-0.6482372879981995
-1.8991031646728516
-0.6433815956115723
-1.896557331085205
-0.6304913759231567
-1.89473295211792
-0.6196274161338806
-1.8898015022277832
-0.6142098307609558
-1.8907785415649414
-0.6100790500640869
-1.8854784965515137
-0.604853630065918
-1.8802214860916138
-0.5997617244720459
-1.8791145086288452
-0.5987324118614197
-1.8853470087051392
-0.5883938074111938
-1.8878202438354492
-0.574303388595581
-1.8707326650619507
-0.5711796879768372
-1.8624986410140991
-0.5686697959899902
-1.8526674509048462
-0.5583010315895081
-1.8462849855422974
-0.5547748804092407
-1.840653896331787
-0.552499532699585
-1.8323396444320679
-0.5404081344604492
-1.8292328119277954
-0.5439372062683105
-1.8227216005325317
-0.54105144739151
-1.820847988128662
-0.5380401611328125
-1.8216556310653687
-0.5431002974510193
-1.8117843866348267
-0.537207841873169
-1.8016575574874878
-0.5297332406044006
-1.7951256036758423
-0.5275716185569763
-1.7929292917251587
-0.5236486196517944
-1.7863463163375854
-0.5215555429458618
-1.7798703908920288
-0.5194573998451233
-1.7773178815841675
-0.5248162746429443
-1.7802842855453491
-0.5172159671783447
-1.7735787630081177
-0.5152427554130554
-1.7642019987106323
-0.5074367523193359
-1.7473034858703613
-0.5031112432479858
-1.7350345849990845
-0.5095545053482056
-1.7289412021636963
-0.5079343318939209
-1.73341703414917
-0.4941495954990387
-1.7057030200958252
-0.5017275214195251
-1.7000285387039185
-0.5000398755073547
-1.6954090595245361
-0.5035800933837891
-1.6840604543685913
-0.495481014251709
-1.6843276023864746
-0.5027469992637634
-1.678499698638916
-0.5007673501968384
-1.6772350072860718
-0.495337575674057
-1.658469319343567
-0.495177298784256
-1.6512188911437988
-0.4969399571418762
-1.6459134817123413
-0.4946396052837372
-1.6406456232070923
-0.4923582077026367
-1.6436573266983032
-0.4786170721054077
-1.6333898305892944
-0.47630637884140015
-1.6194465160369873
-0.4784042239189148
-1.6080695390701294
-0.4789881408214569
-1.6032692193984985
-0.4765803813934326
-1.6061745882034302
-0.4846112132072449
-1.601485252380371
-0.48179152607917786
-1.5947827100753784
-0.4715830385684967
-1.590236783027649
-0.4688630700111389
-1.5856648683547974
-0.4661712944507599
-1.5730586051940918
-0.4659557640552521
-1.568786382675171
-0.46325069665908813
-1.5651575326919556
-0.4653642773628235
-1.568637490272522
-0.4704863429069519
-1.5674102306365967
-0.4708693325519562
-1.5635039806365967
-0.4676957428455353
-1.5540801286697388
-0.45946574211120605
-1.5515273809432983
-0.46035289764404297
-1.5477274656295776
-0.45729517936706543
-1.5392227172851562
-0.4517786204814911
-1.532236099243164
-0.44904184341430664
-1.528732419013977
-0.44600704312324524
-1.5269335508346558
-0.4442645311355591
-1.5224958658218384
-0.44242149591445923
-1.524290919303894
-0.44489216804504395
-1.525578260421753
-0.44225648045539856
-1.5218788385391235
-0.43897533416748047
-1.5184516906738281
-0.43602555990219116
-1.5136932134628296
-0.43080779910087585
-1.5172616243362427
-0.43113023042678833
-1.5134468078613281
-0.4280540347099304
-1.5064101219177246
-0.4228954017162323
-1.52179753780365
-0.41342422366142273
-1.5093966722488403
-0.4125312566757202
-1.5056103467941284
-0.4096457362174988
-1.5015923976898193
-0.4066786766052246
-1.513832688331604
-0.39716050028800964
-1.5036042928695679
-0.40008115768432617
-1.493411898612976
-0.39736926555633545
-1.4985014200210571
-0.4001063108444214
-1.4934911727905273
-0.39749807119369507
-1.5074348449707031
-0.38586434721946716
-1.4935204982757568
-0.3843682110309601
-1.4707359075546265
-0.3761835992336273
-1.482073187828064
-0.38405826687812805
-1.471105933189392
-0.368899941444397
-1.465860366821289
-0.36698105931282043
-1.461216688156128
-0.35223323106765747
-1.4443235397338867
-0.3497658669948578
-1.4417587518692017
-0.3512909412384033
-1.4362473487854004
-0.3500930964946747
-1.431928038597107
-0.3481370508670807
-1.42532479763031
-0.34476763010025024
-1.4200245141983032
-0.34256500005722046
-1.4185771942138672
-0.3359043598175049
-1.4128915071487427
-0.3356347680091858
-1.4113378524780273
-0.3409557044506073
-1.4064247608184814
-0.3313165009021759
-1.4006829261779785
-0.3314851224422455
-1.3950233459472656
-0.3316735327243805
-1.3894214630126953
-0.3318823575973511
-1.3788477182388306
-0.3318576514720917
-1.3821496963500977
-0.3271598517894745
-1.376451849937439
-0.3277553617954254
-1.3697303533554077
-0.3166408836841583
-1.364173173904419
-0.3175675868988037
-1.3584673404693604
-0.3185240626335144
-1.3532344102859497
-0.319409042596817
-1.3515477180480957
-0.31358322501182556
-1.3459992408752441
-0.31466734409332275
-1.3355408906936646
-0.3215804100036621
-1.321694254875183
-0.32180893421173096
-1.3092734813690186
-0.3264690041542053
-1.3044159412384033
-0.3278830945491791
-1.307220697402954
-0.3245036005973816
-1.2961277961730957
-0.3248230218887329
-1.2912591695785522
-0.3262934386730194
-1.2854281663894653
-0.3299731910228729
-1.2910983562469482
-0.33035850524902344
-1.2664141654968262
-0.3408251106739044
-1.2619246244430542
-0.3420473039150238
-1.259062647819519
-0.3437747359275818
-1.2543933391571045
-0.3451021909713745
-1.2478270530700684
-0.3466734290122986
-1.2432385683059692
-0.34783485531806946
-1.2379810810089111
-0.3493334650993347
-1.2251266241073608
-0.3481443524360657
-1.2208205461502075
-0.3491990566253662
-1.2305941581726074
-0.3454289138317108
-1.21369206905365
-0.35286131501197815
-1.2094566822052002
-0.3538665175437927
-1.19545316696167
-0.35651081800460815
-1.1914117336273193
-0.35744261741638184
-1.1825988292694092
-0.36176374554634094
-1.1750646829605103
-0.3646615743637085
-1.171288013458252
-0.3653356432914734
-1.1743706464767456
-0.35900118947029114
-1.1537233591079712
-0.3731170892715454
-1.1564029455184937
-0.3673481047153473
-1.142981767654419
-0.3808557093143463
-1.1392930746078491
-0.38135263323783875
-1.1287509202957153
-0.38700053095817566
-1.125433087348938
-0.37733063101768494
-1.122199296951294
-0.37577787041664124
-1.115272045135498
-0.3801013231277466
-1.107198715209961
-0.38604098558425903
-1.1037479639053345
-0.38640254735946655
-1.0965614318847656
-0.39123794436454773
-1.0932317972183228
-0.39162805676460266
-1.096872091293335
-0.38239786028862
-1.1005247831344604
-0.37689656019210815
-1.0876408815383911
-0.3805977404117584
-1.0842453241348267
-0.38103577494621277
-1.0822840929031372
-0.3843262195587158
-1.0810797214508057
-0.3811616897583008
-1.0775014162063599
-0.3815664052963257
-1.080223560333252
-0.3789740800857544
-1.0589611530303955
-0.38564667105674744
-1.0510151386260986
-0.3895035982131958
-1.0529249906539917
-0.386038601398468
-1.0515389442443848
-0.3812883794307709
-1.0480362176895142
-0.38196349143981934
-1.0439420938491821
-0.3879697620868683
-1.0424576997756958
-0.3937555253505707
-1.0389195680618286
-0.3944479823112488
-1.0343931913375854
-0.3916241228580475
-1.040776252746582
-0.38442882895469666
-1.036922574043274
-0.382914274930954
-1.0331798791885376
-0.3838784992694855
-1.0370044708251953
-0.38490763306617737
-1.033067226409912
-0.3859216868877411
-1.0318291187286377
-0.38630110025405884
-1.0344867706298828
-0.3811696767807007
-1.0303789377212524
-0.3824195861816406
-1.0268787145614624
-0.3819100260734558
-1.0228239297866821
-0.3833119869232178
-1.020423173904419
-0.38342124223709106
-1.0113599300384521
-0.38866057991981506
-1.0065735578536987
-0.3894166052341461
-0.9927448630332947
-0.3887472152709961
-1.002561330795288
-0.3843151032924652
-0.9985130429267883
-0.38591381907463074
-1.0019851922988892
-0.38255274295806885
-1.0007189512252808
-0.38041356205940247
-0.9883025884628296
-0.3885035514831543
-0.9827666282653809
-0.38821104168891907
-0.9788867831230164
-0.3901132345199585
-0.976069986820221
-0.38992539048194885
-0.9721952676773071
-0.39187437295913696
-0.9645951390266418
-0.3982101380825043
-0.9560850858688354
-0.4015107750892639
-0.9473262429237366
-0.39555472135543823
-0.9438279867172241
-0.3978619873523712
-0.9474838972091675
-0.400614857673645
-0.9438499212265015
-0.40301400423049927
-0.936631441116333
-0.4092390239238739
-0.9269641637802124
-0.41151806712150574
-0.9168524742126465
-0.4150925278663635
-0.9135868549346924
-0.4174688458442688
-0.9119324088096619
-0.42040950059890747
-0.9038938879966736
-0.4223334789276123
-0.9013779163360596
-0.42201265692710876
-0.8917860388755798
-0.4279586374759674
-0.8888375759124756
-0.43062955141067505
-0.8858626484870911
-0.4333471357822418
-0.8838426470756531
-0.4348074197769165
-0.8808631300926208
-0.43759533762931824
-0.8664688467979431
-0.4464009404182434
-0.8637210130691528
-0.4490964710712433
-0.868900716304779
-0.44395917654037476
-0.8660340309143066
-0.44688060879707336
-0.862546980381012
-0.45169597864151
-0.8596838712692261
-0.4545528292655945
-0.8568176627159119
-0.4574339985847473
-0.8539522290229797
-0.4603348970413208
-0.8510874509811401
-0.46325480937957764
-0.863057553768158
-0.4511888325214386
-0.863057553768158
-0.4511888325214386
-0.8492992520332336
-0.46267077326774597
-0.8462275266647339
-0.46615803241729736
-0.8433595299720764
-0.4694273769855499
-0.8424142599105835
-0.4701549708843231
-0.8395702242851257
-0.47334784269332886
-0.8396903276443481
-0.4729420244693756
-0.8365054130554199
-0.4742417335510254
-0.8343539237976074
-0.4784044921398163
-0.8314061164855957
-0.48160067200660706
-0.8248127102851868
-0.48804599046707153
-0.8130863308906555
-0.49596694111824036
-0.8110031485557556
-0.4994525611400604
-0.8105928301811218
-0.5020433068275452
-0.8171576857566833
-0.49823325872421265
-0.8142416477203369
-0.5016096234321594
-0.8173123598098755
-0.5017149448394775
-0.8145001530647278
-0.5052545666694641
-0.8087117671966553
-0.5084508657455444
-0.8112233877182007
-0.5049198269844055
-0.8081701993942261
-0.5081693530082703
-0.812765896320343
-0.5060498118400574
-0.8132186532020569
-0.5099040865898132
-0.8165252804756165
-0.5065535306930542
-0.8099167943000793
-0.5086835622787476
-0.8019276261329651
-0.5175203084945679
-0.802861750125885
-0.5184085965156555
-0.7994058728218079
-0.5215396285057068
-0.7959732413291931
-0.524677038192749
-0.7925610542297363
-0.5278224349021912
-0.7891703844070435
-0.5309742093086243
-0.792486310005188
-0.5302382111549377
-0.7772034406661987
-0.544095516204834
-0.7731420397758484
-0.5447863936424255
-0.7711488604545593
-0.5473048686981201
-0.7678175568580627
-0.5503709316253662
-0.760811984539032
-0.5579860210418701
-0.7575485110282898
-0.5609114766120911
-0.7504881024360657
-0.5676958560943604
-0.7515705823898315
-0.5655502676963806
-0.7418933510780334
-0.577130138874054
-0.7387674450874329
-0.5799465179443359
-0.7318711280822754
-0.5829823017120361
-0.728798508644104
-0.5858777761459351
-0.7486100196838379
-0.5788049697875977
-0.7383911609649658
-0.5861067771911621
-0.719509482383728
-0.5972975492477417
-0.7166690826416016
-0.6001385450363159
-0.6941980123519897
-0.613257884979248
-0.6915709376335144
-0.6159898638725281
-0.6888133883476257
-0.6188914179801941
-0.6995449662208557
-0.6081375479698181
-0.6946873664855957
-0.615824818611145
-0.6916210651397705
-0.6267544031143188
-0.6710433959960938
-0.6408873796463013
-0.6687223315238953
-0.6437980532646179
-0.6723855137825012
-0.6334118247032166
-0.6698669791221619
-0.636173665523529
-0.6637839078903198
-0.6452168226242065
-0.6606135964393616
-0.6494284868240356
-0.6370824575424194
-0.6679432392120361
-0.6341485381126404
-0.6719812154769897
-0.643051028251648
-0.6665811538696289
-0.6445378661155701
-0.6614809632301331
-0.6402066349983215
-0.6665148735046387
-0.6362850069999695
-0.6705521941184998
-0.6340750455856323
-0.6738490462303162
-0.6246410608291626
-0.6801861524581909
-0.6280056834220886
-0.6816816329956055
-0.6325114965438843
-0.6785855293273926
-0.6273612380027771
-0.6850525140762329
-0.6253214478492737
-0.6885251998901367
-0.6248619556427002
-0.6898999810218811
-0.6244456768035889
-0.6924273371696472
-0.6224274039268494
-0.6960203051567078
-0.6234506964683533
-0.6917088627815247
-0.6139553785324097
-0.700169026851654
-0.6134899854660034
-0.6997289657592773
-0.6137168407440186
-0.7028992772102356
-0.6109080910682678
-0.7037407755851746
-0.6092045903205872
-0.7080020308494568
-0.6071438789367676
-0.7116551399230957
-0.5980609059333801
-0.7179726362228394
-0.5959028005599976
-0.7214388847351074
-0.606389045715332
-0.7063834071159363
-0.6041659116744995
-0.7101835608482361
-0.5912765264511108
-0.726405680179596
-0.5859593152999878
-0.7327095866203308
-0.5938605070114136
-0.7304216623306274
-0.5919446349143982
-0.7342438101768494
-0.5943212509155273
-0.7388155460357666
-0.5926195383071899
-0.742302417755127
-0.5743244886398315
-0.7516600489616394
-0.5742666125297546
-0.7521425485610962
-0.5697028040885925
-0.7560935616493225
-0.5678896903991699
-0.7598434090614319
-0.5729492902755737
-0.7606239914894104
-0.5654612183570862
-0.7719030380249023
-0.5638471245765686
-0.7757217288017273
-0.5730258226394653
-0.7661578059196472
-0.5713419914245605
-0.7702054977416992
-0.559210479259491
-0.780508816242218
-0.5796500444412231
-0.7770334482192993
-0.5673924088478088
-0.7868291735649109
-0.5657951235771179
-0.7908321619033813
-0.5827450752258301
-0.7927176356315613
-0.5591014623641968
-0.8112819790840149
-0.5576590895652771
-0.8150432109832764
-0.546116054058075
-0.8156619668006897
-0.5391133427619934
-0.826895534992218
-0.5376874208450317
-0.8307444453239441
-0.552063524723053
-0.8303545713424683
-0.5505765080451965
-0.8344132900238037
-0.5429829359054565
-0.8401812314987183
-0.5297235250473022
-0.8525192141532898
-0.5284202098846436
-0.8563629984855652
-0.5325534343719482
-0.8598179817199707
-0.5310577154159546
-0.8637245893478394
-0.5236392617225647
-0.8714577555656433
-0.5343140959739685
-0.863985538482666
-0.5314675569534302
-0.8741757869720459
-0.5300095081329346
-0.8780936002731323
-0.5197048783302307
-0.8889061212539673
-0.5181788206100464
-0.8927037119865417
-0.5214833617210388
-0.8926165103912354
-0.5142427086830139
-0.899343729019165
-0.5125334858894348
-0.9031718373298645
-0.511030912399292
-0.9087706208229065
-0.5147990584373474
-0.9163554906845093
-0.5130561590194702
-0.920247495174408
-0.5071200132369995
-0.9255647659301758
-0.5049580931663513
-0.9275224804878235
-0.49542927742004395
-0.9317694902420044
-0.4935404360294342
-0.9354576468467712
-0.49850302934646606
-0.939287006855011
-0.5148751735687256
-0.9333792924880981
-0.5126489400863647
-0.937275230884552
-0.5017591118812561
-0.9484196901321411
-0.49942508339881897
-0.9521490931510925
-0.4970763325691223
-0.9558788537979126
-0.4947156608104706
-0.9596053957939148
-0.49142012000083923
-0.9653220176696777
-0.5013808012008667
-0.9683976769447327
-0.4989236295223236
-0.9722345471382141
-0.4916689395904541
-0.9724363088607788
-0.49994680285453796
-0.970771849155426
-0.4972395896911621
-0.9745634198188782
-0.4973471462726593
-0.9733030200004578
-0.4945344030857086
-0.9771290421485901
-0.4933663308620453
-0.9766551852226257
-0.4878462851047516
-0.9900211691856384
-0.4935538172721863
-0.9928340911865234
-0.4846140742301941
-1.007860779762268
-0.48185738921165466
-1.011499047279358
-0.4747994840145111
-1.0192025899887085
-0.47200044989585876
-1.0228021144866943
-0.4817768931388855
-1.0225547552108765
-0.45412856340408325
-1.030722975730896
-0.4551965296268463
-1.0325733423233032
-0.46078407764434814
-1.038975715637207
-0.47512510418891907
-1.0454094409942627
-0.4719786047935486
-1.0490388870239258
-0.46885061264038086
-1.0526317358016968
-0.451692134141922
-1.048329472541809
-0.44854071736335754
-1.0516659021377563
-0.45222023129463196
-1.0449281930923462
-0.44878506660461426
-1.0483925342559814
-0.44271621108055115
-1.0556641817092896
-0.4392181634902954
-1.0642707347869873
-0.42813536524772644
-1.070104956626892
-0.44294804334640503
-1.0711259841918945
-0.44069573283195496
-1.081141710281372
-0.41914448142051697
-1.0866315364837646
-0.40875470638275146
-1.0922772884368896
-0.4055825471878052
-1.095158338546753
-0.43032220005989075
-1.091800332069397
-0.42664381861686707
-1.0951390266418457
-0.4231806695461273
-1.0982969999313354
-0.41148868203163147
-1.1073864698410034
-0.40322715044021606
-1.1058400869369507
-0.39289072155952454
-1.113065242767334
-0.3907982409000397
-1.1221500635147095
-0.3875439465045929
-1.1250158548355103
-0.3895220160484314
-1.1173840761184692
-0.38611268997192383
-1.1202975511550903
-0.3915165066719055
-1.122852087020874
-0.3880319893360138
-1.1257730722427368
-0.36118409037590027
-1.1372740268707275
-0.3579913079738617
-1.1398364305496216
-0.36938774585723877
-1.1315776109695435
-0.3671353757381439
-1.132542610168457
-0.35312598943710327
-1.14523184299469
-0.3543073236942291
-1.1473217010498047
-0.35444971919059753
-1.1461658477783203
-0.35110223293304443
-1.1488746404647827
-0.350262850522995
-1.1592354774475098
-0.34760454297065735
-1.1540361642837524
-0.3441828489303589
-1.1549649238586426
-0.34525686502456665
-1.1656545400619507
-0.3385154604911804
-1.1634514331817627
-0.33425208926200867
-1.1684709787368774
-0.3310578167438507
-1.1714006662368774
-0.3209298849105835
-1.173194169998169
-0.3178895115852356
-1.1761282682418823
-0.31681153178215027
-1.1860625743865967
-0.3138464391231537
-1.1891416311264038
-0.31315281987190247
-1.1913281679153442
-0.3221478760242462
-1.1920496225357056
-0.3106723427772522
-1.1901423931121826
-0.3076506555080414
-1.1932504177093506
-0.30085140466690063
-1.201072335243225
-0.2979624271392822
-1.2042428255081177
-0.29507240653038025
-1.2074211835861206
-0.29218512773513794
-1.2106021642684937
-0.27706924080848694
-1.2130588293075562
-0.27439039945602417
-1.216084361076355
-0.2578488886356354
-1.2178153991699219
-0.255234032869339
-1.2206312417984009
-0.25253939628601074
-1.223549485206604
-0.2656773626804352
-1.230073094367981
-0.27915287017822266
-1.2291444540023804
-0.2741360068321228
-1.2171701192855835
-0.2653849124908447
-1.2242473363876343
-0.262679785490036
-1.2275619506835938
-0.25993120670318604
-1.23092520236969
-0.25640395283699036
-1.2106821537017822
-0.2534158229827881
-1.2271538972854614
-0.2507038712501526
-1.2305234670639038
-0.2520574927330017
-1.209206461906433
-0.24984823167324066
-1.2227319478988647
-0.24746021628379822
-1.2373661994934082
-0.25708067417144775
-1.24854576587677
-0.2544674277305603
-1.252276062965393
-0.24440614879131317
-1.2488458156585693
-0.24890448153018951
-1.2607005834579468
-0.2463197261095047
-1.2644355297088623
-0.2437228262424469
-1.2681541442871094
-0.24832262098789215
-1.2722244262695312
-0.2361646592617035
-1.2790096998214722
-0.22780121862888336
-1.2719138860702515
-0.24346923828125
-1.2790510654449463
-0.24094152450561523
-1.2829197645187378
-0.23247946798801422
-1.292512059211731
-0.21405163407325745
-1.2886178493499756
-0.2078155130147934
-1.2950388193130493
-0.20542509853839874
-1.2986284494400024
-0.20268036425113678
-1.312035083770752
-0.20038552582263947
-1.3156070709228516
-0.20900295674800873
-1.3082462549209595
-0.19817252457141876
-1.3110988140106201
-0.19583722949028015
-1.3147355318069458
-0.18640998005867004
-1.3197205066680908
-0.1840740442276001
-1.3232849836349487
-0.1591995805501938
-1.344306468963623
-0.18614532053470612
-1.3502331972122192
-0.17557281255722046
-1.3445744514465332
-0.17330656945705414
-1.3518601655960083
-0.1708332598209381
-1.355381965637207
-0.18919417262077332
-1.3656823635101318
-0.1865757256746292
-1.3694868087768555
-0.19216328859329224
-1.3754682540893555
-0.18947210907936096
-1.3792521953582764
-0.17268513143062592
-1.372978925704956
-0.17001129686832428
-1.3765108585357666
-0.16213244199752808
-1.3553296327590942
-0.16835150122642517
-1.3863214254379272
-0.146056666970253
-1.3988637924194336
-0.1432400494813919
-1.4021133184432983
-0.14926506578922272
-1.4116997718811035
-0.1657298356294632
-1.4100803136825562
-0.1547219306230545
-1.4167674779891968
-0.14654484391212463
-1.4233595132827759
-0.14958539605140686
-1.4249026775360107
-0.1464516520500183
-1.4283167123794556
-0.14329832792282104
-1.4317095279693604
-0.14011968672275543
-1.435089111328125
-0.14903710782527924
-1.4322715997695923
-0.1455228626728058
-1.4357352256774902
-0.12143971771001816
-1.4385672807693481
-0.11839842796325684
-1.4415580034255981
-0.12880009412765503
-1.4456521272659302
-0.13496288657188416
-1.4470185041427612
-0.12274019420146942
-1.444917917251587
-0.13030202686786652
-1.454094409942627
-0.12658031284809113
-1.4573930501937866
-0.12142634391784668
-1.461899757385254
-0.11740265786647797
-1.465369462966919
-0.0921003520488739
-1.4675745964050293
-0.0769517570734024
-1.4741320610046387
-0.10517560690641403
-1.4796112775802612
-0.09201852232217789
-1.477736473083496
-0.08828335255384445
-1.4805526733398438
-0.0674591213464737
-1.4810107946395874
-0.06400373578071594
-1.4834843873977661
-0.0577087439596653
-1.491060733795166
-0.06221635267138481
-1.4876329898834229
-0.0584271103143692
-1.4904052019119263
-0.06211191788315773
-1.500919222831726
-0.0582149475812912
-1.4988752603530884
-0.05356166139245033
-1.4922236204147339
-0.030544759705662727
-1.5006427764892578
-0.02703443169593811
-1.5030192136764526
-0.026073768734931946
-1.5105711221694946
-0.02237814851105213
-1.5129512548446655
-0.01933082565665245
-1.519858956336975
-0.01567561738193035
-1.522264838218689
-0.023560957983136177
-1.5204964876174927
-0.039530880749225616
-1.5301860570907593
-0.044094301760196686
-1.534520149230957
-0.03981446474790573
-1.5372766256332397
-0.007150387857109308
-1.5331693887710571
-0.0033614125568419695
-1.535485029220581
0.0003300576063338667
-1.5377317667007446
-0.013139786198735237
-1.5453013181686401
-0.026880910620093346
-1.547220230102539
-0.006044410634785891
-1.538678526878357
-0.011797280050814152
-1.5492080450057983
-0.007401343900710344
-1.551714301109314
-0.0030715949833393097
-1.554170846939087
0.002007535193115473
-1.56085205078125
0.006343440152704716
-1.563313603401184
0.023531753569841385
-1.557603359222412
0.027412233874201775
-1.5597763061523438
0.02464761957526207
-1.5660316944122314
0.04293195903301239
-1.5702080726623535
0.046910908073186874
-1.5723679065704346
0.02905934862792492
-1.5766977071762085
0.024213727563619614
-1.579207181930542
0.02703477069735527
-1.5822067260742188
0.05337066948413849
-1.5843266248703003
0.05731857568025589
-1.5864635705947876
0.03172904625535011
-1.5913182497024536
0.0330643504858017
-1.5919207334518433
0.045462146401405334
-1.5956605672836304
0.06206477805972099
-1.5892449617385864
0.06636381894350052
-1.5914437770843506
0.07073748111724854
-1.5936646461486816
0.07511667162179947
-1.595873236656189
0.07947791367769241
-1.5980572700500488
0.08415370434522629
-1.588113784790039
0.07086808979511261
-1.6012517213821411
0.07573308050632477
-1.6034610271453857
0.08375231176614761
-1.6124193668365479
0.08852453529834747
-1.6145089864730835
0.11911913007497787
-1.6198829412460327
0.12288133800029755
-1.621660828590393
0.12550601363182068
-1.6058897972106934
0.12976719439029694
-1.6078976392745972
0.12070946395397186
-1.626173973083496
0.125254824757576
-1.6282395124435425
0.11901085078716278
-1.6276382207870483
0.12376590818166733
-1.6295984983444214
0.12843799591064453
-1.631508469581604
0.15062111616134644
-1.6331249475479126
0.1434628963470459
-1.640671730041504
0.135127991437912
-1.6356115341186523
0.15644089877605438
-1.62364661693573
0.14633768796920776
-1.6310991048812866
0.1480952799320221
-1.6451398134231567
0.15292248129844666
-1.6470105648040771
0.19453877210617065
-1.6477707624435425
0.19832642376422882
-1.649237036705017
0.1793479472398758
-1.646266222000122
0.18425282835960388
-1.64788818359375
0.20368191599845886
-1.6602191925048828
0.2079479694366455
-1.661791205406189
0.19558732211589813
-1.6647833585739136
0.1959180384874344
-1.6681398153305054
0.1955074816942215
-1.6719270944595337
0.20028097927570343
-1.6736435890197754
0.20501753687858582
-1.6753216981887817
0.20975105464458466
-1.6769734621047974
0.21258646249771118
-1.6781326532363892
0.20692837238311768
-1.6887565851211548
0.21129116415977478
-1.684248685836792
0.24374689161777496
-1.6840214729309082
0.2342054396867752
-1.673417329788208
0.23900175094604492
-1.6749629974365234
0.24057014286518097
-1.671653389930725
0.24095715582370758
-1.6825439929962158
0.25394317507743835
-1.690557837486267
0.25854453444480896
-1.6921242475509644
0.2859654724597931
-1.6941872835159302
0.27476224303245544
-1.6968153715133667
0.2792758643627167
-1.6982738971710205
0.30049553513526917
-1.6967092752456665
0.289286732673645
-1.6994725465774536
0.2756354808807373
-1.71349036693573
0.28611093759536743
-1.6994246244430542
0.2911626994609833
-1.7010294198989868
0.2955690622329712
-1.7023935317993164
0.3003413677215576
-1.703834891319275
0.328498899936676
-1.7078044414520264
0.33242687582969666
-1.7090829610824585
0.32342663407325745
-1.7126400470733643
0.34795883297920227
-1.714458703994751
0.332159161567688
-1.7186602354049683
0.3221137523651123
-1.7351429462432861
0.3585892617702484
-1.7275936603546143
0.3504396677017212
-1.7274107933044434
0.3547719717025757
-1.7288817167282104
0.3456036150455475
-1.7412275075912476
0.37068963050842285
-1.7274835109710693
0.3616432845592499
-1.7172517776489258
0.36628127098083496
-1.7186824083328247
0.37086036801338196
-1.7200459241867065
0.37522009015083313
-1.7300848960876465
0.39210107922554016
-1.711503267288208
0.3964100480079651
-1.7127749919891357
0.41227468848228455
-1.6935354471206665
0.39474254846572876
-1.7246880531311035
0.3994295597076416
-1.7259107828140259
0.40407228469848633
-1.7270723581314087
0.40874412655830383
-1.7281923294067383
0.40054062008857727
-1.7419624328613281
0.405483603477478
-1.7431710958480835
0.41036126017570496
-1.744307279586792
0.40864959359169006
-1.752850890159607
0.41201165318489075
-1.7578356266021729
0.4164189398288727
-1.7451101541519165
0.42168837785720825
-1.7458086013793945
0.5013083219528198
-1.787379503250122
0.5040836930274963
-1.787825345993042
0.4648725092411041
-1.7739583253860474
0.44331634044647217
-1.7714728116989136
0.44811517000198364
-1.7720321416854858
0.45346933603286743
-1.7721991539001465
0.45599237084388733
-1.7726820707321167
0.45923691987991333
-1.7583130598068237
0.4603677988052368
-1.7566044330596924
0.4659407138824463
-1.7563139200210571
0.46407946944236755
-1.7692501544952393
0.46897441148757935
-1.7766703367233276
0.47467291355133057
-1.7762762308120728
0.4803289771080017
-1.7814992666244507
0.483598917722702
-1.7818655967712402
0.48940083384513855
-1.7829960584640503
0.4885408878326416
-1.7867554426193237
0.4943559467792511
-1.7856605052947998
0.5001407265663147
-1.7845412492752075
0.5029963850975037
-1.786535382270813
0.5088458061218262
-1.785210371017456
0.51461261510849
-1.7838735580444336
0.5104895830154419
-1.806111454963684
0.5165680646896362
-1.8046461343765259
0.5224841237068176
-1.8031853437423706
0.5309487581253052
-1.7911585569381714
0.5247363448143005
-1.8071640729904175
0.5382354259490967
-1.7880651950836182
0.5440221428871155
-1.786219596862793
0.5626570582389832
-1.757104754447937
0.5680661201477051
-1.7551101446151733
0.5735211968421936
-1.7530813217163086
0.5789588093757629
-1.7510384321212769
0.5843833088874817
-1.7489761114120483
0.5612983107566833
-1.7576042413711548
0.5688676834106445
-1.7691566944122314
0.5755428075790405
-1.7940561771392822
0.6172637343406677
-1.7682409286499023
0.6141939163208008
-1.765049934387207
0.6196004152297974
-1.7627263069152832
0.6154945492744446
-1.7833586931228638
0.6211524605751038
-1.7809514999389648
0.6266448497772217
-1.7785788774490356
0.6372445821762085
-1.7607773542404175
0.6425933837890625
-1.7585771083831787
0.6479753851890564
-1.756321668624878
0.6484934687614441
-1.7722777128219604
0.6586121320724487
-1.7525650262832642
0.66391521692276
-1.75031578540802
0.6714085340499878
-1.721754550933838
0.6766049861907959
-1.7194945812225342
0.6837561130523682
-1.7275270223617554
0.6878436803817749
-1.7119625806808472
0.6930690407752991
-1.7098171710968018
0.6982819437980652
-1.7076224088668823
0.7095397114753723
-1.7172657251358032
0.7146215438842773
-1.7151637077331543
0.7197421789169312
-1.7129844427108765
0.7248325347900391
-1.710755467414856
0.7299510836601257
-1.7084505558013916
0.7080879807472229
-1.717854619026184
0.7080879807472229
-1.717854619026184
0.7252772450447083
-1.7201355695724487
0.7401192784309387
-1.715073823928833
0.7451918721199036
-1.712907314300537
0.7504297494888306
-1.7105973958969116
0.7528731822967529
-1.73256254196167
0.7684378623962402
-1.7136317491531372
0.7818270325660706
-1.7038524150848389
0.7873891592025757
-1.6993006467819214
0.7922391891479492
-1.6970487833023071
0.7971123456954956
-1.6947048902511597
0.8019832372665405
-1.6922800540924072
0.8068616390228271
-1.6897693872451782
0.7828788161277771
-1.721868872642517
0.7945940494537354
-1.7051578760147095
0.7968713641166687
-1.72098970413208
0.806614875793457
-1.7017908096313477
0.8116649389266968
-1.699244737625122
0.8167805075645447
-1.6965715885162354
0.8218873739242554
-1.6938077211380005
0.8269855976104736
-1.690953254699707
0.804003894329071
-1.7030704021453857
0.8246819376945496
-1.690481424331665
0.8344048857688904
-1.683654546737671
0.8358954191207886
-1.696635365486145
0.8410590291023254
-1.693501591682434
0.8468474745750427
-1.6829711198806763
0.8518800139427185
-1.6796281337738037
0.8567124605178833
-1.677269697189331
0.8616836667060852
-1.673815131187439
0.8551071286201477
-1.7147339582443237
0.8603771328926086
-1.7109066247940063
0.8655110001564026
-1.7070584297180176
0.8632466793060303
-1.712713599205017
0.8684693574905396
-1.7088345289230347
0.8721452951431274
-1.6641066074371338
0.877166748046875
-1.6601810455322266
0.8821660876274109
-1.6561524868011475
0.8871279954910278
-1.6520329713821411
0.8891894817352295
-1.6349331140518188
0.8940209746360779
-1.630622148513794
0.8915176391601562
-1.6737090349197388
0.9072856903076172
-1.6548620462417603
0.9119116067886353
-1.6502629518508911
0.915382444858551
-1.66325843334198
0.9200364351272583
-1.6583797931671143
0.9246192574501038
-1.6534351110458374
0.9291547536849976
-1.6484003067016602
0.9382425546646118
-1.6357370615005493
0.9424185752868652
-1.630354404449463
0.9465401768684387
-1.6248940229415894
0.9505491256713867
-1.6225451231002808
0.9545919299125671
-1.6170581579208374
0.9548879265785217
-1.6419286727905273
0.9937253594398499
-1.5760732889175415
0.9828125834465027
-1.6139308214187622
0.9837895035743713
-1.6206530332565308
0.9873212575912476
-1.614532232284546
0.9907645583152771
-1.608379602432251
0.9946688413619995
-1.6081135272979736
0.9983884692192078
-1.6040196418762207
1.0017322301864624
-1.5977816581726074
1.0064598321914673
-1.5935267210006714
1.0113626718521118
-1.5872433185577393
1.0165824890136719
-1.5540014505386353
1.0197179317474365
-1.5479068756103516
1.0228341817855835
-1.5416357517242432
1.0258880853652954
-1.5352716445922852
1.0370789766311646
-1.5081690549850464
1.039815902709961
-1.5018419027328491
1.0424941778182983
-1.4954055547714233
1.0451120138168335
-1.4888648986816406
1.0476551055908203
-1.4822593927383423
1.046992540359497
-1.5173649787902832
1.0611295700073242
-1.4743257761001587
1.071291446685791
-1.4516907930374146
1.0749720335006714
-1.441357135772705
1.0770602226257324
-1.4347776174545288
1.0835113525390625
-1.447415828704834
1.0855661630630493
-1.4406577348709106
1.0875418186187744
-1.4337960481643677
1.0894378423690796
-1.4268349409103394
1.091254472732544
-1.419778823852539
1.0825905799865723
-1.4503262042999268
1.0889636278152466
-1.4142487049102783
1.0919561386108398
-1.403050422668457
1.096354365348816
-1.3866894245147705
1.0980149507522583
-1.379742980003357
1.0995965003967285
-1.372658610343933
1.1010892391204834
-1.3654810190200806
1.1091992855072021
-1.348428726196289
1.1146352291107178
-1.335036039352417
1.118453860282898
-1.3278002738952637
1.1216329336166382
-1.3218425512313843
1.1131949424743652
-1.3096777200698853
1.1138992309570312
-1.3023022413253784
1.1145070791244507
-1.2948601245880127
1.11502206325531
-1.2873508930206299
1.1511954069137573
-1.3099724054336548
1.1514607667922974
-1.302283525466919
1.151611328125
-1.2945388555526733
1.1280250549316406
-1.277377724647522
1.1320692300796509
-1.2994844913482666
1.1337542533874512
-1.271924376487732
1.127929925918579
-1.2513792514801025
1.127268671989441
-1.2435206174850464
1.13023841381073
-1.2445248365402222
1.1296076774597168
-1.2366729974746704
1.207778811454773
-1.288426160812378
1.2064952850341797
-1.2796980142593384
1.1623655557632446
-1.2424135208129883
1.161081075668335
-1.2343820333480835
1.1681307554244995
-1.2300289869308472
1.1514935493469238
-1.2383697032928467
1.1395636796951294
-1.2007687091827393
1.1380414962768555
-1.192762851715088
1.1364203691482544
-1.1847162246704102
1.1526387929916382
-1.161648154258728
1.141679286956787
-1.184037685394287
1.1396925449371338
-1.1759257316589355
1.1335535049438477
-1.1609731912612915
1.1313741207122803
-1.152974247932434
1.1285505294799805
-1.1365916728973389
1.1259418725967407
-1.128684639930725
1.123280644416809
-1.1208239793777466
1.1213743686676025
-1.1230469942092896
1.1210271120071411
-1.116557240486145
1.1235473155975342
-1.0986998081207275
1.119394063949585
-1.092891812324524
1.1159647703170776
-1.0852452516555786
1.1112313270568848
-1.0742390155792236
1.1076592206954956
-1.0667040348052979
1.112426519393921
-1.055590033531189
1.108525037765503
-1.0481330156326294
1.104660153388977
-1.0407907962799072
1.1007986068725586
-1.033488392829895
1.1061326265335083
-1.0452769994735718
1.1021727323532104
-1.037755012512207
1.0903459787368774
-1.0170905590057373
1.08604896068573
-1.0100823640823364
1.0856218338012695
-1.0184028148651123
1.0811644792556763
-1.0112534761428833
1.079336166381836
-1.0119552612304688
1.0840201377868652
-0.9824307560920715
1.060508370399475
-0.9634731411933899
1.0558643341064453
-0.9573562741279602
1.0510886907577515
-0.951038122177124
1.049780011177063
-0.9519546031951904
1.0448683500289917
-0.9457039833068848
1.0439568758010864
-0.9417589902877808
1.0315300226211548
-0.9228454828262329
1.0266793966293335
-0.9169895052909851
1.040013074874878
-0.8899379968643188
1.034389853477478
-0.8846936225891113
1.0288618803024292
-0.8794351816177368
1.0244696140289307
-0.8953343629837036
1.0136349201202393
-0.8978830575942993
1.0085742473602295
-0.8920866847038269
1.003566026687622
-0.8862857818603516
1.0015212297439575
-0.8872827887535095
0.9899059534072876
-0.8702357411384583
0.9848647713661194
-0.8647513389587402
0.9798492789268494
-0.8592239618301392
0.9854846596717834
-0.8667898774147034
0.9721165299415588
-0.847494900226593
0.9671803116798401
-0.8422075510025024
0.962187647819519
-0.8368086218833923
0.9671134352684021
-0.8427820205688477
0.948046088218689
-0.8251457214355469
0.9432026147842407
-0.8201265335083008
0.9374883770942688
-0.8125588297843933
0.9327075481414795
-0.807218074798584
0.9550867676734924
-0.794073224067688
0.9471674561500549
-0.8092074990272522
0.9391868710517883
-0.8117725253105164
0.9244667887687683
-0.796738862991333
0.9255977869033813
-0.8006027340888977
0.9214197993278503
-0.7945890426635742
0.9064546227455139
-0.7809523940086365
0.9025539755821228
-0.7751712799072266
0.9094507694244385
-0.7740278840065002
0.9058118462562561
-0.7679014801979065
0.9021739959716797
-0.7618650197982788
0.913832426071167
-0.7646514773368835
0.8903710246086121
-0.7493366599082947
0.9005411267280579
-0.7474524974822998
0.86428302526474
-0.728583812713623
0.8620112538337708
-0.7227864861488342
0.844868004322052
-0.713287353515625
0.8426777124404907
-0.7076475620269775
0.8403719067573547
-0.7019174098968506
0.8541499376296997
-0.7069230079650879
0.854600191116333
-0.6891711354255676
0.8544883728027344
-0.6737840175628662
0.8523002862930298
-0.667971134185791
0.8500862717628479
-0.6623517274856567
0.8498889207839966
-0.6719250082969666
0.8528821468353271
-0.6667639017105103
0.8342492580413818
-0.6551403999328613
0.8325308561325073
-0.649697482585907
0.8348119854927063
-0.6344419121742249
0.8317752480506897
-0.6219918727874756
0.8321098685264587
-0.6328540444374084
0.8284461498260498
-0.6139605641365051
0.822953462600708
-0.602379560470581
0.8209734559059143
-0.5971278548240662
0.8188711404800415
-0.5918303728103638
0.8166558146476746
-0.5865145325660706
0.8066606521606445
-0.5661029815673828
0.8303648829460144
-0.579366147518158
0.8108965754508972
-0.5588738918304443
0.8208691477775574
-0.5644235014915466
0.8140479326248169
-0.5527828931808472
0.8112019300460815
-0.5475997924804688
0.8068258166313171
-0.5419530272483826
0.799151599407196
-0.5264745950698853
0.7960196137428284
-0.5215669870376587
0.7926977872848511
-0.5165435671806335
0.7892704010009766
-0.5115373730659485
0.8120211958885193
-0.523465096950531
0.8261624574661255
-0.5243769288063049
0.8218235969543457
-0.5189467072486877
0.8101992011070251
-0.506704568862915
0.8118962049484253
-0.5004067420959473
0.8030173778533936
-0.488986998796463
0.7979308366775513
-0.48380962014198303
0.7933778762817383
-0.47931453585624695
0.7821642160415649
-0.47667062282562256
0.7761698365211487
-0.47160500288009644
0.77053302526474
-0.4674561023712158
0.7649007439613342
-0.46341007947921753
0.7751181721687317
-0.4627307057380676
0.7581701278686523
-0.4422423541545868
0.7697023153305054
-0.448556512594223
0.7606883645057678
-0.44360485672950745
0.7540808916091919
-0.44040998816490173
0.7557973265647888
-0.4352495074272156
0.7491441369056702
-0.4319971203804016
0.7391010522842407
-0.42704832553863525
0.7322956919670105
-0.42450883984565735
0.7255890369415283
-0.4220481514930725
0.7361084818840027
-0.4222702980041504
0.7228158116340637
-0.41258665919303894
0.7154772877693176
-0.4103376865386963
0.6980969905853271
-0.392794132232666
0.7164032459259033
-0.40803125500679016
0.709208607673645
-0.4061099886894226
0.7021476030349731
-0.40424224734306335
0.682328462600708
-0.39658430218696594
0.6622752547264099
-0.3978780210018158
0.6689381003379822
-0.3924485146999359
0.6537618637084961
-0.3857205808162689
0.6471841335296631
-0.38464391231536865
0.6406654715538025
-0.38357219099998474
0.6518665552139282
-0.37553688883781433
0.6537545323371887
-0.38232147693634033
0.6293231844902039
-0.3759189248085022
0.6001784801483154
-0.3620682954788208
0.5943441987037659
-0.36138081550598145
0.5882433652877808
-0.36065948009490967
0.5894928574562073
-0.36309346556663513
0.5832459330558777
-0.362339049577713
0.5693601965904236
-0.3707679808139801
0.563460111618042
-0.37005722522735596
0.5683556795120239
-0.3760334551334381
0.5456986427307129
-0.3700091540813446
0.5293539762496948
-0.3681226074695587
0.5239526629447937
-0.3673338294029236
0.521230936050415
-0.36038294434547424
0.5157472491264343
-0.3595770597457886
0.5091705322265625
-0.37028494477272034
0.5038475394248962
-0.3693408668041229
0.47949734330177307
-0.35780787467956543
0.4745660424232483
-0.3569405674934387
0.46512657403945923
-0.3604750335216522
0.46043336391448975
-0.35955509543418884
0.464010089635849
-0.35455119609832764
0.45906004309654236
-0.353422611951828
0.45424795150756836
-0.35235345363616943
0.43537503480911255
-0.350734680891037
0.4254037141799927
-0.34686413407325745
0.4194963872432709
-0.3450983464717865
0.4272266626358032
-0.3555448353290558
0.4202624261379242
-0.358056902885437
0.40641334652900696
-0.3495755195617676
0.40221402049064636
-0.34835222363471985
0.4077324867248535
-0.35345789790153503
0.40345484018325806
-0.35205700993537903
0.399170458316803
-0.35070183873176575
0.3931529223918915
-0.3490492105484009
0.38892054557800293
-0.3477390706539154
0.39103415608406067
-0.3431694805622101
0.38675573468208313
-0.34176960587501526
0.38245871663093567
-0.3404168486595154
0.38120073080062866
-0.33760198950767517
0.380327045917511
-0.3441873788833618
0.36851176619529724
-0.34250134229660034
0.36444440484046936
-0.3410564064979553
0.3753346800804138
-0.33540913462638855
0.3708474040031433
-0.333884596824646
0.36643925309181213
-0.33245086669921875
0.3677788972854614
-0.3380379378795624
0.37362512946128845
-0.3319346606731415
0.36566445231437683
-0.32890626788139343
0.3611184358596802
-0.3274844288825989
0.3476393520832062
-0.3336070775985718
0.3428491950035095
-0.3308424651622772
0.3383757472038269
-0.32961463928222656
0.33385947346687317
-0.3284372091293335
0.3293137550354004
-0.3273129165172577
0.32475361227989197
-0.3262440264225006
0.33641424775123596
-0.324573814868927
0.33165568113327026
-0.3234187364578247
0.325013130903244
-0.3190401792526245
0.3208479881286621
-0.3162270784378052
0.3160305321216583
-0.3152739703655243
0.31100666522979736
-0.3135817050933838
0.31690922379493713
-0.31579771637916565
0.31179186701774597
-0.3149649500846863
0.30068886280059814
-0.31238773465156555
0.2971171736717224
-0.30733174085617065
0.2997843325138092
-0.30910903215408325
0.28867149353027344
-0.3028195798397064
0.28359830379486084
-0.30253228545188904
0.279170960187912
-0.30418726801872253
0.27409106492996216
-0.30397656559944153
0.2696668207645416
-0.29159340262413025
0.2618560791015625
-0.2909133732318878
0.26201361417770386
-0.29147160053253174
0.2644704282283783
-0.2913365066051483
0.24803242087364197
-0.29298582673072815
0.24301718175411224
-0.29485592246055603
0.2372775673866272
-0.2892319858074188
0.22604967653751373
-0.2896716296672821
0.2286599576473236
-0.28526782989501953
0.22357216477394104
-0.2861713767051697
0.2263818234205246
-0.284345418214798
0.22118866443634033
-0.2854236662387848
0.19919520616531372
-0.28499147295951843
0.1944640874862671
-0.28626877069473267
0.18972136080265045
-0.2875801622867584
0.19373850524425507
-0.28665295243263245
0.1811734288930893
-0.2895055413246155
0.176486998796463
-0.2910888195037842
0.18421484529972076
-0.28730058670043945
0.1693771481513977
-0.28772976994514465
0.16454356908798218
-0.2923402786254883
0.1599016785621643
-0.29409030079841614
0.1552768349647522
-0.29585719108581543
0.14728988707065582
-0.2904473543167114
0.14276671409606934
-0.29233047366142273
0.13492093980312347
-0.2921227514743805
0.13054168224334717
-0.2941860258579254
0.1261778175830841
-0.2962612211704254
0.11410588026046753
-0.2985721230506897
0.10999996215105057
-0.30066046118736267
0.10390167683362961
-0.30362972617149353
0.09979905933141708
-0.3057681918144226
0.09268783777952194
-0.305326372385025
0.09183615446090698
-0.3089808225631714
0.08501873910427094
-0.3144058287143707
0.0782921090722084
-0.31413552165031433
0.06747917085886002
-0.31721892952919006
0.06372465193271637
-0.31949207186698914
0.06954390555620193
-0.3169856667518616
0.06543125212192535
-0.31934890151023865
0.05628989636898041
-0.32127052545547485
0.05249590426683426
-0.3235428035259247
0.048639167100191116
-0.3258719742298126
0.04956701397895813
-0.33055049180984497
0.03515623137354851
-0.3361439108848572
0.032949868589639664
-0.3385191559791565
0.025494907051324844
-0.34002986550331116
0.019879266619682312
-0.3429220914840698
0.01583872176706791
-0.34668290615081787
0.014523345977067947
-0.34730264544487
0.010745939798653126
-0.3549060523509979
0.007110982201993465
-0.3572300672531128
0.00045835378114134073
-0.35835322737693787
-0.0073531996458768845
-0.36150825023651123
-0.02199508622288704
-0.3648364543914795
-0.025267960503697395
-0.3669346868991852
-0.028657294809818268
-0.36913350224494934
-0.018672043457627296
-0.37564677000045776
-0.026994766667485237
-0.3762960731983185
-0.03048095665872097
-0.378427118062973
-0.045098256319761276
-0.3821841776371002
-0.048611294478178024
-0.38424408435821533
-0.05920063331723213
-0.3904562294483185
-0.058123260736465454
-0.39168068766593933
-0.06175006926059723
-0.3920825123786926
-0.06505466252565384
-0.3941960036754608
-0.06942997872829437
-0.3977242708206177
-0.07269436866044998
-0.3997924029827118
-0.07457368820905685
-0.40132349729537964
-0.07790156453847885
-0.4033431112766266
-0.07970263063907623
-0.4033960998058319
-0.0830695778131485
-0.405409574508667
-0.08428444713354111
-0.4082784950733185
-0.08768392354249954
-0.4102955162525177
-0.08931510150432587
-0.40990567207336426
-0.09887504577636719
-0.4133221507072449
-0.10058745741844177
-0.41340479254722595
-0.10392715781927109
-0.4155464172363281
-0.10617870092391968
-0.41614583134651184
-0.10599007457494736
-0.4181210994720459
-0.11297313868999481
-0.4189208745956421
-0.11628412455320358
-0.4211318790912628
-0.11919915676116943
-0.4226127564907074
-0.12549155950546265
-0.4257534444332123
-0.12960730493068695
-0.4289003610610962
-0.13107189536094666
-0.43006569147109985
-0.13092900812625885
-0.4294017255306244
-0.1388883888721466
-0.43162277340888977
-0.14213557541370392
-0.433895468711853
-0.141082763671875
-0.43368852138519287
-0.14643354713916779
-0.4357384741306305
-0.14966915547847748
-0.4382149279117584
-0.15480676293373108
-0.4393843412399292
-0.1579751819372177
-0.441948801279068
-0.16417860984802246
-0.4429304301738739
-0.1672551929950714
-0.4455864727497101
-0.1717340052127838
-0.44592276215553284
-0.17482616007328033
-0.4484958350658417
-0.17792993783950806
-0.4511176347732544
-0.18102765083312988
-0.45377257466316223
-0.18029817938804626
-0.45320188999176025
-0.18741439282894135
-0.45709872245788574
-0.19424797594547272
-0.45816853642463684
-0.19712743163108826
-0.46105819940567017
-0.20002077519893646
-0.4639962315559387
-0.2081688493490219
-0.46335145831108093
-0.21467933058738708
-0.47077640891075134
-0.21477285027503967
-0.4714231491088867
-0.21746380627155304
-0.4745616316795349
-0.22591184079647064
-0.48062971234321594
-0.22849048674106598
-0.48370927572250366
-0.23552721738815308
-0.48752039670944214
-0.23806002736091614
-0.4905843436717987
-0.23945531249046326
-0.4939410388469696
-0.23649899661540985
-0.49887150526046753
-0.2390017807483673
-0.502156674861908
-0.24970461428165436
-0.5037421584129333
-0.2521533966064453
-0.5069450736045837
-0.25168150663375854
-0.5041031241416931
-0.2541961073875427
-0.5074329376220703
-0.2632601261138916
-0.5129607319831848
-0.26560255885124207
-0.5162134766578674
-0.2646939754486084
-0.5141065716743469
-0.26721036434173584
-0.5213449597358704
-0.26958516240119934
-0.5247031450271606
-0.2719617486000061
-0.5280908942222595
-0.2699545621871948
-0.5300567150115967
-0.26886749267578125
-0.5330116748809814
-0.2732939124107361
-0.53717440366745
-0.2755886912345886
-0.5407238602638245
-0.2707288861274719
-0.5499053001403809
-0.2731127440929413
-0.5535374879837036
-0.288953572511673
-0.5495187044143677
-0.2912658452987671
-0.5528966188430786
-0.2936296761035919
-0.5563682913780212
-0.29768526554107666
-0.553956925868988
-0.29632583260536194
-0.5564562082290649
-0.29158636927604675
-0.5544039607048035
-0.29847732186317444
-0.5606973767280579
-0.3008122742176056
-0.5642850995063782
-0.305051326751709
-0.5681589245796204
-0.3136500418186188
-0.5692329406738281
-0.31591665744781494
-0.5727847218513489
-0.31790289282798767
-0.5723720192909241
-0.3105548918247223
-0.5745430588722229
-0.3129546046257019
-0.5782153606414795
-0.31922921538352966
-0.5815839767456055
-0.3153873682022095
-0.5834751129150391
-0.3153662085533142
-0.5884117484092712
-0.31685152649879456
-0.5923967957496643
-0.31917688250541687
-0.5962138175964355
-0.32560834288597107
-0.5997687578201294
-0.3289806544780731
-0.6012394428253174
-0.3318486213684082
-0.6019719243049622
-0.3266860842704773
-0.6121873259544373
-0.32906728982925415
-0.6160382032394409
-0.33492469787597656
-0.6185042262077332
-0.3373105823993683
-0.6222521066665649
-0.33970871567726135
-0.6260263323783875
-0.34233662486076355
-0.6269391179084778
-0.34724897146224976
-0.6355830430984497
-0.34949222207069397
-0.6394071578979492
-0.3476252853870392
-0.6332034468650818
-0.35006049275398254
-0.6370289921760559
-0.354219526052475
-0.6383625864982605
-0.3573162853717804
-0.6493068337440491
-0.3615895211696625
-0.6627335548400879
-0.3659061789512634
-0.6677954196929932
-0.3651678264141083
-0.6738631129264832
-0.36754390597343445
-0.677617073059082
-0.374967485666275
-0.6857646703720093
-0.37279048562049866
-0.6873865723609924
-0.3769872486591339
-0.6963163614273071
-0.3793570101261139
-0.6999590992927551
-0.38651570677757263
-0.7065397500991821
-0.3988663852214813
-0.7092674374580383
-0.3986460268497467
-0.7201148271560669
-0.40094029903411865
-0.7236445546150208
-0.40323182940483093
-0.7271881699562073
-0.40552040934562683
-0.7307428121566772
-0.4075365662574768
-0.7347339987754822
-0.4144754409790039
-0.7336567044258118
-0.41786640882492065
-0.7530140280723572
-0.42015716433525085
-0.7564160823822021
-0.41924434900283813
-0.7576762437820435
-0.4215488135814667
-0.761185348033905
-0.42163553833961487
-0.7622921466827393
-0.4239823520183563
-0.7658000588417053
-0.4182192385196686
-0.7743606567382812
-0.424919992685318
-0.7714014649391174
-0.4231347143650055
-0.7820101976394653
-0.42544645071029663
-0.7856233716011047
-0.42686450481414795
-0.7889882326126099
-0.4349474608898163
-0.7874237895011902
-0.43382060527801514
-0.7953126430511475
-0.44631847739219666
-0.7978299260139465
-0.44579562544822693
-0.803075909614563
-0.4478805959224701
-0.8067349791526794
-0.4552575349807739
-0.7964725494384766
-0.4493585526943207
-0.804631233215332
-0.4546602964401245
-0.8081313371658325
-0.45260995626449585
-0.8164135217666626
-0.45463037490844727
-0.8201955556869507
-0.4656682014465332
-0.8211168646812439
-0.4677393138408661
-0.8247918486595154
-0.4671734869480133
-0.8204130530357361
-0.4667186439037323
-0.8259987235069275
-0.4689970016479492
-0.8269842863082886
-0.4710770845413208
-0.8307696580886841
-0.47747549414634705
-0.834158718585968
-0.46904125809669495
-0.8397360444068909
-0.4711448550224304
-0.8435792326927185
-0.4861587584018707
-0.8470455408096313
-0.4882597029209137
-0.8474772572517395
-0.49485063552856445
-0.8416866660118103
-0.4873464107513428
-0.8298949003219604
-0.4757031798362732
-0.850046694278717
-0.4779200255870819
-0.8540385365486145
-0.4824378788471222
-0.8556205034255981
-0.4845026731491089
-0.8595935106277466
-0.4830911457538605
-0.8672372102737427
-0.48514604568481445
-0.8712611794471741
-0.4909779131412506
-0.866863489151001
-0.49303147196769714
-0.870880663394928
-0.4951006770133972
-0.8748965859413147
-0.497185081243515
-0.878911554813385
-0.4943917691707611
-0.8776211738586426
-0.4894031882286072
-0.8884087800979614
-0.49135392904281616
-0.892562747001648
-0.498258501291275
-0.8832796812057495
-0.5060227513313293
-0.8855341672897339
-0.5079274773597717
-0.8894988894462585
-0.5116856694221497
-0.8991976380348206
-0.5141291618347168
-0.8994266390800476
-0.516042172908783
-0.8980751037597656
-0.5115856528282166
-0.919508695602417
-0.518569827079773
-0.9237387180328369
-0.518569827079773
-0.9237387180328369
-0.5153130292892456
-0.936318039894104
-0.5279729962348938
-0.9292559027671814
-0.5331320762634277
-0.9417954087257385
-0.5294180512428284
-0.9564194083213806
-0.5294180512428284
-0.9564194083213806
-0.540470540523529
-0.9464964866638184
-0.5417704582214355
-0.9612530469894409
-0.5417704582214355
-0.9612530469894409
-0.5386777520179749
-0.9755858182907104
-0.5505903959274292
-0.9813030362129211
-0.5487534403800964
-0.9829979538917542
-0.559332549571991
-0.989380955696106
-0.555698037147522
-0.990828812122345
-0.5552740097045898
-0.990590512752533
-0.553165078163147
-0.9919366240501404
-0.553165078163147
-0.9919366240501404
-0.5561519265174866
-0.9948134422302246
-0.5561519265174866
-0.9948134422302246
-0.543012261390686
-1.0034500360488892
-0.5416790246963501
-1.0053833723068237
-0.5411697626113892
-1.0061218738555908
-0.5515701174736023
-1.0002317428588867
-0.5555427074432373
-0.9979819059371948
-0.5555427074432373
-0.9979819059371948
-0.5562670230865479
-0.9975013136863708
-0.5562670230865479
-0.9975013136863708
-0.5573368072509766
-0.996938943862915
-0.5573368072509766
-0.996938943862915
-0.5573368072509766
-0.996938943862915
-0.5563727021217346
-0.997431218624115
-0.5560044646263123
-0.9976192712783813
-0.5572046041488647
-0.9918608069419861
-0.5572046041488647
-0.9918608069419861
-0.5576630234718323
-0.9896612763404846
-0.5576630234718323
-0.9896612763404846
-0.5435894131660461
-1.0014821290969849
-0.5418995022773743
-1.004631757736206
-0.5412539839744568
-1.0058348178863525
-0.5502296090126038
-1.0008291006088257
-0.5550307035446167
-0.998210072517395
-0.5554918646812439
-0.9979167580604553
-0.5554918646812439
-0.9979167580604553
-0.5427601337432861
-1.0046354532241821
-0.5521457195281982
-0.9945407509803772
-0.5543898940086365
-0.9965152144432068
-0.5543898940086365
-0.9965152144432068
-0.5460249185562134
-1.0027345418930054
-0.5534246563911438
-0.9989378452301025
-0.5562511086463928
-0.9974876642227173
-0.5562511086463928
-0.9974876642227173
-0.5435247421264648
-1.0023165941238403
-0.5386636853218079
-1.00416100025177
-0.5400180220603943
-1.0056549310684204
-0.5373242497444153
-1.0054361820220947
-0.5373242497444153
-1.0054361820220947
-0.5395063757896423
-1.006142020225525
-0.5403398871421814
-1.0064116716384888
-0.5406582951545715
-1.0065146684646606
-0.5513747930526733
-1.0003817081451416
-0.568418025970459
-1.0067607164382935
-0.568418025970459
-1.0067607164382935
-0.568418025970459
-1.0067607164382935
-0.5566730499267578
-1.0071322917938232
-0.5566730499267578
-1.0071322917938232
-0.5521868467330933
-1.0072741508483887
-0.5504732728004456
-1.0073283910751343
-0.5408431887626648
-1.0082303285598755
-0.5408431887626648
-1.0082303285598755
-0.5371648073196411
-1.0085748434066772
-0.5371648073196411
-1.0085748434066772
-0.5371648073196411
-1.0085748434066772
-0.5371648073196411
-1.0085748434066772
-0.5447353720664978
-1.0078251361846924
-0.5447353720664978
-1.0078251361846924
-0.5476270914077759
-1.0075387954711914
