0.8859350085258484
-0.03999132290482521
0.8859270215034485
-0.04066674783825874
0.8857204914093018
-0.04129832983016968
0.8845106363296509
-0.04248037934303284
0.8837724328041077
-0.04307835176587105
0.8848974704742432
-0.04204769432544708
0.8826422095298767
-0.0439983606338501
0.8831183910369873
-0.04374616593122482
0.8808993101119995
-0.045880258083343506
0.8865413665771484
-0.03998471051454544
0.8836610317230225
-0.04258861020207405
0.8834629058837891
-0.04206102341413498
0.8799762725830078
-0.044213391840457916
0.8785133957862854
-0.04547332972288132
0.8745825886726379
-0.035715389996767044
0.8682114481925964
-0.04839813709259033
0.8634368777275085
-0.05464037135243416
0.8562464714050293
-0.059996411204338074
0.8397966027259827
-0.06692324578762054
0.8318613171577454
-0.07855436205863953
0.8272939920425415
-0.08491513878107071
0.8094133734703064
-0.1054854691028595
0.7974341511726379
-0.12018820643424988
0.7888094782829285
-0.1247272789478302
0.7807789444923401
-0.1348920464515686
0.7788993120193481
-0.14688383042812347
0.7750422358512878
-0.15090832114219666
0.7719610333442688
-0.15695743262767792
0.7698712348937988
-0.14271079003810883
0.7685132026672363
-0.155343160033226
0.7683059573173523
-0.1645510047674179
0.7677948474884033
-0.16918516159057617
0.7684168815612793
-0.16838672757148743
0.7665891051292419
-0.16910594701766968
0.7660179734230042
-0.1729915589094162
0.7594138383865356
-0.17097939550876617
0.7561463713645935
-0.17622405290603638
0.7546813488006592
-0.18150952458381653
0.7509743571281433
-0.1923360675573349
0.7431396245956421
-0.2019778937101364
0.7453089952468872
-0.20952139794826508
0.7354514598846436
-0.22627156972885132
0.7314451932907104
-0.23440292477607727
0.7207867503166199
-0.24221155047416687
0.7109807729721069
-0.25298628211021423
0.7120269536972046
-0.25620678067207336
0.7083871960639954
-0.2680221199989319
0.7031916379928589
-0.27748599648475647
0.6989009976387024
-0.284651517868042
0.6879684329032898
-0.28910285234451294
0.6816116571426392
-0.2988698482513428
0.6785054206848145
-0.307142049074173
0.6688340902328491
-0.3174121081829071
0.6591477990150452
-0.32425540685653687
0.6512827277183533
-0.3305889368057251
0.6405981779098511
-0.3439114987850189
0.639411211013794
-0.35032859444618225
0.6251529455184937
-0.35929661989212036
0.6150419116020203
-0.37244415283203125
0.6035804748535156
-0.3818558156490326
0.5938075184822083
-0.3978162407875061
0.5908186435699463
-0.3958301246166229
0.5855721235275269
-0.3996853530406952
0.5802447199821472
-0.40260154008865356
0.5776220560073853
-0.4052235186100006
0.575363278388977
-0.4143247902393341
0.5723065137863159
-0.41066065430641174
0.5642837882041931
-0.416700154542923
0.5592491030693054
-0.4181961119174957
0.557873010635376
-0.41704896092414856
0.5528520345687866
-0.4224393665790558
0.5433359146118164
-0.4307544529438019
0.537761926651001
-0.43582683801651
0.5280792117118835
-0.44146451354026794
0.5265466570854187
-0.44184282422065735
0.5225285887718201
-0.4460352957248688
0.5138313174247742
-0.4511437714099884
0.5185500979423523
-0.4450114667415619
0.5097723603248596
-0.45297685265541077
0.4958805441856384
-0.46361884474754333
0.48862817883491516
-0.4695562422275543
0.48211270570755005
-0.47873857617378235
0.4746255576610565
-0.4839182496070862
0.47113820910453796
-0.4845610558986664
0.463873952627182
-0.4856920838356018
0.4520084857940674
-0.4988051950931549
0.43823951482772827
-0.5043696761131287
0.4314865171909332
-0.5070023536682129
0.4172055125236511
-0.5169261693954468
0.4123586118221283
-0.5192187428474426
0.40155503153800964
-0.5266516208648682
0.39717841148376465
-0.5300602316856384
0.3923249840736389
-0.5318185091018677
0.389636754989624
-0.5348688960075378
0.38179826736450195
-0.5403700470924377
0.38031405210494995
-0.5409088730812073
0.3835020363330841
-0.5381703972816467
0.37759801745414734
-0.5419538021087646
0.37297409772872925
-0.5450952649116516
0.3647720515727997
-0.5479711890220642
0.3598874807357788
-0.5520503520965576
0.35045209527015686
-0.559374213218689
0.3338894546031952
-0.5665821433067322
0.3195200562477112
-0.5731979608535767
0.30837881565093994
-0.5812716484069824
0.29575371742248535
-0.5936495065689087
0.2879895269870758
-0.6012664437294006
0.28416407108306885
-0.6070231795310974
0.2805374264717102
-0.6155680418014526
0.27274954319000244
-0.6242311596870422
0.2657301425933838
-0.6309301257133484
0.26559314131736755
-0.6382572650909424
0.26463088393211365
-0.6453874707221985
0.2608799934387207
-0.6579599976539612
0.2562558054924011
-0.6662023663520813
0.2546617090702057
-0.677344024181366
0.25308090448379517
-0.6891684532165527
0.25591841340065
-0.7066400051116943
0.25723493099212646
-0.727716863155365
0.2595134377479553
-0.7461239099502563
0.26683101058006287
-0.766255259513855
0.2720576524734497
-0.7912915349006653
0.27582481503486633
-0.8053563833236694
0.2788885831832886
-0.8335767984390259
0.289997935295105
-0.8545231223106384
0.29952487349510193
-0.8657252192497253
0.29845142364501953
-0.8701732158660889
0.3129872679710388
-0.8881836533546448
0.32088133692741394
-0.8992112874984741
0.31927770376205444
-0.9101274013519287
0.33395904302597046
-0.9130792021751404
0.33515849709510803
-0.913629412651062
0.3416135609149933
-0.9144846200942993
0.3477541208267212
-0.9190065264701843
0.35651999711990356
-0.9235826730728149
0.36201635003089905
-0.9356703758239746
0.3729856610298157
-0.9443061947822571
0.3738226890563965
-0.947688102722168
0.39097079634666443
-0.9604247808456421
0.40730029344558716
-0.9694985747337341
0.42312031984329224
-0.9863281846046448
0.44048622250556946
-0.987612247467041
0.4583456814289093
-1.004836916923523
0.465934693813324
-1.0098832845687866
0.47302985191345215
-1.0207847356796265
0.4769233465194702
-1.0253794193267822
0.4839183986186981
-1.036180019378662
0.4852495789527893
-1.0464682579040527
0.4981464147567749
-1.0585236549377441
0.5138223171234131
-1.0607554912567139
0.5201142430305481
-1.0788332223892212
0.5266708731651306
-1.0877721309661865
0.5389971733093262
-1.1004599332809448
0.5490304231643677
-1.1120105981826782
0.5508785843849182
-1.12876296043396
0.5818593502044678
-1.123149037361145
0.5909023284912109
-1.131256341934204
0.5928758382797241
-1.150674819946289
0.6080029010772705
-1.1507865190505981
0.6163157820701599
-1.1595158576965332
0.6262905597686768
-1.1618351936340332
0.6240525245666504
-1.1793498992919922
0.6455356478691101
-1.1860430240631104
0.6639444828033447
-1.1911615133285522
0.6742082238197327
-1.2122334241867065
0.6982201933860779
-1.2145941257476807
0.7021352648735046
-1.221348524093628
0.7188106775283813
-1.2305988073349
0.7261350154876709
-1.239241123199463
0.7427538633346558
-1.2371736764907837
0.7521387338638306
-1.2568615674972534
0.7612863779067993
-1.2703500986099243
0.7699865698814392
-1.281457781791687
0.7786156535148621
-1.2865469455718994
0.8022829294204712
-1.2835334539413452
0.806771457195282
-1.292648434638977
0.8222431540489197
-1.297492504119873
0.8175224661827087
-1.3239933252334595
0.8394787311553955
-1.33481764793396
0.8619454503059387
-1.3226534128189087
0.8781338334083557
-1.3330929279327393
0.879880428314209
-1.3475077152252197
0.8977932333946228
-1.3391656875610352
0.904923677444458
-1.3376576900482178
0.910201907157898
-1.3542640209197998
0.921810507774353
-1.3586680889129639
0.9378203749656677
-1.3503577709197998
0.9448334574699402
-1.3612456321716309
0.9622097015380859
-1.3643074035644531
0.9781253337860107
-1.3681747913360596
1.017372727394104
-1.3472970724105835
1.0271482467651367
-1.3759409189224243
1.0433073043823242
-1.3708288669586182
1.0837993621826172
-1.3500908613204956
1.1149948835372925
-1.346730351448059
1.1325441598892212
-1.3544106483459473
1.1509974002838135
-1.3418903350830078
1.1635544300079346
-1.3375225067138672
1.1864326000213623
-1.3360686302185059
1.198230504989624
-1.3359006643295288
1.1874676942825317
-1.349268913269043
1.215622067451477
-1.3375309705734253
1.2197827100753784
-1.3457547426223755
1.2213815450668335
-1.354926347732544
1.2427363395690918
-1.3325327634811401
1.2372798919677734
-1.3490667343139648
1.2696524858474731
-1.328210473060608
1.2829105854034424
-1.3249441385269165
1.2625846862792969
-1.3359286785125732
1.292080283164978
-1.34140944480896
1.3079382181167603
-1.3314356803894043
1.3198575973510742
-1.347520351409912
1.3378344774246216
-1.326243281364441
1.3586719036102295
-1.3171688318252563
1.3719788789749146
-1.3110606670379639
1.3744148015975952
-1.334226131439209
1.3910250663757324
-1.339491367340088
1.4158811569213867
-1.3053923845291138
1.4426453113555908
-1.2809542417526245
1.4432200193405151
-1.2800308465957642
1.4331133365631104
-1.2999521493911743
1.4570848941802979
-1.2916762828826904
1.468194842338562
-1.276067852973938
1.4727264642715454
-1.282243251800537
1.4772827625274658
-1.2914934158325195
1.4842748641967773
-1.2842626571655273
1.5034847259521484
-1.2603555917739868
1.5286531448364258
-1.2387535572052002
1.5282186269760132
-1.2508325576782227
1.5314544439315796
-1.235411524772644
1.543369174003601
-1.2247095108032227
1.555380940437317
-1.2183154821395874
1.5736362934112549
-1.2038811445236206
1.564969539642334
-1.2124285697937012
1.5685070753097534
-1.207026481628418
1.5696196556091309
-1.2133888006210327
1.5780367851257324
-1.2086734771728516
1.5829848051071167
-1.2055259943008423
1.6057846546173096
-1.2021559476852417
1.6218434572219849
-1.1598687171936035
1.6320472955703735
-1.140589714050293
1.6440948247909546
-1.1277523040771484
1.6408509016036987
-1.1400716304779053
1.6748054027557373
-1.0963648557662964
1.6840083599090576
-1.0809857845306396
1.661825180053711
-1.1156233549118042
1.688363790512085
-1.0639491081237793
1.6823539733886719
-1.0594199895858765
1.6661614179611206
-1.072605848312378
1.6921967267990112
-1.0410984754562378
1.6803393363952637
-1.054186463356018
1.6707031726837158
-1.0286117792129517
1.6861275434494019
-1.0030791759490967
1.704339861869812
-0.9801127314567566
1.7169498205184937
-0.9514634609222412
1.7074718475341797
-0.9379906058311462
1.7022088766098022
-0.9450106620788574
1.7126562595367432
-0.9249521493911743
1.709199070930481
-0.9217295050621033
1.7180607318878174
-0.8972787261009216
1.698976993560791
-0.9141128063201904
1.6998693943023682
-0.911914050579071
1.696358323097229
-0.9085008502006531
1.7002891302108765
-0.8805015087127686
1.699317216873169
-0.862705647945404
1.7012630701065063
-0.8709969520568848
1.69004225730896
-0.8452695608139038
1.6869149208068848
-0.8442539572715759
1.6877530813217163
-0.832170844078064
1.6870830059051514
-0.8091816902160645
1.6788743734359741
-0.7806840538978577
1.6754603385925293
-0.7596075534820557
1.6761459112167358
-0.7608664631843567
1.6678041219711304
-0.767204999923706
1.6664706468582153
-0.7445035576820374
1.6619086265563965
-0.7278200387954712
1.6547987461090088
-0.7195678949356079
1.6478608846664429
-0.6975677013397217
1.6412957906723022
-0.6865317821502686
1.6405620574951172
-0.694153368473053
1.6305955648422241
-0.7180197238922119
1.6214419603347778
-0.6723332405090332
1.615106463432312
-0.6602768301963806
1.612043023109436
-0.6549185514450073
1.6051839590072632
-0.6396820545196533
1.6060181856155396
-0.6449511051177979
1.597432255744934
-0.6554803252220154
1.5921213626861572
-0.6563102006912231
1.5851725339889526
-0.6280624866485596
1.5772331953048706
-0.6423564553260803
1.5820573568344116
-0.6525699496269226
1.5687060356140137
-0.6056120991706848
1.5607610940933228
-0.5699595808982849
1.5421561002731323
-0.5678951740264893
1.5356582403182983
-0.5586981177330017
1.5372072458267212
-0.5387350916862488
1.5212652683258057
-0.5315797328948975
1.5124319791793823
-0.494201123714447
1.5045075416564941
-0.5140387415885925
1.4940576553344727
-0.5002279877662659
1.4936350584030151
-0.47790586948394775
1.4835565090179443
-0.49305984377861023
1.4847248792648315
-0.4750637710094452
1.4777320623397827
-0.47912806272506714
1.482354760169983
-0.4702993929386139
1.4724804162979126
-0.4697289764881134
1.4623548984527588
-0.4585041403770447
1.4741642475128174
-0.4530724585056305
1.4662079811096191
-0.4574226438999176
1.4548367261886597
-0.4516235589981079
1.4571900367736816
-0.4366186559200287
1.4521739482879639
-0.4444746971130371
1.447793960571289
-0.4327608644962311
1.4410147666931152
-0.4233674108982086
1.4468083381652832
-0.4352469742298126
1.4299238920211792
-0.3951050043106079
1.4238561391830444
-0.38971972465515137
1.4178431034088135
-0.3947678208351135
1.4146281480789185
-0.3597669303417206
1.403016448020935
-0.35880744457244873
1.3982402086257935
-0.3325467109680176
1.3871084451675415
-0.33444249629974365
1.3873049020767212
-0.34445661306381226
1.383381962776184
-0.3145672678947449
1.3802788257598877
-0.3205830454826355
1.3756024837493896
-0.31256845593452454
1.3588496446609497
-0.30263206362724304
1.3549344539642334
-0.29517292976379395
1.3613137006759644
-0.2938297986984253
1.357569694519043
-0.2952556908130646
1.354448914527893
-0.2898906469345093
1.3511940240859985
-0.2830319404602051
1.3468775749206543
-0.2680041193962097
1.3466322422027588
-0.24664878845214844
1.329771637916565
-0.2507587969303131
1.3208739757537842
-0.23907415568828583
1.319962978363037
-0.24394159018993378
1.3144975900650024
-0.2223999947309494
1.2995039224624634
-0.206496462225914
1.2926174402236938
-0.18787068128585815
1.2900536060333252
-0.16997955739498138
1.2825231552124023
-0.15174636244773865
1.280867338180542
-0.17979349195957184
1.2576583623886108
-0.15052323043346405
1.2534641027450562
-0.15739096701145172
1.2286880016326904
-0.13213860988616943
1.2197544574737549
-0.11335992813110352
1.2069830894470215
-0.11679670214653015
1.1997942924499512
-0.10438857972621918
1.1913516521453857
-0.10691263526678085
1.1801040172576904
-0.08805880695581436
1.1703718900680542
-0.09331797808408737
1.1656436920166016
-0.0870530903339386
1.1645739078521729
-0.0963456854224205
1.1538487672805786
-0.08143766224384308
1.1465752124786377
-0.07996886968612671
1.153419852256775
-0.06654335558414459
1.1354024410247803
-0.0791449174284935
1.123809576034546
-0.07743778824806213
1.1157065629959106
-0.05966133996844292
1.1077998876571655
-0.05161430314183235
1.088637351989746
-0.0525849349796772
1.086944818496704
-0.058947280049324036
1.080849289894104
-0.047038253396749496
1.0675607919692993
-0.03583638742566109
1.0619244575500488
-0.04099053144454956
1.0517051219940186
-0.032359734177589417
1.0427218675613403
-0.027493465691804886
1.0374857187271118
-0.03380579128861427
1.034511923789978
-0.026302237063646317
1.0295898914337158
-0.016026973724365234
1.0240092277526855
-0.0077631850726902485
1.0168511867523193
-0.0037794741801917553
1.0037592649459839
-0.000652858754619956
1.0039196014404297
0.001273707370273769
0.9895906448364258
0.005203641951084137
0.9900889992713928
0.0005240370519459248
0.9804674983024597
0.013950150460004807
0.9866105318069458
0.002529755001887679
0.9732505083084106
0.010430846363306046
0.9612323641777039
0.02508731000125408
0.952552855014801
0.036177221685647964
0.9452230334281921
0.045450665056705475
0.9288061261177063
0.05332699045538902
0.93951815366745
0.06891597807407379
0.9303104281425476
0.06294098496437073
0.9267848134040833
0.052255429327487946
0.9219620227813721
0.05174504593014717
0.9274632930755615
0.04487879201769829
0.91014564037323
0.056036196649074554
0.9051380753517151
0.058334145694971085
0.8947396278381348
0.06957695633172989
0.8791719079017639
0.08175160735845566
0.8735185265541077
0.08325924724340439
0.8638676404953003
0.09946104884147644
0.8620803952217102
0.0931493416428566
0.8515567183494568
0.10663218051195145
0.852062463760376
0.12425032258033752
0.843295156955719
0.11872833967208862
0.834445595741272
0.1284172087907791
0.8251539468765259
0.1271318942308426
0.8134954571723938
0.13589228689670563
0.8068150877952576
0.13903304934501648
0.7947787046432495
0.14984841644763947
0.7894713282585144
0.15667122602462769
0.7813536524772644
0.15920722484588623
0.7685253024101257
0.16090621054172516
0.7585864663124084
0.1694008857011795
0.7441065907478333
0.18018949031829834
0.7355063557624817
0.19335369765758514
0.7285276651382446
0.19925549626350403
0.7191710472106934
0.21290689706802368
0.7089462280273438
0.2097461223602295
0.7132652401924133
0.20708335936069489
0.7059199810028076
0.21449892222881317
0.6906718611717224
0.22636567056179047
0.6808088421821594
0.22667016088962555
0.6777706146240234
0.22720974683761597
0.6741077303886414
0.22410783171653748
0.6726287007331848
0.22858481109142303
0.6723371148109436
0.2287624478340149
0.676781415939331
0.23237834870815277
0.6707552671432495
0.23561614751815796
0.673450767993927
0.23091992735862732
0.6555009484291077
0.24310508370399475
0.6484596729278564
0.24902549386024475
0.6496389508247375
0.24921566247940063
0.6285997033119202
0.2732992172241211
0.6234147548675537
0.275918185710907
0.617479681968689
0.2804863452911377
0.6073760390281677
0.28829196095466614
0.604178249835968
0.2835194170475006
0.5993078947067261
0.29418835043907166
0.5898656845092773
0.30452656745910645
0.5841354131698608
0.3077777028083801
0.5828638672828674
0.309445858001709
0.5743562579154968
0.32218101620674133
0.5714685916900635
0.32239359617233276
0.5652973055839539
0.3289186954498291
0.5595534443855286
0.3388349413871765
0.5483055114746094
0.34676796197891235
0.5424179434776306
0.3534407317638397
0.5344522595405579
0.35262200236320496
0.5315380096435547
0.37119004130363464
0.5203689932823181
0.37527960538864136
0.5140860080718994
0.38702839612960815
0.5107274055480957
0.39983734488487244
0.507816731929779
0.39383092522621155
0.5063800811767578
0.3942840099334717
0.49902892112731934
0.39809948205947876
0.5055100917816162
0.396450936794281
0.4900611639022827
0.4011929929256439
0.4801592230796814
0.4219643771648407
0.4728255569934845
0.44004836678504944
0.4711726903915405
0.4475368559360504
0.46002718806266785
0.4450973570346832
0.4510176479816437
0.4641055166721344
0.44284218549728394
0.47931674122810364
0.4368419945240021
0.48010921478271484
0.42990317940711975
0.4956470727920532
0.4196785092353821
0.5048621892929077
0.4178730547428131
0.515462338924408
0.41667547821998596
0.5104435682296753
0.41187629103660583
0.5135032534599304
0.4046325385570526
0.5229930877685547
0.39420774579048157
0.5510842800140381
0.3901435434818268
0.5489859580993652
0.3934088945388794
0.5573582053184509
0.3852800726890564
0.5569939613342285
0.3756423890590668
0.575766921043396
0.3704648017883301
0.5890152454376221
0.37009477615356445
0.5922757983207703
0.3568575978279114
0.582043468952179
0.3664037585258484
0.5975291132926941
0.360943078994751
0.6072867512702942
0.35165145993232727
0.6119646430015564
0.34132325649261475
0.6147252321243286
0.34087279438972473
0.6296918392181396
0.338078111410141
0.6298121809959412
0.3403150737285614
0.6430127620697021
0.33436119556427
0.6398689150810242
0.32051989436149597
0.6332927942276001
0.32046303153038025
0.6446975469589233
0.32547298073768616
0.6302105784416199
0.32362136244773865
0.6589893102645874
0.3214157521724701
0.6693861484527588
0.31845366954803467
0.6550379991531372
0.30519866943359375
0.6767103672027588
0.30330145359039307
0.6805166602134705
0.30498725175857544
0.6974693536758423
0.3009251356124878
0.693468451499939
0.2960580587387085
0.7104235887527466
0.29518061876296997
0.726226270198822
0.28895917534828186
0.7367045283317566
0.2909778654575348
0.7413625717163086
0.294495552778244
0.7677528858184814
0.30477839708328247
0.7892868518829346
0.28198960423469543
0.7699328660964966
0.29203179478645325
0.7963537573814392
0.3074288070201874
0.8195674419403076
0.30838850140571594
0.8369404673576355
0.30375394225120544
0.8338059782981873
0.31313154101371765
0.8396322131156921
0.3208971321582794
0.8497775197029114
0.3242504894733429
0.8712644577026367
0.3340629041194916
0.884804904460907
0.36097976565361023
0.9050441384315491
0.36444324254989624
0.9225619435310364
0.3825993835926056
0.9297904968261719
0.38937807083129883
0.9404522776603699
0.41764315962791443
0.9648523330688477
0.43032506108283997
0.9737602472305298
0.4315478503704071
0.9920414090156555
0.4364142119884491
0.9874369502067566
0.43570998311042786
0.9788511991500854
0.4572398066520691
0.9813057780265808
0.46424028277397156
0.9971399307250977
0.47444289922714233
1.0061743259429932
0.48138150572776794
1.0157252550125122
0.49143186211586
1.0165679454803467
0.49873363971710205
1.0091067552566528
0.5097729563713074
1.0326387882232666
0.5045775771141052
1.0380300283432007
0.5134081840515137
1.0354366302490234
0.5183326005935669
1.0493390560150146
0.5227486491203308
1.0577589273452759
0.5335492491722107
1.0685306787490845
0.531319797039032
1.0606689453125
0.5362659096717834
1.0719581842422485
0.5483399629592896
1.0952064990997314
0.5471009016036987
1.1093913316726685
0.5582197308540344
1.1422067880630493
0.5713641047477722
1.1475803852081299
0.5760604739189148
1.1621752977371216
0.5775237679481506
1.169498085975647
0.6070574522018433
1.2117414474487305
0.6201205253601074
1.2148622274398804
0.6080767512321472
1.219494104385376
0.6161280870437622
1.219691276550293
0.6435831189155579
1.2304363250732422
0.6382989883422852
1.2337034940719604
0.6528708934783936
1.2488490343093872
0.660611093044281
1.2300214767456055
0.6630184650421143
1.2265896797180176
0.6559948325157166
1.220513105392456
0.6748987436294556
1.2219610214233398
0.6842496991157532
1.2271138429641724
0.7055807709693909
1.230804204940796
0.7082548141479492
1.2293864488601685
0.7282392382621765
1.2551190853118896
0.752668023109436
1.2506036758422852
0.7759115695953369
1.2560482025146484
0.8142217397689819
1.2685133218765259
0.8238170146942139
1.2669264078140259
0.8423327803611755
1.2787213325500488
0.8581371307373047
1.2837674617767334
0.8569270968437195
1.280198574066162
0.8579789400100708
1.2782894372940063
0.8691615462303162
1.2820645570755005
0.8891568183898926
1.2924737930297852
0.9073956608772278
1.3000720739364624
0.8803176879882812
1.2904013395309448
0.9051361680030823
1.2948980331420898
0.9461400508880615
1.3039066791534424
0.9568684697151184
1.3094727993011475
1.0020537376403809
1.3063358068466187
1.0243487358093262
1.3069440126419067
1.0665173530578613
1.35329008102417
1.058762788772583
1.3087350130081177
1.0791386365890503
1.3158749341964722
1.1114387512207031
1.2912081480026245
1.1023648977279663
1.277693748474121
1.1191751956939697
1.2769582271575928
1.1398905515670776
1.3361444473266602
1.1701264381408691
1.336211085319519
1.1466864347457886
1.2882241010665894
1.1917697191238403
1.3092973232269287
1.1973317861557007
1.2947529554367065
1.2153397798538208
1.3390966653823853
1.1886341571807861
1.309968113899231
1.1917723417282104
1.2928606271743774
1.2095918655395508
1.2926676273345947
1.2158105373382568
1.2795531749725342
1.2365972995758057
1.2777817249298096
1.2369333505630493
1.2873889207839966
1.2655518054962158
1.3149759769439697
1.2620317935943604
1.2923221588134766
1.2719885110855103
1.2873766422271729
1.2858165502548218
1.2818708419799805
1.3185343742370605
1.2733820676803589
1.3402633666992188
1.2919796705245972
1.3525245189666748
1.2689083814620972
1.3666619062423706
1.262061357498169
1.3382889032363892
1.272693395614624
1.4027972221374512
1.2411205768585205
1.4287595748901367
1.2337234020233154
1.4200832843780518
1.2312207221984863
1.4176527261734009
1.2131143808364868
1.4470523595809937
1.2120909690856934
1.465923547744751
1.2094001770019531
1.4837071895599365
1.210211157798767
1.4759531021118164
1.2037376165390015
1.4873087406158447
1.1924850940704346
1.5075587034225464
1.1873183250427246
1.4921550750732422
1.1874970197677612
1.5193716287612915
1.169836401939392
1.54330575466156
1.1620196104049683
1.551399827003479
1.1549474000930786
1.571056604385376
1.1538870334625244
1.5952149629592896
1.138047218322754
1.5807700157165527
1.131857991218567
1.5731905698776245
1.126253366470337
1.608049988746643
1.1198829412460327
1.5816820859909058
1.1113530397415161
1.598772644996643
1.1095130443572998
1.5924396514892578
1.1071274280548096
1.5909444093704224
1.1091878414154053
1.5992285013198853
1.0986390113830566
1.6274631023406982
1.0911977291107178
1.6369131803512573
1.0898305177688599
1.643931269645691
1.071669340133667
1.6637135744094849
1.059602975845337
1.6527059078216553
1.0608881711959839
1.6529624462127686
1.0462193489074707
1.6852537393569946
1.029227375984192
1.704921007156372
1.0156843662261963
1.6913363933563232
1.0143193006515503
1.7197054624557495
0.9978231191635132
1.6805311441421509
0.9887357950210571
1.7127050161361694
0.9865842461585999
1.7026112079620361
0.9843688011169434
1.7151364088058472
0.9720590710639954
1.7339199781417847
0.9631287455558777
1.7438864707946777
0.9564979076385498
1.7480071783065796
0.9521867036819458
1.7321035861968994
0.9451434016227722
1.7254091501235962
0.9367192983627319
1.7187683582305908
0.9571752548217773
1.721413493156433
0.9241403341293335
1.737408995628357
0.9434855580329895
1.7744297981262207
0.9315157532691956
1.7471277713775635
0.9039893746376038
1.7330858707427979
0.8752986192703247
1.7266069650650024
0.8721203207969666
1.727805495262146
0.86030113697052
1.7209453582763672
0.8450635075569153
1.7323009967803955
0.8629793524742126
1.7410694360733032
0.8304732441902161
1.7234184741973877
0.8323191404342651
1.7091093063354492
0.8056865930557251
1.6898553371429443
0.7949952483177185
1.6879637241363525
0.7853220105171204
1.6771693229675293
0.775425374507904
1.6699343919754028
0.7688410878181458
1.661705493927002
0.7588239908218384
1.6500707864761353
0.7488467693328857
1.6617358922958374
0.7555361390113831
1.6326895952224731
0.7480831742286682
1.6276625394821167
0.736990213394165
1.6219847202301025
0.7295789122581482
1.5984975099563599
0.720400869846344
1.5866221189498901
0.7057912349700928
1.5781558752059937
0.7014963030815125
1.5744941234588623
0.6904290914535522
1.5535659790039062
0.6855380535125732
1.5604019165039062
0.6766000986099243
1.5526176691055298
0.6784365773200989
1.537392020225525
0.6579630970954895
1.516349196434021
0.6478054523468018
1.5073908567428589
0.6373933553695679
1.50161874294281
0.6320880055427551
1.4914829730987549
0.6571967005729675
1.504952311515808
0.6592122912406921
1.494991421699524
0.6274025440216064
1.4995794296264648
0.6406506896018982
1.495131015777588
0.619239866733551
1.4992769956588745
0.616090714931488
1.5131416320800781
0.6529271006584167
1.504026174545288
0.6005938053131104
1.4944946765899658
0.5761298537254333
1.4802254438400269
0.562957227230072
1.4584881067276
0.558161735534668
1.4534504413604736
0.5445364713668823
1.4629051685333252
0.52910315990448
1.4533735513687134
0.5174793004989624
1.4487398862838745
0.5051928758621216
1.4396989345550537
0.4977351129055023
1.4341760873794556
0.48786652088165283
1.4297776222229004
0.47702756524086
1.4307862520217896
0.48005446791648865
1.4235832691192627
0.46302005648612976
1.4299291372299194
0.4568469524383545
1.4269752502441406
0.43208810687065125
1.4250538349151611
0.4206124544143677
1.4235745668411255
0.4262040853500366
1.4018950462341309
0.4063795804977417
1.3986232280731201
0.3978472948074341
1.3853747844696045
0.39654645323753357
1.3876521587371826
0.39190566539764404
1.3914614915847778
0.38428422808647156
1.3908697366714478
0.3900148570537567
1.3840899467468262
0.37488219141960144
1.3707444667816162
0.3686216473579407
1.368069052696228
0.35425347089767456
1.355589509010315
0.34852170944213867
1.353258490562439
0.3350728750228882
1.3415278196334839
0.32390016317367554
1.3322691917419434
0.3163096010684967
1.3246217966079712
0.3063123822212219
1.3237199783325195
0.3064494729042053
1.3028932809829712
0.2838277816772461
1.2929391860961914
0.27401411533355713
1.2778339385986328
0.27609744668006897
1.2754327058792114
0.26348060369491577
1.2684019804000854
0.2528260350227356
1.2647005319595337
0.24805115163326263
1.2544642686843872
0.2598496377468109
1.2454686164855957
0.23750874400138855
1.2391281127929688
0.2332509607076645
1.2304227352142334
0.22701790928840637
1.2222633361816406
0.21885213255882263
1.2166258096694946
0.21567247807979584
1.2127119302749634
0.22020763158798218
1.2017549276351929
0.21664336323738098
1.1974314451217651
0.19821079075336456
1.190643310546875
0.1870146095752716
1.180162787437439
0.17737331986427307
1.1709961891174316
0.1806725263595581
1.162017583847046
0.15619789063930511
1.1506404876708984
0.1464606076478958
1.134406566619873
0.14945891499519348
1.1279445886611938
0.12990133464336395
1.1108704805374146
0.12905529141426086
1.1096892356872559
0.11329126358032227
1.1036875247955322
0.10248097032308578
1.1049659252166748
0.11338085681200027
1.1034318208694458
0.09662972390651703
1.0938432216644287
0.08780014514923096
1.0967717170715332
0.09045690298080444
1.0879942178726196
0.08064180612564087
1.0877950191497803
0.08082661032676697
1.0819206237792969
0.07550233602523804
1.0694218873977661
0.07950615882873535
1.0700886249542236
0.07855810225009918
1.0656747817993164
0.07418578863143921
1.064857840538025
0.0692741870880127
1.0575145483016968
0.07821246981620789
1.0530059337615967
0.07429438084363937
1.040913701057434
0.04625646397471428
1.0312947034835815
0.04404127225279808
1.0260595083236694
0.026267826557159424
1.010873794555664
0.03519069403409958
1.0003514289855957
0.01160391978919506
0.9872884154319763
0.009303408674895763
0.9759591221809387
-4.6130204282235354e-05
0.971930205821991
0.005016949027776718
0.9637209177017212
-0.0014809572603553534
0.9593394994735718
-0.015375830233097076
0.9550250768661499
-0.01736704632639885
0.9463643431663513
-0.003218927187845111
0.9409104585647583
-0.003715897910296917
0.9404503107070923
-0.012562775053083897
0.9251714944839478
-0.009380538016557693
0.9331082701683044
-0.019985532388091087
0.9238846302032471
-0.008537149988114834
0.918483555316925
-0.012412036769092083
0.9097447991371155
-0.015167497098445892
0.9096381068229675
-0.021409323439002037
0.8999905586242676
-0.024739718064665794
0.898374617099762
-0.019236687570810318
0.8902963995933533
-0.02165375091135502
0.8905362486839294
-0.024456480517983437
0.8852063417434692
-0.01364198699593544
