1.5462453365325928
0.4175269603729248
1.514967679977417
0.41369959712028503
1.4973162412643433
0.41159284114837646
1.4949144124984741
0.4176502227783203
1.5227285623550415
0.42544716596603394
1.5286177396774292
0.4023810625076294
1.5259742736816406
0.40860414505004883
1.523356556892395
0.4149196147918701
1.5138204097747803
0.3985458314418793
1.5111435651779175
0.40484920144081116
1.5123953819274902
0.39376312494277954
1.5144082307815552
0.3869065046310425
1.5116769075393677
0.39319491386413574
1.5139018297195435
0.3662395775318146
1.5111067295074463
0.37256327271461487
1.511345386505127
0.37670889496803284
1.5115288496017456
0.3789409101009369
1.5086897611618042
0.385322242975235
1.507523775100708
0.38631048798561096
1.5064810514450073
0.38662463426589966
1.5036920309066772
0.3930724859237671
1.5006169080734253
0.3906278610229492
1.4979262351989746
0.3971460461616516
1.4925123453140259
0.3809657096862793
1.515074610710144
0.41614753007888794
1.5127488374710083
0.42288050055503845
1.5027143955230713
0.38938868045806885
1.4970959424972534
0.405643105506897
1.4948372840881348
0.4124917984008789
1.488571047782898
0.39756539463996887
1.5034221410751343
0.44239723682403564
1.4899849891662598
0.4487389028072357
1.4877969026565552
0.4557808041572571
1.480983018875122
0.4256401062011719
1.4745923280715942
0.4460929334163666
1.4625564813613892
0.46400895714759827
1.4562333822250366
0.47621867060661316
1.454711675643921
0.48329612612724304
1.4532173871994019
0.49611884355545044
1.4522120952606201
0.5075947046279907
1.4585505723953247
0.5218222737312317
1.4529210329055786
0.5341290831565857
1.4519286155700684
0.5412951707839966
1.4432843923568726
0.5520379543304443
1.4490996599197388
0.5679696202278137
1.4483994245529175
0.5751275420188904
1.4562095403671265
0.5940584540367126
1.4509445428848267
0.6036111116409302
1.4543951749801636
0.5986937284469604
1.4541250467300415
0.6058292984962463
1.441598892211914
0.6030837893486023
1.4394980669021606
0.6200539469718933
1.439111590385437
0.6397714614868164
1.4304617643356323
0.6553856730461121
1.4306093454360962
0.6623982191085815
1.4616366624832153
0.711044192314148
1.4618923664093018
0.7179920673370361
1.448925495147705
0.6726539134979248
1.4484703540802002
0.6976380944252014
1.4459950923919678
0.7039420008659363
1.4353266954421997
0.7116991281509399
1.436441421508789
0.722089946269989
1.4367051124572754
0.7288991808891296
1.4372371435165405
0.6934702396392822
1.4388694763183594
0.7184584736824036
1.4390603303909302
0.7253415584564209
1.4449225664138794
0.7305272221565247
1.444915771484375
0.7525189518928528
1.444193959236145
0.716808557510376
1.4441068172454834
0.723674476146698
1.476356863975525
0.7899240255355835
1.4763046503067017
0.7967944741249084
1.457908034324646
0.781248927116394
1.447726845741272
0.794640302658081
1.4475728273391724
0.8015062808990479
1.4810858964920044
0.8449020981788635
1.4809335470199585
0.8517565131187439
1.4559017419815063
0.8504894375801086
1.4542036056518555
0.848697304725647
1.4517742395401
0.852841317653656
1.451018214225769
0.8598072528839111
1.4516456127166748
0.8342240452766418
1.438586950302124
0.8506491184234619
1.437445044517517
0.8577603101730347
1.4424413442611694
0.870623767375946
1.4247459173202515
0.8889793157577515
1.4234848022460938
0.8960608839988708
1.4343318939208984
0.8464927077293396
1.441094994544983
0.871889591217041
1.4483983516693115
0.8913670778274536
1.4467402696609497
0.898578405380249
1.4340753555297852
0.9052485227584839
1.4386229515075684
0.9184967279434204
1.436697006225586
0.9256750345230103
1.4402039051055908
0.9360754489898682
1.441515564918518
0.8881332874298096
1.423801302909851
0.9328048229217529
1.421338677406311
0.9401348233222961
1.4075690507888794
0.9647035002708435
1.4396456480026245
0.9711920619010925
1.438700795173645
0.9791489243507385
1.435991883277893
0.9864497184753418
1.4345513582229614
0.9948084950447083
1.439589023590088
1.020408272743225
1.4261386394500732
1.0207009315490723
1.422935962677002
1.0280154943466187
1.4251701831817627
0.9655731320381165
1.4217748641967773
0.9727499485015869
1.4395289421081543
1.0035556554794312
1.4243093729019165
1.0137460231781006
1.399839997291565
1.0439603328704834
1.4200762510299683
1.0594818592071533
1.4067660570144653
1.066603422164917
1.4024982452392578
1.0737512111663818
1.3982113599777222
1.0807894468307495
1.4021872282028198
1.0918444395065308
1.4364302158355713
1.1460665464401245
1.4316424131393433
1.1531919240951538
1.447876214981079
1.1881707906723022
1.4124704599380493
1.1606005430221558
1.407120943069458
1.167637825012207
1.4070420265197754
1.182129144668579
1.4016107320785522
1.1889714002609253
1.3803985118865967
1.183546543121338
1.3816709518432617
1.18937087059021
1.3760846853256226
1.1958235502243042
1.3647643327713013
1.1298424005508423
1.3705247640609741
1.1636836528778076
1.3707903623580933
1.1869605779647827
1.3888565301895142
1.247427225112915
1.3824979066848755
1.25344717502594
1.3758951425552368
1.2596642971038818
1.387129783630371
1.2950594425201416
1.3611468076705933
1.2810640335083008
1.354482650756836
1.2871019840240479
1.3344459533691406
1.1970207691192627
1.3315118551254272
1.2462129592895508
1.3248810768127441
1.2518861293792725
1.294777274131775
1.2708265781402588
1.3150975704193115
1.3245728015899658
1.3087170124053955
1.3295674324035645
1.2591261863708496
1.3288646936416626
1.287290334701538
1.3630683422088623
1.2602784633636475
1.3461054563522339
1.2536451816558838
1.3510551452636719
1.2646082639694214
1.3821306228637695
1.2582052946090698
1.3866820335388184
1.235923409461975
1.2890214920043945
1.2030119895935059
1.3184398412704468
1.1970183849334717
1.3233246803283691
1.2279021739959717
1.3814842700958252
1.2222753763198853
1.3858351707458496
1.2161670923233032
1.3906095027923584
1.21011483669281
1.3953734636306763
1.2107545137405396
1.4288082122802734
1.204531192779541
1.4333369731903076
1.1603535413742065
1.4194061756134033
1.1560378074645996
1.4189958572387695
1.1504842042922974
1.423361897468567
1.143693208694458
1.4257657527923584
1.1562107801437378
1.4677863121032715
1.1143789291381836
1.4538424015045166
1.108662724494934
1.4584333896636963
1.1349080801010132
1.487273097038269
1.1455410718917847
1.506951093673706
1.1218260526657104
1.488418698310852
1.1161305904388428
1.4930603504180908
1.074948787689209
1.4824122190475464
1.0699255466461182
1.4868993759155273
1.0944544076919556
1.5176676511764526
1.0894620418548584
1.5221233367919922
1.0554678440093994
1.5082459449768066
1.0506551265716553
1.5126667022705078
1.031027913093567
1.4899394512176514
1.0562894344329834
1.531670331954956
1.0661184787750244
1.558624505996704
1.0367932319641113
1.521362066268921
1.0163116455078125
1.5173683166503906
1.0119491815567017
1.522141456604004
0.9899200797080994
1.5281803607940674
0.9790135622024536
1.5239614248275757
1.0118430852890015
1.5770580768585205
0.985746443271637
1.5577737092971802
0.981715202331543
1.5628443956375122
0.964015543460846
1.5532139539718628
0.9602198004722595
1.5580353736877441
0.9732370972633362
1.5547693967819214
0.9665578603744507
1.5497784614562988
0.9695509672164917
1.557101845741272
0.9583257436752319
1.5586811304092407
0.9545266628265381
1.5638099908828735
0.9482559561729431
1.550470232963562
0.976136326789856
1.5976274013519287
0.9894338250160217
1.6292201280593872
0.9855314493179321
1.6345704793930054
0.9504227042198181
1.6181106567382812
0.9463763236999512
1.6236850023269653
0.925602912902832
1.6156376600265503
0.9218505024909973
1.6208159923553467
0.9099084138870239
1.617993712425232
0.9154888391494751
1.6055766344070435
0.9465435743331909
1.6304261684417725
0.9428195953369141
1.6358131170272827
0.9601969122886658
1.666080355644226
0.9690572619438171
1.686850666999817
0.9306125044822693
1.6629655361175537
0.9265896677970886
1.668816328048706
0.9226443767547607
1.6744133234024048
0.8994845151901245
1.662915825843811
0.9288293719291687
1.6926357746124268
0.9442697167396545
1.723343849182129
0.9398765563964844
1.729039192199707
0.9100925326347351
1.6945319175720215
0.9046639800071716
1.691706895828247
0.9003366231918335
1.6971889734268188
0.8823317885398865
1.6860122680664062
0.8800826668739319
1.6670143604278564
0.8822923302650452
1.6849660873413086
0.8693683743476868
1.6933025121688843
0.8645153045654297
1.6988052129745483
0.857977569103241
1.7039921283721924
0.8828204274177551
1.7516530752182007
0.8777409791946411
1.7566214799880981
0.8510788679122925
1.744303584098816
0.8440554141998291
1.7603638172149658
0.8386152982711792
1.7654317617416382
0.8600380420684814
1.801608681678772
0.833503007888794
1.779510259628296
0.8107436895370483
1.7806591987609863
0.8167315721511841
1.7837774753570557
0.8109332323074341
1.7884968519210815
0.8227167129516602
1.7303860187530518
0.816622257232666
1.735105276107788
0.8293423056602478
1.8010423183441162
0.8306906819343567
1.8457566499710083
0.7940994501113892
1.826248288154602
0.7873018383979797
1.8305795192718506
0.7662402987480164
1.822319746017456
0.7667269706726074
1.831886887550354
0.7601718902587891
1.8357423543930054
0.7563565969467163
1.8428462743759155
0.7427629828453064
1.855576753616333
0.7604330778121948
1.8900511264801025
0.7583775520324707
1.9157551527023315
0.7508671879768372
1.9188730716705322
0.7573534846305847
1.9284700155258179
0.7308720350265503
1.9103633165359497
0.7030397057533264
1.8959226608276367
0.6958568692207336
1.8988819122314453
0.6776962280273438
1.8857477903366089
0.6691960692405701
1.8930203914642334
0.6625418066978455
1.8958566188812256
0.6559184789657593
1.8986762762069702
0.6467763781547546
1.9057492017745972
0.6576446890830994
1.9385478496551514
0.6507048010826111
1.9409536123275757
0.652751088142395
1.9603017568588257
0.6454963684082031
1.9625502824783325
0.6270092725753784
1.947907567024231
0.6197807788848877
1.9503960609436035
0.6234222054481506
1.9689664840698242
0.6200936436653137
1.9809880256652832
0.6128381490707397
1.9830750226974487
0.6055493354797363
1.98517906665802
0.603290855884552
1.9919593334197998
0.595976710319519
1.9938527345657349
0.589126706123352
1.9992390871047974
0.5627487897872925
1.9813871383666992
0.555558443069458
1.983471155166626
0.5486969351768494
1.9854689836502075
0.5494904518127441
1.9981586933135986
0.5293304324150085
1.969944715499878
0.5335173606872559
1.990209698677063
0.5267648100852966
1.9922285079956055
0.5062591433525085
1.9852765798568726
0.49941486120224
1.9877140522003174
0.5152431726455688
1.869165062904358
0.486080139875412
1.9101037979125977
0.47929948568344116
1.912589430809021
0.4604283273220062
1.9323475360870361
0.4672216773033142
1.9766572713851929
0.4643552899360657
2.0035476684570312
0.44413888454437256
1.988931655883789
0.42836400866508484
1.9827598333358765
0.40475332736968994
1.9941915273666382
0.39877045154571533
1.9966926574707031
0.39321717619895935
1.9989947080612183
0.3876230716705322
2.0012929439544678
0.3994187116622925
2.0167124271392822
0.3855817914009094
2.0053622722625732
0.37965553998947144
2.008002281188965
0.37391406297683716
2.0105297565460205
0.3679735064506531
2.0164239406585693
0.36223718523979187
2.0190112590789795
0.35648396611213684
2.0215697288513184
0.3506830036640167
2.0241098403930664
0.3611874580383301
2.0421814918518066
0.3553538918495178
2.0443930625915527
0.31565481424331665
2.0367822647094727
0.3298631012439728
2.053656578063965
0.3227541744709015
2.048771381378174
0.3136546313762665
2.0388035774230957
0.3077532649040222
2.0412919521331787
0.30184727907180786
2.043738603591919
0.31435349583625793
2.0604095458984375
0.30811432003974915
2.0626471042633057
0.3050258755683899
2.0653276443481445
0.29858866333961487
2.0677480697631836
0.2974061071872711
2.0790517330169678
0.29081815481185913
2.081279754638672
0.2881269156932831
2.0895748138427734
0.2708868086338043
2.073906660079956
0.2320774495601654
2.068735361099243
0.2258269488811493
2.070936918258667
0.2393614798784256
2.08634877204895
0.23324717581272125
2.088303804397583
0.22687382996082306
2.0902981758117676
0.23342302441596985
2.0938234329223633
0.22706767916679382
2.095959186553955
0.21790646016597748
2.084484815597534
0.21983179450035095
2.0983777046203613
0.20837180316448212
2.0893521308898926
0.20292885601520538
2.0838842391967773
0.19408294558525085
2.084561586380005
0.18771997094154358
2.0871503353118896
0.18136872351169586
2.089662790298462
0.1749582290649414
2.0921285152435303
0.1684942990541458
2.0945470333099365
0.17670755088329315
2.112966537475586
0.16812334954738617
2.11845326423645
0.16117657721042633
2.120636463165283
0.15400144457817078
2.1132616996765137
0.15335005521774292
2.117927312850952
0.14218641817569733
2.120227098464966
0.13049833476543427
2.124452829360962
0.12351658195257187
2.125635862350464
0.11459334939718246
2.1285042762756348
0.10459356755018234
2.130991220474243
0.0978872999548912
2.133042097091675
0.09119334071874619
2.1350197792053223
0.08219913393259048
2.132510185241699
0.08317902684211731
2.143018960952759
0.07640034705400467
2.144718647003174
0.0694228932261467
2.146401882171631
0.055890507996082306
2.1478958129882812
0.048886463046073914
2.1496031284332275
0.04208249971270561
2.1511993408203125
0.02478278987109661
2.1571147441864014
0.024770718067884445
2.1625678539276123
0.0066961185075342655
2.163372755050659
-0.010054001584649086
2.16597318649292
-0.016534706577658653
2.1674864292144775
-0.05168101191520691
2.1586990356445312
-0.0441318042576313
2.166459321975708
-0.049668088555336
2.167478084564209
-0.04749533161520958
2.17805552482605
-0.05368257686495781
2.1788129806518555
-0.060064490884542465
2.1795499324798584
-0.06434284895658493
2.2018704414367676
-0.06031804159283638
2.197486162185669
-0.07220650464296341
2.1968955993652344
-0.10065115988254547
2.184264659881592
-0.10848136246204376
2.1921403408050537
-0.10839720070362091
2.19242000579834
-0.13982023298740387
2.1791951656341553
-0.16917382180690765
2.1741139888763428
-0.15595977008342743
2.184523344039917
-0.16091638803482056
2.182821750640869
-0.18756766617298126
2.177584409713745
-0.18403472006320953
2.1776130199432373
-0.18935643136501312
2.176541805267334
-0.17883571982383728
2.191378593444824
-0.16422319412231445
2.1959826946258545
-0.16201075911521912
2.2006921768188477
-0.1517838090658188
2.2002463340759277
-0.14928889274597168
2.2012038230895996
-0.15632756054401398
2.200054883956909
-0.14850138127803802
2.1998393535614014
-0.15577444434165955
2.198481559753418
-0.1633712500333786
2.197061061859131
-0.15418224036693573
2.1993820667266846
-0.153424933552742
2.200213670730591
-0.154323548078537
2.2031991481781006
-0.15302541851997375
2.20261549949646
-0.16143664717674255
2.2014787197113037
-0.16989880800247192
2.2003161907196045
-0.1594155877828598
2.200949192047119
-0.16797000169754028
2.1994616985321045
-0.1591370403766632
2.200284957885742
-0.16807933151721954
2.1985576152801514
-0.15938116610050201
2.1997053623199463
-0.16043643653392792
2.2025656700134277
-0.15746352076530457
2.200469493865967
-0.15808774530887604
2.199430465698242
-0.1679898202419281
2.1978843212127686
-0.16352535784244537
2.1981773376464844
-0.157516747713089
2.1983461380004883
-0.16764385998249054
2.1966001987457275
-0.15976013243198395
2.1973366737365723
-0.15794654190540314
2.1982877254486084
-0.15684501826763153
2.1988627910614014
-0.18770352005958557
2.185382843017578
-0.20816512405872345
2.1758670806884766
-0.19463229179382324
2.1886377334594727
-0.20477263629436493
2.1875717639923096
-0.19232827425003052
2.190586566925049
-0.2030828446149826
2.1893365383148193
-0.19352580606937408
2.1903252601623535
-0.20520277321338654
2.1967227458953857
-0.21643440425395966
2.1950197219848633
-0.22260329127311707
2.189760208129883
-0.2317662388086319
2.1848154067993164
-0.2501712143421173
2.191943645477295
-0.26115235686302185
2.190459728240967
-0.271718293428421
2.1889898777008057
-0.2902301847934723
2.17846417427063
-0.317007839679718
2.187694549560547
-0.3273318111896515
2.1863298416137695
-0.3535590171813965
2.1705524921417236
-0.3940960466861725
2.1813836097717285
-0.40296950936317444
2.180286407470703
-0.41463014483451843
2.162261724472046
-0.4222979247570038
2.158747911453247
-0.4427158832550049
2.1468000411987305
-0.468768835067749
2.1384623050689697
-0.47632652521133423
2.1369125843048096
-0.5041901469230652
2.1440024375915527
-0.5175431966781616
2.1517577171325684
-0.5241730809211731
2.150585412979126
-0.5423986911773682
2.1671645641326904
-0.5487534999847412
2.16626238822937
-0.5876818299293518
2.1515908241271973
-0.5938404202461243
2.1505887508392334
-0.6269298791885376
2.1651008129119873
-0.6319695711135864
2.1644017696380615
-0.6560725569725037
2.134488582611084
-0.6607072949409485
2.133603811264038
-0.6651440858840942
2.1327085494995117
-0.6840405464172363
2.130131483078003
-0.68851238489151
2.1291418075561523
-0.7153457403182983
2.151581048965454
-0.7244737148284912
2.138180732727051
-0.746654212474823
2.156632900238037
-0.7503660917282104
2.155940294265747
-0.7479991316795349
2.140294313430786
-0.7500324845314026
2.1139731407165527
-0.7535136938095093
2.113121271133423
-0.7572301626205444
2.1121673583984375
-0.7730150818824768
2.142446756362915
-0.7650195956230164
2.1149497032165527
-0.760294497013092
2.099414110183716
-0.7779008746147156
2.110938549041748
-0.7819406390190125
2.109776496887207
-0.7757468819618225
2.095667839050293
-0.779877245426178
2.094289779663086
-0.7841957211494446
2.0928001403808594
-0.812480092048645
2.1017963886260986
-0.8088364005088806
2.1132147312164307
-0.7907741665840149
2.11612868309021
-0.7950646877288818
2.114590883255005
-0.8182319402694702
2.1144556999206543
-0.8121579885482788
2.1203856468200684
-0.8066476583480835
2.14743971824646
-0.8090328574180603
2.1625397205352783
-0.8137512803077698
2.1610586643218994
-0.8185985088348389
2.159475326538086
-0.7970280647277832
2.1427605152130127
-0.8019784092903137
2.141002655029297
-0.7909497022628784
2.132138967514038
-0.7831351161003113
2.1095495223999023
-0.7789924740791321
2.0966246128082275
-0.7949891090393066
2.134467363357544
-0.7899682521820068
2.110699415206909
-0.796025812625885
2.1080970764160156
-0.7903926968574524
2.095705270767212
-0.8044873476028442
2.1343090534210205
-0.8152813911437988
2.156768560409546
-0.8093703389167786
2.1406326293945312
-0.8157361149787903
2.137747049331665
-0.8288500308990479
2.1567914485931396
-0.8205833435058594
2.1216049194335938
-0.8231712579727173
2.117687463760376
-0.829596996307373
2.1140406131744385
-0.8480910658836365
2.1423418521881104
-0.8543751835823059
2.1385176181793213
-0.8702865839004517
2.1061580181121826
-0.8619737029075623
2.1049082279205322
-0.8618731498718262
2.102193593978882
-0.8676416873931885
2.097609758377075
-0.8734560608863831
2.0929720401763916
-0.879257321357727
2.0883288383483887
-0.9004381895065308
2.1186249256134033
-0.9162477254867554
2.0811355113983154
-0.8996073603630066
2.0627241134643555
-0.9022203683853149
2.0461134910583496
-0.9071648120880127
2.0549376010894775
-0.9118744730949402
2.049309730529785
-0.9166216254234314
2.04368257522583
-0.9214074611663818
2.038059711456299
-0.9370145797729492
2.0241546630859375
-0.9411811828613281
2.0181896686553955
-0.9406691789627075
2.005113363265991
-0.9531849026679993
2.006427049636841
-0.9571029543876648
2.00046443939209
-0.9673492312431335
1.9983841180801392
-0.9713770151138306
2.000150442123413
-0.9773640632629395
1.992211937904358
-0.9808036088943481
1.9861217737197876
-0.984039306640625
1.98274564743042
-0.9886155724525452
1.9765186309814453
-0.9893509149551392
1.947534441947937
-0.9925429224967957
1.9413292407989502
-0.9977587461471558
1.919822335243225
-1.0009856224060059
1.9136103391647339
-1.005790114402771
1.8964788913726807
-1.0301446914672852
1.9389272928237915
-1.0332069396972656
1.9327198266983032
-1.0363181829452515
1.926540493965149
-1.0306453704833984
1.8925548791885376
-1.028052806854248
1.871215581893921
-1.0482186079025269
1.9078043699264526
-1.0617949962615967
1.9234031438827515
-1.0655797719955444
1.9174127578735352
-1.0527992248535156
1.8736577033996582
-1.0567067861557007
1.8677949905395508
-1.060754418373108
1.8617751598358154
-1.050394892692566
1.840643048286438
-1.0546166896820068
1.8347522020339966
-1.0553497076034546
1.8067868947982788
-1.0762262344360352
1.8470866680145264
-1.0811021327972412
1.8413333892822266
-1.08589768409729
1.8356928825378418
-1.0747309923171997
1.803663969039917
-1.094545841217041
1.8323811292648315
-1.1035593748092651
1.8539958000183105
-1.1113256216049194
1.863922119140625
-1.1206848621368408
1.8616230487823486
-1.1260532140731812
1.8566170930862427
-1.1312832832336426
1.851688265800476
-1.1129648685455322
1.7962911128997803
-1.1137750148773193
1.7697935104370117
-1.1194837093353271
1.7649463415145874
-1.1251204013824463
1.7601090669631958
-1.1467604637145996
1.7453569173812866
-1.1503151655197144
1.771691083908081
-1.1556950807571411
1.7827626466751099
-1.1680938005447388
1.7932765483856201
-1.1808264255523682
1.794464349746704
-1.1863535642623901
1.7907603979110718
-1.1868557929992676
1.7830795049667358
-1.1947495937347412
1.728744387626648
-1.1873669624328613
1.714457631111145
-1.2031878232955933
1.6863203048706055
-1.198609709739685
1.6866977214813232
-1.204006314277649
1.6832749843597412
-1.2094123363494873
1.6797534227371216
-1.1994781494140625
1.6634858846664429
-1.2152214050292969
1.672955870628357
-1.220752477645874
1.6694278717041016
-1.243512511253357
1.6512552499771118
-1.228676199913025
1.6438918113708496
-1.23377525806427
1.6402702331542969
-1.227588415145874
1.634802222251892
-1.262015700340271
1.6862521171569824
-1.2497459650039673
1.6599234342575073
-1.2801494598388672
1.6987621784210205
-1.2678909301757812
1.6620029211044312
-1.2809562683105469
1.6844282150268555
-1.2858502864837646
1.680454134941101
-1.2950025796890259
1.6932649612426758
-1.2993146181106567
1.674074649810791
-1.3039499521255493
1.669958233833313
-1.3156533241271973
1.636675477027893
-1.3059669733047485
1.6185635328292847
-1.3101776838302612
1.6141647100448608
-1.3266314268112183
1.605475664138794
-1.3311771154403687
1.6008449792861938
-1.335450530052185
1.596391201019287
-1.3453997373580933
1.587065577507019
-1.3530203104019165
1.5965228080749512
-1.356869101524353
1.5916054248809814
-1.366507887840271
1.6204566955566406
-1.353880763053894
1.593796968460083
-1.3574378490447998
1.588584065437317
-1.3512405157089233
1.570234775543213
-1.384060025215149
1.6188991069793701
-1.3871681690216064
1.612949252128601
-1.3945823907852173
1.595796823501587
-1.4087878465652466
1.564840316772461
-1.4115874767303467
1.55890953540802
-1.4272253513336182
1.6012483835220337
-1.434554934501648
1.6266757249832153
-1.4286354780197144
1.596082329750061
-1.4394257068634033
1.6202187538146973
-1.4415580034255981
1.6138018369674683
-1.4342225790023804
1.5871295928955078
-1.450050711631775
1.6032955646514893
-1.4516606330871582
1.596571683883667
-1.4532413482666016
1.5897830724716187
-1.454790711402893
1.5829445123672485
-1.4238619804382324
1.541123628616333
-1.4253476858139038
1.5342787504196167
-1.4311953783035278
1.507800817489624
-1.4325577020645142
1.5007920265197754
-1.4216909408569336
1.4284098148345947
-1.4297466278076172
1.4446412324905396
-1.431032419204712
1.4377330541610718
-1.4274920225143433
1.4467824697494507
-1.4285527467727661
1.4397822618484497
-1.4565972089767456
1.4827693700790405
-1.4573018550872803
1.4756544828414917
-1.4709807634353638
1.4305529594421387
-1.4709986448287964
1.4234418869018555
-1.4799987077713013
1.4668793678283691
-1.4679213762283325
1.4451417922973633
-1.4607895612716675
1.4223970174789429
-1.4743435382843018
1.3963440656661987
-1.4838676452636719
1.4340620040893555
-1.484165906906128
1.4269258975982666
-1.4844716787338257
1.4196834564208984
-1.484781265258789
1.4124222993850708
-1.5007344484329224
1.376632571220398
-1.4992220401763916
1.349450707435608
-1.4872374534606934
1.3551526069641113
-1.4939911365509033
1.3601452112197876
-1.4942666292190552
1.352952241897583
-1.4609267711639404
1.3292068243026733
-1.4761545658111572
1.3637957572937012
-1.4767671823501587
1.3565078973770142
-1.4773926734924316
1.3491663932800293
-1.478026032447815
1.341810703277588
-1.45418381690979
1.3110370635986328
-1.4559932947158813
1.2944786548614502
-1.4571216106414795
1.2871602773666382
-1.4462333917617798
1.2645999193191528
-1.447684645652771
1.2573238611221313
-1.4522368907928467
1.2518038749694824
-1.4568569660186768
1.242828369140625
-1.4783748388290405
1.2426578998565674
-1.4830223321914673
1.2234071493148804
-1.4841845035552979
1.216171145439148
-1.4853349924087524
1.2089345455169678
-1.4864708185195923
1.2017141580581665
-1.472163200378418
1.1290940046310425
-1.4885106086730957
1.1931461095809937
-1.4815146923065186
1.1806491613388062
-1.4893527030944824
1.168411135673523
-1.4760897159576416
1.144270420074463
-1.4777741432189941
1.1371939182281494
-1.4984753131866455
1.1378979682922363
-1.5001634359359741
1.1308048963546753
-1.5018022060394287
1.1237661838531494
-1.5087916851043701
1.1005407571792603
-1.488793134689331
1.0870728492736816
-1.4977443218231201
1.0915569067001343
-1.4996474981307983
1.0846048593521118
-1.5100429058074951
1.0644519329071045
-1.5072124004364014
1.0646830797195435
-1.5071942806243896
1.0602105855941772
-1.5186190605163574
1.0428558588027954
-1.5274053812026978
1.0640020370483398
-1.529386281967163
1.0572856664657593
-1.5141453742980957
1.0319123268127441
-1.5161715745925903
1.0251823663711548
-1.5210355520248413
1.0162500143051147
-1.523077368736267
1.0095137357711792
-1.5085958242416382
1.0015356540679932
-1.5202888250350952
0.9937713146209717
-1.5225551128387451
0.9865145087242126
-1.5304102897644043
0.9867415428161621
-1.553166389465332
1.0167877674102783
-1.5549486875534058
1.0100563764572144
-1.5566686391830444
1.0032697916030884
-1.5573194026947021
0.9772195816040039
-1.5589708089828491
0.9704259634017944
-1.5403800010681152
0.9531346559524536
-1.542064905166626
0.9463279843330383
-1.535455346107483
0.9287272095680237
-1.5475670099258423
0.92746502161026
-1.5492324829101562
0.9206103086471558
-1.5391143560409546
0.9077889323234558
-1.5593022108078003
0.8955488801002502
-1.5606976747512817
0.8886508345603943
-1.5620166063308716
0.881754994392395
-1.5632699728012085
0.8748071789741516
-1.5814261436462402
0.9163268208503723
-1.583282470703125
0.9212287068367004
-1.5791438817977905
0.8898378610610962
-1.586839199066162
0.866845965385437
-1.587477684020996
0.8596557974815369
-1.569643259048462
0.8445539474487305
-1.561708688735962
0.832767128944397
-1.5623024702072144
0.8255159854888916
-1.5863591432571411
0.8606788516044617
-1.586633324623108
0.8534533381462097
-1.5847214460372925
0.8273348212242126
-1.5997155904769897
0.822016716003418
-1.6042834520339966
0.8303917646408081
-1.604270100593567
0.822933554649353
-1.6078537702560425
0.8287686705589294
-1.6041300296783447
0.8052448034286499
-1.6039984226226807
0.797746479511261
-1.5826854705810547
0.7685230374336243
-1.582311987876892
0.7614484429359436
-1.5908231735229492
0.75914466381073
-1.6032764911651611
0.7470073103904724
-1.6102653741836548
0.7593786716461182
-1.609366536140442
0.751710057258606
-1.6083929538726807
0.7440085411071777
-1.6011629104614258
0.7217694520950317
-1.5996074676513672
0.714114785194397
-1.6083335876464844
0.7435640692710876
-1.60647714138031
0.7358430027961731
-1.6015312671661377
0.683404266834259
-1.599534273147583
0.6756736636161804
-1.6134103536605835
0.6904693245887756
-1.6120134592056274
0.6827070116996765
-1.5857889652252197
0.6669877171516418
-1.5841064453125
0.6593313813209534
-1.5722168684005737
0.6482359170913696
-1.5701348781585693
0.6407285332679749
-1.5614138841629028
0.628584623336792
-1.5778814554214478
0.6301190257072449
-1.6026533842086792
0.6261270642280579
-1.589417815208435
0.6152997016906738
-1.5669947862625122
0.6041668653488159
-1.5944981575012207
0.6170637011528015
-1.5995590686798096
0.6291298270225525
-1.5964010953903198
0.6216079592704773
-1.5991387367248535
0.6253681182861328
-1.574295997619629
0.5835365653038025
-1.5702875852584839
0.5764273405075073
-1.5953352451324463
0.575172483921051
-1.5830689668655396
0.5538215637207031
-1.5787111520767212
0.546935498714447
-1.5822463035583496
0.565120279788971
-1.5742744207382202
0.5434838533401489
-1.5698174238204956
0.5367237329483032
-1.5335904359817505
0.5077100992202759
-1.516774296760559
0.4859490692615509
-1.512619972229004
0.47972074151039124
-1.5086658000946045
0.473675936460495
-1.533434271812439
0.5050728917121887
-1.5459463596343994
0.5233076214790344
-1.5503942966461182
0.5296300053596497
-1.5237594842910767
0.5134918093681335
-1.5192471742630005
0.5068247318267822
-1.5280017852783203
0.49579918384552
-1.52370285987854
0.4894798994064331
-1.5380096435546875
0.43991702795028687
-1.5244077444076538
0.4315639138221741
-1.5119214057922363
0.42159610986709595
-1.5292785167694092
0.3880962133407593
-1.5251718759536743
0.3815900385379791
-1.5199164152145386
0.42422008514404297
-1.5035046339035034
0.4087689518928528
-1.4556267261505127
0.37088024616241455
-1.4730578660964966
0.4056858718395233
-1.4698600769042969
0.3990880846977234
-1.4810129404067993
0.4177410900592804
-1.5096551179885864
0.41482579708099365
-1.5069204568862915
0.3603392243385315
-1.4926968812942505
0.3836328685283661
-1.488874912261963
0.37677812576293945
-1.485859990119934
0.39433300495147705
-1.4611618518829346
0.3529331088066101
-1.4579041004180908
0.3459582030773163
-1.4236156940460205
0.29377102851867676
-1.434576392173767
0.31015878915786743
-1.410170316696167
0.311100572347641
-1.4076827764511108
0.3035638630390167
-1.4333980083465576
0.2696158289909363
-1.4305678606033325
0.26291874051094055
-1.4507153034210205
0.2968634068965912
-1.4473810195922852
0.2901899814605713
-1.4460043907165527
0.25356894731521606
-1.436525821685791
0.27945834398269653
-1.3939698934555054
0.23702102899551392
-1.3917816877365112
0.22988587617874146
-1.397424340248108
0.23424915969371796
-1.3982235193252563
0.20687994360923767
-1.3964754343032837
0.19985385239124298
-1.394713282585144
0.19284862279891968
-1.3959954977035522
0.20941680669784546
-1.3937782049179077
0.2025323510169983
-1.3963162899017334
0.17114879190921783
-1.3666353225708008
0.1503072828054428
-1.3800394535064697
0.13180609047412872
-1.3832374811172485
0.1436065137386322
-1.3831665515899658
0.14788898825645447
-1.3814235925674438
0.14091888070106506
-1.3788261413574219
0.11970610916614532
-1.362579584121704
0.1271497756242752
-1.3679558038711548
0.10882887989282608
-1.3662747144699097
0.10193507373332977
-1.3645515441894531
0.09502054005861282
-1.3592443466186523
0.08673679083585739
-1.3531115055084229
0.08075389266014099
-1.3516699075698853
0.07380282133817673
-1.3604918718338013
0.06709377467632294
-1.3484998941421509
0.06801870465278625
-1.3432670831680298
0.06548240780830383
-1.341920018196106
0.05859086662530899
-1.340522050857544
0.05171925574541092
-1.341955542564392
0.033908892422914505
-1.3404090404510498
0.027051879093050957
-1.3359801769256592
0.032750289887189865
-1.334417462348938
0.025874266400933266
-1.3471487760543823
0.014445420354604721
-1.3455594778060913
0.007568366825580597
-1.3438913822174072
0.0006284367991611362
-1.3421458005905151
-0.006333621218800545
-1.3358328342437744
-0.002214662730693817
-1.3231158256530762
-0.031162451952695847
-1.3251694440841675
-0.03895503655076027
-1.3209425210952759
-0.03932607173919678
-1.3104554414749146
-0.07026941329240799
-1.312312364578247
-0.06213074550032616
-1.3102686405181885
-0.06886842846870422
-1.3227308988571167
-0.0920630469918251
-1.3261568546295166
-0.07393906265497208
-1.310719609260559
-0.09834259748458862
-1.3085706233978271
-0.10535063594579697
-1.31915283203125
-0.12127567827701569
-1.3140043020248413
-0.12355892360210419
-1.3180936574935913
-0.12641261518001556
-1.3157007694244385
-0.13321946561336517
-1.3176919221878052
-0.13385160267353058
-1.2990070581436157
-0.1578465849161148
-1.3063979148864746
-0.15865999460220337
-1.303536295890808
-0.1654883474111557
-1.3005599975585938
-0.1723925918340683
-1.3083641529083252
-0.1926056444644928
-1.3053901195526123
-0.19953706860542297
-1.2876108884811401
-0.22035008668899536
-1.2954601049423218
-0.2081146091222763
-1.2907383441925049
-0.21191121637821198
-1.2863402366638184
-0.22677242755889893
-1.2829372882843018
-0.23360389471054077
-1.296204924583435
-0.21956603229045868
-1.3033052682876587
-0.22581225633621216
-1.2967896461486816
-0.2470351606607437
-1.291273593902588
-0.23459719121456146
-1.2970649003982544
-0.2390907257795334
-1.2927706241607666
-0.24604874849319458
-1.2759466171264648
-0.24568694829940796
-1.2820916175842285
-0.2751670181751251
-1.2780038118362427
-0.2822485566139221
-1.273861289024353
-0.289252907037735
-1.2699319124221802
-0.3061691224575043
-1.2637163400650024
-0.2840352952480316
-1.2589640617370605
-0.2906983494758606
-1.258566975593567
-0.31756970286369324
-1.2534723281860352
-0.32420286536216736
-1.2436151504516602
-0.3300867974758148
-1.235388159751892
-0.3451959788799286
-1.2299277782440186
-0.3515412211418152
-1.2371304035186768
-0.32739242911338806
-1.231398105621338
-0.3335626721382141
-1.2389382123947144
-0.3667030930519104
-1.2333557605743408
-0.3732813596725464
-1.2277029752731323
-0.3798291087150574
-1.2220045328140259
-0.3863222002983093
-1.2335904836654663
-0.34477996826171875
-1.2274984121322632
-0.35115569829940796
-1.219492793083191
-0.3617187440395355
-1.2181811332702637
-0.3492545187473297
-1.2195101976394653
-0.397490531206131
-1.212864875793457
-0.4037821590900421
-1.2112995386123657
-0.4373011887073517
-1.2066900730133057
-0.46211472153663635
-1.199954867362976
-0.46818843483924866
-1.1775081157684326
-0.4618782699108124
-1.1564140319824219
-0.46638211607933044
-1.1492773294448853
-0.4713262915611267
-1.147430658340454
-0.47576311230659485
-1.1430377960205078
-0.48390743136405945
-1.135524034500122
-0.4880307912826538
-1.1234750747680664
-0.4878208041191101
-1.1162399053573608
-0.49212270975112915
-1.1092009544372559
-0.49125000834465027
-1.101435899734497
-0.49462276697158813
-1.089780330657959
-0.5010607242584229
-1.0960557460784912
-0.4768839180469513
-1.0802663564682007
-0.49508756399154663
-1.072705626487732
-0.49857035279273987
-1.0750131607055664
-0.48308467864990234
-1.0676138401031494
-0.4864826202392578
-1.065332055091858
-0.4744527041912079
-1.0191172361373901
-0.520331859588623
-0.9818268418312073
-0.5510045289993286
-1.0015356540679932
-0.520017683506012
-0.9954546689987183
-0.5224555134773254
-1.0458811521530151
-0.5227540135383606
-1.0307236909866333
-0.5359006524085999
-0.9987271428108215
-0.5236970782279968
-0.9912793040275574
-0.5265336632728577
-0.9824318885803223
-0.5448101162910461
-0.9755403399467468
-0.5474877953529358
-0.9676457643508911
-0.5324757099151611
-0.9608944654464722
-0.5352573394775391
-0.9732109904289246
-0.49767759442329407
-0.9457307457923889
-0.5335344076156616
-0.9386351704597473
-0.5366182923316956
-0.9209994673728943
-0.5527645945549011
-0.9121276140213013
-0.5700818300247192
-0.9398267865180969
-0.5862992405891418
-0.8988771438598633
-0.5910754203796387
-0.8921587467193604
-0.5941376686096191
-0.8779934644699097
-0.601404070854187
-0.863190770149231
-0.6018528342247009
-0.8547452092170715
-0.5867342948913574
-0.8460497260093689
-0.5999263525009155
-0.8404207825660706
-0.6029831171035767
-0.8328354358673096
-0.6275725960731506
-0.8260633945465088
-0.6515751481056213
-0.820489764213562
-0.6543834805488586
-0.8265373706817627
-0.6090570688247681
-0.8106452822685242
-0.6246874332427979
-0.7826971411705017
-0.6350516080856323
-0.7776549458503723
-0.6385402083396912
-0.8115367889404297
-0.6393386125564575
-0.7943045496940613
-0.6210454702377319
-0.7673242688179016
-0.6359783411026001
-0.7636362314224243
-0.6627337336540222
-0.7585012316703796
-0.6661220192909241
-0.7496819496154785
-0.6483044624328613
-0.7256720662117004
-0.6637208461761475
-0.7211007475852966
-0.6676293611526489
-0.7077396512031555
-0.6688903570175171
-0.7036396861076355
-0.6729627251625061
-0.7009592652320862
-0.6687332987785339
-0.6970599889755249
-0.6728600263595581
-0.7016100883483887
-0.6981257200241089
-0.6927814483642578
-0.6895061731338501
-0.6790803074836731
-0.6981196403503418
-0.6733320355415344
-0.7077336311340332
-0.6615123748779297
-0.7148587703704834
-0.658062756061554
-0.7191879153251648
-0.657335638999939
-0.712059497833252
-0.6553784012794495
-0.7056741118431091
-0.6521323323249817
-0.7101306319236755
-0.6403586268424988
-0.7267045974731445
-0.6371270418167114
-0.7312688827514648
-0.6370170712471008
-0.7291088700294495
-0.6339244246482849
-0.7335983514785767
-0.6276873350143433
-0.7487353682518005
-0.6231257319450378
-0.7501266002655029
-0.6305409073829651
-0.7418394684791565
-0.6275374293327332
-0.7464128732681274
-0.6230105757713318
-0.7458562254905701
-0.61696857213974
-0.7547679543495178
-0.6088218688964844
-0.7772690057754517
-0.6060450077056885
-0.7894598245620728
-0.5949817299842834
-0.7933493852615356
-0.5917928814888
-0.7979874610900879
-0.5980207324028015
-0.7924695611000061
-0.5955103039741516
-0.7948583960533142
-0.5911107659339905
-0.800539493560791
-0.5877497792243958
-0.8052182197570801
-0.5769108533859253
-0.8179545998573303
-0.573424756526947
-0.8227192759513855
-0.5659613609313965
-0.8312380909919739
-0.5617607235908508
-0.841701865196228
-0.5642481446266174
-0.8405666947364807
-0.5616719126701355
-0.8530758619308472
-0.5585851073265076
-0.8626448512077332
-0.5546976923942566
-0.8671788573265076
-0.5600272417068481
-0.861492931842804
-0.5558331608772278
-0.8660205006599426
-0.5543959736824036
-0.8688949942588806
-0.5522231459617615
-0.8733340501785278
-0.5474780797958374
-0.8781237602233887
-0.5502359867095947
-0.8697579503059387
-0.5488197803497314
-0.8690823912620544
-0.5496305227279663
-0.8777750730514526
-0.5486751794815063
-0.8842720985412598
-0.5351954698562622
-0.9022108316421509
-0.529239296913147
-0.9068343639373779
-0.5332253575325012
-0.9038881063461304
-0.5350845456123352
-0.8967395424842834
-0.5284133553504944
-0.9010431170463562
-0.5244430899620056
-0.9108483195304871
-0.5099000930786133
-0.9302794337272644
-0.510296106338501
-0.9252283573150635
-0.49867165088653564
-0.9446081519126892
-0.4912227392196655
-0.9482872486114502
-0.4838305413722992
-0.9518525004386902
-0.4892866909503937
-0.942396879196167
-0.49830344319343567
-0.9437727332115173
-0.49218353629112244
-0.9431158304214478
-0.4952285587787628
-0.9461347460746765
-0.4808521866798401
-0.9534956812858582
-0.4730396270751953
-0.9572047591209412
-0.4562132656574249
-0.9742449522018433
-0.44785863161087036
-0.9770441055297852
-0.4395623803138733
-0.9797510504722595
-0.4293309152126312
-0.994742214679718
-0.4210851788520813
-0.9973019361495972
-0.4216603934764862
-1.0074913501739502
-0.4184708297252655
-0.9946287870407104
-0.4044862687587738
-0.9998807907104492
-0.4082646369934082
-0.9762284755706787
-0.39975273609161377
-0.9778253436088562
-0.3834058344364166
-0.9961035251617432
-0.3713088929653168
-1.0033142566680908
-0.3702160120010376
-0.9915627241134644
-0.3617951273918152
-0.992957592010498
-0.3525722324848175
-1.0031644105911255
-0.3344843089580536
-1.0098668336868286
-0.32607826590538025
-1.0108227729797363
-0.3369464576244354
-0.9878476858139038
-0.3229944109916687
-1.0030404329299927
-0.329827219247818
-0.9835244417190552
-0.3121974766254425
-0.9972963929176331
-0.30336928367614746
-0.9980020523071289
-0.3027653992176056
-1.0236130952835083
-0.28587260842323303
-1.0063912868499756
-0.2645166516304016
-1.0136221647262573
-0.24927584826946259
-1.0144062042236328
-0.22781914472579956
-1.0165998935699463
-0.21998028457164764
-1.016828179359436
-0.2230992317199707
-1.0054011344909668
-0.19851867854595184
-1.0140067338943481
-0.19156751036643982
-1.0021016597747803
-0.1842934489250183
-1.0024292469024658
-0.1744922697544098
-1.0117745399475098
-0.13306750357151031
-1.0302780866622925
-0.126460999250412
-1.0303977727890015
-0.14208842813968658
-0.9994935393333435
-0.13557152450084686
-0.9995611310005188
-0.12652163207530975
-1.0100384950637817
-0.1658199429512024
-1.0342708826065063
-0.13878276944160461
-1.0307178497314453
-0.11927179247140884
-1.034152865409851
-0.11183370649814606
-1.0342504978179932
-0.09645993262529373
-1.0357829332351685
-0.1219811663031578
-1.051245093345642
-0.1152014508843422
-1.0510746240615845
-0.09698662161827087
-1.055387020111084
-0.07101048529148102
-1.0522809028625488
-0.048715658485889435
-1.0421916246414185
-0.04187589883804321
-1.042417049407959
-0.028466012328863144
-1.019827961921692
-0.02553451433777809
-1.038900375366211
-0.039199233055114746
-1.0486359596252441
-0.011180518195033073
-1.0423494577407837
0.00743835000321269
-1.0341072082519531
0.013722147792577744
-1.0344517230987549
0.018820784986019135
-1.0433984994888306
0.0187578983604908
-1.0298198461532593
0.034593187272548676
-1.0210809707641602
0.04084321856498718
-1.02167546749115
0.07725119590759277
-1.0371570587158203
0.07979419827461243
-1.0217951536178589
0.08515587449073792
-1.022585153579712
0.09225264936685562
-1.0309622287750244
0.09927968680858612
-1.0271142721176147
0.1100587397813797
-1.023813247680664
0.0730372816324234
-1.040478229522705
0.10264050215482712
-1.0453627109527588
0.12880027294158936
-1.0447638034820557
0.13430073857307434
-1.0457741022109985
0.1474735587835312
-1.0251835584640503
0.16204388439655304
-1.031006097793579
0.17657464742660522
-1.0369250774383545
0.18136130273342133
-1.0379010438919067
0.18955238163471222
-1.0393011569976807
0.19323578476905823
-1.02521812915802
0.19792123138904572
-1.0261036157608032
0.17001080513000488
-1.0399892330169678
0.1991254836320877
-1.0466923713684082
0.21447959542274475
-1.0512268543243408
0.21925689280033112
-1.049822449684143
0.22409285604953766
-1.050813913345337
0.23590826988220215
-1.0547542572021484
0.2407718449831009
-1.0556448698043823
0.2530943751335144
-1.0601714849472046
0.2582204341888428
-1.060962438583374
0.2621663808822632
-1.051349401473999
0.2771562933921814
-1.086289405822754
0.2924098074436188
-1.098516821861267
0.29697614908218384
-1.0992581844329834
0.28804901242256165
-1.0895124673843384
0.28862664103507996
-1.0909110307693481
0.2983955442905426
-1.0889215469360352
0.303341269493103
-1.0896064043045044
0.3102390468120575
-1.0884631872177124
0.3152305781841278
-1.0890141725540161
0.303830087184906
-1.0915509462356567
0.3095947802066803
-1.096582055091858
0.3221491277217865
-1.0948024988174438
0.3276195228099823
-1.0951565504074097
0.3334525525569916
-1.099953532218933
0.33756837248802185
-1.1037977933883667
0.3463304936885834
-1.1027932167053223
0.3518786132335663
-1.1029146909713745
0.3560599386692047
-1.1006755828857422
0.3616986572742462
-1.1006145477294922
0.3611983358860016
-1.104527235031128
0.3618030846118927
-1.107864499092102
0.36461111903190613
-1.111398696899414
0.37080061435699463
-1.112581491470337
0.3781013488769531
-1.1118724346160889
0.38422587513923645
-1.1114219427108765
0.39509347081184387
-1.1108489036560059
0.40121790766716003
-1.1102159023284912
0.41126716136932373
-1.1186742782592773
0.41732257604599
-1.1177300214767456
0.4191167652606964
-1.1152344942092896
0.3980155885219574
-1.1232446432113647
0.4039742946624756
-1.1225004196166992
0.4165782928466797
-1.11629056930542
0.42821452021598816
-1.111419439315796
0.43536466360092163
-1.1097277402877808
0.4418920874595642
-1.108389139175415
0.4405014216899872
-1.1135847568511963
0.4483681321144104
-1.098481297492981
0.4550253748893738
-1.0969359874725342
0.47141367197036743
-1.100799560546875
0.4682387709617615
-1.1110188961029053
0.4746721386909485
-1.109279751777649
0.4793097972869873
-1.1153018474578857
0.49025842547416687
-1.1089015007019043
0.4980308413505554
-1.0956424474716187
0.5045195817947388
-1.0935996770858765
0.5093713402748108
-1.0786364078521729
0.5095046758651733
-1.0933207273483276
0.515997052192688
-1.0911462306976318
0.5265188813209534
-1.0885708332061768
0.5422056913375854
-1.0826069116592407
0.5484923720359802
-1.0802030563354492
0.5397328734397888
-1.084599494934082
0.5539823174476624
-1.0754978656768799
0.5546703934669495
-1.085512638092041
0.5610938668251038
-1.0831480026245117
0.5616734027862549
-1.0899724960327148
0.5809877514839172
-1.0731525421142578
0.5805485248565674
-1.0826612710952759
0.5984615087509155
-1.0685231685638428
0.6047290563583374
-1.0655884742736816
0.6147588491439819
-1.0663275718688965
0.620797872543335
-1.0634173154830933
0.6148685812950134
-1.0720511674880981
0.6232253909111023
-1.0711005926132202
0.6390796303749084
-1.0533021688461304
0.6552212834358215
-1.0231695175170898
0.6531867980957031
-1.0347243547439575
0.6588584184646606
-1.031764030456543
0.6726439595222473
-1.0306318998336792
0.6852630972862244
-1.0222052335739136
0.6969878077507019
-1.0216008424758911
0.7024408578872681
-1.0184599161148071
0.7100599408149719
-1.013624668121338
0.7154012322425842
-1.0105246305465698
0.7103485465049744
-1.0211480855941772
0.7147075533866882
-1.0213550329208374
0.7203128933906555
-1.0181806087493896
0.7340847253799438
-1.0053592920303345
0.7447389960289001
-0.9955145120620728
0.7539539337158203
-0.995368242263794
0.7593198418617249
-0.9922966361045837
0.7795438766479492
-0.9830417633056641
0.7870470285415649
-0.9747386574745178
0.7921031713485718
-0.9719177484512329
0.7916293144226074
-0.9714416861534119
0.7885223627090454
-0.9783549308776855
0.8014401197433472
-0.9666321873664856
0.8067551851272583
-0.9635924696922302
0.818230152130127
-0.945207417011261
0.8233049511909485
-0.9421672821044922
0.8308541178703308
-0.9395751357078552
0.8358963131904602
-0.9365655183792114
0.8428903222084045
-0.9348602890968323
0.8377262949943542
-0.9486294984817505
0.8489845991134644
-0.9393431544303894
0.8542697429656982
-0.9362654089927673
0.8616071343421936
-0.9305307269096375
0.8537900447845459
-0.9408674836158752
0.8635460138320923
-0.9381715655326843
0.8688690662384033
-0.9350337982177734
0.8452419638633728
-0.9497008919715881
0.8576419353485107
-0.9470797777175903
0.873534619808197
-0.9360555410385132
0.8801336288452148
-0.9321302175521851
0.897706925868988
-0.9169144034385681
0.9031453132629395
-0.9136754274368286
0.8995896577835083
-0.9177786707878113
0.8959507942199707
-0.9197347164154053
0.910751223564148
-0.9143103957176208
0.9162576794624329
-0.9110128283500671
0.9369577765464783
-0.8982692956924438
0.9423381090164185
-0.8948837518692017
0.9649356603622437
-0.8902846574783325
0.9699466824531555
-0.8870824575424194
0.9701380133628845
-0.8799396753311157
0.9615079760551453
-0.8868659734725952
0.9677506685256958
-0.8873492479324341
0.9656288623809814
-0.8885980844497681
0.9729979038238525
-0.8842002749443054
0.9781678318977356
-0.8807397484779358
0.983296811580658
-0.8772526979446411
0.9585327506065369
-0.8895927667617798
0.9513099193572998
-0.8932502865791321
0.9569048285484314
-0.88937908411026
0.9722334742546082
-0.8821580410003662
0.9962291121482849
-0.8638408780097961
1.0120137929916382
-0.8565462827682495
1.0274591445922852
-0.8439079523086548
1.0325119495391846
-0.8401771187782288
1.0312379598617554
-0.8445103168487549
1.0470057725906372
-0.8317838907241821
1.0518521070480347
-0.8280295133590698
1.056604266166687
-0.824289858341217
1.023706078529358
-0.8473670482635498
1.0542696714401245
-0.8273493647575378
1.0594168901443481
-0.8231520652770996
1.0732433795928955
-0.8114171624183655
1.0746394395828247
-0.8171340227127075
1.079403281211853
-0.8131659626960754
1.0826082229614258
-0.8149446249008179
1.0957187414169312
-0.804940402507782
1.0926916599273682
-0.8073773384094238
1.0945817232131958
-0.8064420223236084
1.0913236141204834
-0.8062995672225952
1.0961179733276367
-0.8019326329231262
1.1009348630905151
-0.7974902987480164
1.0823179483413696
-0.8090854287147522
1.103653907775879
-0.8002212047576904
1.1175609827041626
-0.7900077700614929
1.12228524684906
-0.7853279709815979
1.1392426490783691
-0.7941783666610718
1.1433485746383667
-0.789165198802948
1.1477547883987427
-0.7769560217857361
1.1507796049118042
-0.7708985209465027
1.1549201011657715
-0.7630862593650818
1.1591947078704834
-0.7582060098648071
1.1534185409545898
-0.7622241377830505
1.157763123512268
-0.757358968257904
1.1621735095977783
-0.7523672580718994
1.1818089485168457
-0.7315270900726318
1.185864806175232
-0.7262950539588928
1.1891721487045288
-0.7272260189056396
1.1930100917816162
-0.7220068573951721
1.191772699356079
-0.7236670255661011
1.19688081741333
-0.7228070497512817
1.1991418600082397
-0.7208641171455383
1.2029403448104858
-0.7154189348220825
1.2035844326019287
-0.7122092247009277
1.2117727994918823
-0.7064303159713745
1.213032603263855
-0.7022387385368347
1.2167723178863525
-0.696690022945404
1.2261905670166016
-0.6886688470840454
1.2296788692474365
-0.6829236745834351
1.233154296875
-0.6771690845489502
1.2353010177612305
-0.6761636137962341
1.2414220571517944
-0.6708862781524658
1.2213236093521118
-0.6856240630149841
1.241173267364502
-0.6578829288482666
1.2447566986083984
-0.6519069671630859
1.2507843971252441
-0.6482911705970764
1.2570064067840576
-0.6422487497329712
1.2604796886444092
-0.6363763809204102
1.2401131391525269
-0.6526867151260376
1.2521108388900757
-0.6402349472045898
1.2655372619628906
-0.6235682964324951
1.2687584161758423
-0.6173813939094543
1.2796677350997925
-0.6093683838844299
1.2828953266143799
-0.6032437682151794
1.286085605621338
-0.597167432308197
1.2892719507217407
-0.5910690426826477
1.2889180183410645
-0.5898311734199524
1.2913938760757446
-0.5852500200271606
1.2958834171295166
-0.5788220167160034
1.2990063428878784
-0.5725985765457153
1.307948350906372
-0.5620110630989075
1.3110703229904175
-0.5558299422264099
1.3260817527770996
-0.5161151885986328
1.329426646232605
-0.5100770592689514
1.3291412591934204
-0.5189034938812256
1.3323158025741577
-0.5130243897438049
1.3373613357543945
-0.5143414735794067
1.337385654449463
-0.5140671133995056
1.3429163694381714
-0.504534900188446
1.3459168672561646
-0.4984131157398224
1.3488945960998535
-0.4922771453857422
1.348497986793518
-0.4789608418941498
1.3573111295700073
-0.47360867261886597
1.3672149181365967
-0.4658593535423279
1.3771406412124634
-0.4442896544933319
1.3800817728042603
-0.43833446502685547
1.3470852375030518
-0.47424203157424927
1.358801245689392
-0.45973819494247437
1.3620167970657349
-0.45338284969329834
1.3755271434783936
-0.4383341073989868
1.391837477684021
-0.404541015625
1.3949514627456665
-0.39863356947898865
1.407362699508667
-0.3843974173069
1.4102203845977783
-0.3784949481487274
1.4143511056900024
-0.3709545135498047
1.4100583791732788
-0.37456515431404114
1.4156142473220825
-0.365787148475647
1.4183541536331177
-0.35977381467819214
1.4236479997634888
-0.35593387484550476
1.426279902458191
-0.34985706210136414
1.4316571950912476
-0.33692002296447754
1.434149980545044
-0.3307686746120453
1.4344531297683716
-0.3299110233783722
1.4370726346969604
-0.32386672496795654
1.4088470935821533
-0.3533153533935547
1.427315354347229
-0.3287975788116455
1.4346598386764526
-0.32601335644721985
1.4371196031570435
-0.3195981979370117
1.4447290897369385
-0.3053412437438965
1.4447369575500488
-0.30175065994262695
1.4528051614761353
-0.2883596122264862
1.4586158990859985
-0.2806187570095062
1.4565428495407104
-0.282379150390625
1.4588801860809326
-0.27606481313705444
1.4648842811584473
-0.2587822675704956
1.468633770942688
-0.25936558842658997
1.4715901613235474
-0.2508098781108856
1.4734920263290405
-0.24427470564842224
1.4769668579101562
-0.23639856278896332
1.4797234535217285
-0.23587802052497864
1.475277066230774
-0.24192285537719727
1.477167010307312
-0.23537498712539673
1.4799537658691406
-0.23566748201847076
1.4815279245376587
-0.22892433404922485
1.4859461784362793
-0.22852347791194916
1.4845726490020752
-0.22419486939907074
1.4859522581100464
-0.21731649339199066
1.4902287721633911
-0.2057839334011078
1.494758129119873
-0.1954837590456009
1.4958082437515259
-0.18851450085639954
1.5017017126083374
-0.17984862625598907
1.5022146701812744
-0.17282402515411377
1.503609538078308
-0.16761939227581024
1.502894401550293
-0.17048552632331848
1.5062965154647827
-0.160763680934906
1.506688117980957
-0.1520611047744751
1.5083571672439575
-0.146839901804924
1.5085328817367554
-0.13972151279449463
1.5087114572525024
-0.13258852064609528
1.5171329975128174
-0.13509894907474518
1.5167344808578491
-0.12624172866344452
1.517927646636963
-0.12440396100282669
1.5157970190048218
-0.1073710173368454
1.5167499780654907
-0.09732144325971603
1.5164872407913208
-0.09016386419534683
1.516236662864685
-0.08300883322954178
1.5171071290969849
-0.08210873603820801
1.5168253183364868
-0.07494959235191345
1.5188062191009521
-0.07185181230306625
1.5146993398666382
-0.04242429509758949
1.5142772197723389
-0.03521858528256416
1.5205892324447632
-0.02985513024032116
1.520308017730713
-0.022713027894496918
1.5187095403671265
-0.01684933342039585
1.51101553440094
-0.0024991489481180906
1.510672926902771
0.004618387669324875
1.51166832447052
0.03627699986100197
1.5114694833755493
0.04338858649134636
1.5037102699279785
0.0446031428873539
1.5138074159622192
0.06379595398902893
1.5068434476852417
0.06897104531526566
1.5067745447158813
0.07608431577682495
1.5065075159072876
0.08154092729091644
1.5146983861923218
0.1030394434928894
1.5092588663101196
0.1088213324546814
1.5093096494674683
0.11593279242515564
1.5005792379379272
0.11001681536436081
1.497873306274414
0.11462865769863129
1.4938786029815674
0.10706879198551178
1.494184136390686
0.11425279080867767
1.4930038452148438
0.11251306533813477
1.498667597770691
0.1281229704618454
1.497335433959961
0.14235995709896088
1.4978456497192383
0.14955763518810272
1.4984511137008667
0.1641426533460617
1.4990111589431763
0.1713184118270874
1.4827078580856323
0.1797156035900116
1.4902379512786865
0.17952287197113037
1.492816686630249
0.18515780568122864
1.4959337711334229
0.1909436285495758
1.4966692924499512
0.19812168180942535
1.4973945617675781
0.20529448986053467
1.4987503290176392
0.20654629170894623
1.4996228218078613
0.21372851729393005
1.4979290962219238
0.20366762578487396
1.5022045373916626
0.22148193418979645
1.5030919313430786
0.22868092358112335
1.5077537298202515
0.2302113175392151
1.4907310009002686
0.24488432705402374
1.5011775493621826
0.24523323774337769
1.5020160675048828
0.25309398770332336
1.5032768249511719
0.2601291537284851
1.5020511150360107
0.25167548656463623
1.503180980682373
0.2587350308895111
1.5215556621551514
0.28855040669441223
1.5212693214416504
0.2836850583553314
1.517208218574524
0.29729345440864563
1.5185240507125854
0.30415064096450806
1.5116544961929321
0.29456815123558044
1.5190008878707886
0.3037973940372467
1.5204428434371948
0.31063124537467957
1.5179063081741333
0.3243962526321411
1.5192089080810547
0.3311820328235626
1.5141868591308594
0.3258638381958008
1.5173536539077759
0.34366506338119507
1.5250014066696167
0.3598461151123047
1.5280245542526245
0.37111803889274597
1.5293179750442505
0.37774670124053955
1.5224437713623047
0.3900594711303711
1.5266454219818115
0.39823707938194275
1.5333815813064575
0.41242191195487976
1.5343704223632812
0.4190816879272461
1.5367214679718018
0.4263179898262024
1.5376309156417847
0.432943731546402
1.5580605268478394
0.4632243812084198
1.5590128898620605
0.4698289632797241
1.5603325366973877
0.47156307101249695
1.5610826015472412
0.4780285060405731
1.5552806854248047
0.4785996675491333
1.556052327156067
0.4830937087535858
1.5565009117126465
0.48965299129486084
1.5604242086410522
0.4995039105415344
1.5719342231750488
0.5050174593925476
1.5700106620788574
0.5146820545196533
1.5703102350234985
0.5212477445602417
