0.8435090780258179
0.03248891979455948
0.8432445526123047
0.03222915157675743
0.8426459431648254
0.03141463175415993
0.8408780097961426
0.028915001079440117
0.8377817869186401
0.031686633825302124
0.8410893678665161
0.0322907455265522
0.8424555659294128
0.03192988038063049
0.8419988751411438
0.030924847349524498
0.8416195511817932
0.030214615166187286
0.8413312435150146
0.02972511388361454
0.8378542065620422
0.03186682611703873
0.8354620933532715
0.028472719714045525
0.8377968668937683
0.032027628272771835
0.8390518426895142
0.030117060989141464
0.8397502303123474
0.02922905795276165
0.8369651436805725
0.025312744081020355
0.8399103879928589
0.029182488098740578
0.8374021053314209
0.027593083679676056
0.836031436920166
0.03009781613945961
0.8383554220199585
0.018005376681685448
0.8352285027503967
0.013607234694063663
0.8346375226974487
0.010962572880089283
0.8356783986091614
0.008062351495027542
0.8318378925323486
0.01464833039790392
0.8316333293914795
0.0061145746149122715
0.8282390236854553
0.0015310677699744701
0.8250423073768616
-0.003409038297832012
0.8163174986839294
-0.0033631266560405493
0.8123260736465454
-0.013593603856861591
0.8067793250083923
-0.022526467218995094
0.802488386631012
-0.027339480817317963
0.8022317290306091
-0.015974823385477066
0.7936000823974609
-0.020979667082428932
0.7882080078125
-0.03957546874880791
0.7819845676422119
-0.04491729289293289
0.7761048078536987
-0.05350862815976143
0.7719647288322449
-0.06075325980782509
0.7701393961906433
-0.07569152116775513
0.7660847306251526
-0.0788002461194992
0.7592909932136536
-0.0859309658408165
0.7575557827949524
-0.09987633675336838
0.7551246285438538
-0.10486100614070892
0.7506434917449951
-0.1059756651520729
0.7490770220756531
-0.1171465516090393
0.7438299655914307
-0.12253023684024811
0.7410054802894592
-0.13464006781578064
0.7362152338027954
-0.1366274654865265
0.7318018078804016
-0.14106883108615875
0.728996217250824
-0.14611198008060455
0.7265657782554626
-0.15178509056568146
0.7234159708023071
-0.15649333596229553
0.7204787135124207
-0.1641678661108017
0.7174990177154541
-0.16932451725006104
0.7178223133087158
-0.17317232489585876
0.7157119512557983
-0.18112508952617645
0.7148494124412537
-0.1844608634710312
0.7130545377731323
-0.19001688063144684
0.7098053097724915
-0.19541817903518677
0.7064597606658936
-0.19612644612789154
0.7030574679374695
-0.2016059309244156
0.700292706489563
-0.20363037288188934
0.6982367038726807
-0.20563393831253052
0.6957745552062988
-0.21615448594093323
0.6928911805152893
-0.22264893352985382
0.6884840726852417
-0.22645321488380432
0.6865977048873901
-0.23744288086891174
0.6810722351074219
-0.23938821256160736
0.6782572865486145
-0.24538426101207733
0.6708297729492188
-0.24776703119277954
0.6694009304046631
-0.2565711736679077
0.6678820252418518
-0.26298919320106506
0.6630450487136841
-0.26835522055625916
0.6577393412590027
-0.26479586958885193
0.6502895951271057
-0.27355828881263733
0.6444559097290039
-0.2815122902393341
0.6393620371818542
-0.28649839758872986
0.6342610120773315
-0.2914469540119171
0.6424078345298767
-0.28710564970970154
0.6290815472602844
-0.2991863489151001
0.6161506175994873
-0.30939632654190063
0.611009955406189
-0.31399619579315186
0.604789137840271
-0.319448322057724
0.5954502820968628
-0.33462488651275635
0.5904977321624756
-0.3390015959739685
0.5852956771850586
-0.34399670362472534
0.576799750328064
-0.3447502553462982
0.5674434304237366
-0.3522537350654602
0.5608812570571899
-0.3609263598918915
0.5560790300369263
-0.3625049591064453
0.5509594678878784
-0.3642655909061432
0.5473821759223938
-0.3670090138912201
0.54242342710495
-0.37083563208580017
0.5431188941001892
-0.3698446750640869
0.5401921272277832
-0.37164267897605896
0.5370591878890991
-0.37199461460113525
0.5331392884254456
-0.3736323416233063
0.5307508707046509
-0.37718987464904785
0.530621349811554
-0.38160476088523865
0.5268880724906921
-0.38368117809295654
0.5241079330444336
-0.386410117149353
0.5232284069061279
-0.38472113013267517
0.5163406133651733
-0.3858325779438019
0.5140807628631592
-0.3896898329257965
0.5090654492378235
-0.39429938793182373
0.5060060620307922
-0.3970297873020172
0.5002674460411072
-0.39797520637512207
0.4939526319503784
-0.40098631381988525
0.49373191595077515
-0.40157827734947205
0.48696473240852356
-0.41014620661735535
0.4812292158603668
-0.4128241240978241
0.477679580450058
-0.412944495677948
0.4740085303783417
-0.4156436324119568
0.4661165475845337
-0.42191192507743835
0.4603574275970459
-0.42603567242622375
0.45187488198280334
-0.43198782205581665
0.4445632994174957
-0.4395376145839691
0.4417058825492859
-0.44367194175720215
0.4361385703086853
-0.44738051295280457
0.430869460105896
-0.4497237503528595
0.4245929718017578
-0.45652303099632263
0.4170677363872528
-0.4622521996498108
0.41261929273605347
-0.4640524089336395
0.4053509533405304
-0.4712604582309723
0.39892858266830444
-0.4785873293876648
0.3908554017543793
-0.48557597398757935
0.3884143531322479
-0.48940509557724
0.3784579038619995
-0.4995996654033661
0.370716392993927
-0.5053796768188477
0.3656214475631714
-0.5113104581832886
0.3578428030014038
-0.5182379484176636
0.35000038146972656
-0.5242167711257935
0.3457789123058319
-0.5283448100090027
0.3409363031387329
-0.53341144323349
0.33779069781303406
-0.5365866422653198
0.3348652124404907
-0.5378565788269043
0.33144572377204895
-0.5407027006149292
0.3321394622325897
-0.5406786799430847
0.3259643018245697
-0.5457662343978882
0.32396501302719116
-0.5467546582221985
0.31812238693237305
-0.5504274368286133
0.31599634885787964
-0.5519238114356995
0.30803072452545166
-0.5558418035507202
0.30711811780929565
-0.5559995770454407
0.30407604575157166
-0.5580486059188843
0.30121415853500366
-0.5615900754928589
0.2988141179084778
-0.56174236536026
0.29484227299690247
-0.562737226486206
0.29251670837402344
-0.5604894757270813
0.2897628843784332
-0.5644136667251587
0.2899113893508911
-0.5601985454559326
0.28420954942703247
-0.5663977265357971
0.28049930930137634
-0.5721839070320129
0.27929365634918213
-0.5714484453201294
0.27734580636024475
-0.5725613236427307
0.27460283041000366
-0.575311541557312
0.2636707127094269
-0.5814191699028015
0.2570640444755554
-0.5880967378616333
0.25204452872276306
-0.5939512848854065
0.250128835439682
-0.599252462387085
0.2460183948278427
-0.6043040156364441
0.24159552156925201
-0.610670268535614
0.24013717472553253
-0.6138613820075989
0.23275645077228546
-0.6216541528701782
0.22613807022571564
-0.6325226426124573
0.22470873594284058
-0.636753261089325
0.2199849784374237
-0.6462962031364441
0.21547815203666687
-0.6550443172454834
0.2166856974363327
-0.6604551076889038
0.2111022174358368
-0.6704431772232056
0.20991362631320953
-0.6763953566551208
0.20370684564113617
-0.6902473568916321
0.20192062854766846
-0.6995909214019775
0.20164991915225983
-0.7080161571502686
0.20019997656345367
-0.7164910435676575
0.2017734944820404
-0.7248169779777527
0.20041541755199432
-0.734183669090271
0.20053702592849731
-0.744001030921936
0.20090948045253754
-0.7525126934051514
0.20127026736736298
-0.7624658942222595
0.20363372564315796
-0.7708137035369873
0.20968422293663025
-0.7777302265167236
0.2040669023990631
-0.7797502279281616
0.20356015861034393
-0.7909535765647888
0.2080737203359604
-0.8049083948135376
0.21145261824131012
-0.8163482546806335
0.2148544043302536
-0.8276972770690918
0.21835671365261078
-0.8392788171768188
0.22267268598079681
-0.8477976322174072
0.21880219876766205
-0.8523970246315002
0.2245795577764511
-0.8665772080421448
0.23247355222702026
-0.8765143752098083
0.2356913685798645
-0.8890459537506104
0.23933649063110352
-0.9024115800857544
0.24562504887580872
-0.907292366027832
0.24492143094539642
-0.9113093614578247
0.2517404854297638
-0.9193847179412842
0.25581032037734985
-0.9245642423629761
0.25543761253356934
-0.9439396858215332
0.26189449429512024
-0.9541065692901611
0.26889893412590027
-0.962683916091919
0.2742290794849396
-0.9707120060920715
0.27997025847435
-0.9763004183769226
0.28787046670913696
-0.9789217114448547
0.295563668012619
-0.9835337996482849
0.301889568567276
-0.9941555857658386
0.3110814690589905
-1.0000358819961548
0.31334710121154785
-1.0062031745910645
0.32279694080352783
-1.009841799736023
0.3286007344722748
-1.020469069480896
0.3382627069950104
-1.0256754159927368
0.34199953079223633
-1.0367547273635864
0.35563772916793823
-1.0393304824829102
0.36213985085487366
-1.0434043407440186
0.37385252118110657
-1.0497134923934937
0.3842442035675049
-1.0560545921325684
0.396572470664978
-1.066695213317871
0.4087074398994446
-1.0713318586349487
0.42046016454696655
-1.0755904912948608
0.4295705556869507
-1.0802536010742188
0.4383070766925812
-1.083243727684021
0.44798916578292847
-1.0907946825027466
0.45743125677108765
-1.0950727462768555
0.4697541296482086
-1.1038974523544312
0.48182711005210876
-1.1095826625823975
0.4903292953968048
-1.114776611328125
0.4948650896549225
-1.1211464405059814
0.5058740377426147
-1.12874436378479
0.5187246203422546
-1.1284719705581665
0.5298818945884705
-1.1304134130477905
0.5374432802200317
-1.1385501623153687
0.5426163077354431
-1.145294427871704
0.5497671365737915
-1.1529661417007446
0.5581023097038269
-1.1587294340133667
0.5614526271820068
-1.1629053354263306
0.5662591457366943
-1.166287899017334
0.5731707215309143
-1.1721856594085693
0.5790106058120728
-1.1775816679000854
0.5843722224235535
-1.182894229888916
0.5948222279548645
-1.1813268661499023
0.6034185290336609
-1.1823055744171143
0.6036075353622437
-1.1952131986618042
0.6091651916503906
-1.1998085975646973
0.6121224164962769
-1.2070400714874268
0.6251764297485352
-1.204240322113037
0.6367786526679993
-1.2162258625030518
0.6420270204544067
-1.2279417514801025
0.6498897671699524
-1.240065097808838
0.6588906049728394
-1.2467418909072876
0.6695827841758728
-1.252694845199585
0.6848124265670776
-1.264660120010376
0.6941791772842407
-1.2756903171539307
0.7097761631011963
-1.278445839881897
0.7197763919830322
-1.2838480472564697
0.7290880084037781
-1.2909027338027954
0.7375362515449524
-1.3055981397628784
0.7475754618644714
-1.321394443511963
0.7583632469177246
-1.3259397745132446
0.7635906338691711
-1.315733790397644
0.770690381526947
-1.329676866531372
0.7857342958450317
-1.3310410976409912
0.8001219630241394
-1.3331363201141357
0.8068644404411316
-1.345153570175171
0.8210664391517639
-1.359757661819458
0.8262165784835815
-1.3621306419372559
0.8366606831550598
-1.3656213283538818
0.8660604357719421
-1.362316608428955
0.8848344087600708
-1.3615235090255737
0.8868535161018372
-1.3524751663208008
0.8969390392303467
-1.3517423868179321
0.9001039266586304
-1.3652470111846924
0.915581464767456
-1.359152913093567
0.9261660575866699
-1.3620563745498657
0.9380394816398621
-1.3762638568878174
0.950202226638794
-1.3755102157592773
0.9604839086532593
-1.3573553562164307
0.9720415472984314
-1.3542293310165405
0.9853343963623047
-1.352924108505249
1.0073847770690918
-1.3461745977401733
1.0053943395614624
-1.3591651916503906
1.0183885097503662
-1.3697946071624756
1.0308834314346313
-1.3579392433166504
1.0469557046890259
-1.3497533798217773
1.0593235492706299
-1.3464170694351196
1.0752778053283691
-1.3448636531829834
1.0832403898239136
-1.3609617948532104
1.098009467124939
-1.3506336212158203
1.104962944984436
-1.3601946830749512
1.1278493404388428
-1.3442779779434204
1.138293743133545
-1.342918038368225
1.1528249979019165
-1.3353004455566406
1.1613410711288452
-1.3425462245941162
1.1667312383651733
-1.358059048652649
1.1822102069854736
-1.3573485612869263
1.2014285326004028
-1.3553096055984497
1.2060567140579224
-1.3554860353469849
1.2275131940841675
-1.3514491319656372
1.236987590789795
-1.3506883382797241
1.2311910390853882
-1.3558205366134644
1.2408674955368042
-1.356665849685669
1.2512508630752563
-1.358930230140686
1.263190746307373
-1.3602180480957031
1.2730666399002075
-1.3591395616531372
1.2892982959747314
-1.359618902206421
1.2974008321762085
-1.3580310344696045
1.3069870471954346
-1.3563141822814941
1.3164509534835815
-1.3544719219207764
1.2927113771438599
-1.3730478286743164
1.3095124959945679
-1.3839995861053467
1.3263459205627441
-1.3699760437011719
1.3393439054489136
-1.3608871698379517
1.3576315641403198
-1.3561691045761108
1.3647526502609253
-1.3692262172698975
1.3737305402755737
-1.3837435245513916
1.4048984050750732
-1.357323169708252
1.4087241888046265
-1.3509972095489502
1.417203664779663
-1.3478671312332153
1.4190003871917725
-1.3634541034698486
1.4309921264648438
-1.3540836572647095
1.4410985708236694
-1.3472347259521484
1.4488945007324219
-1.3662083148956299
1.4600250720977783
-1.3511439561843872
1.459320068359375
-1.3592716455459595
1.469241976737976
-1.3681811094284058
1.4954533576965332
-1.3366419076919556
1.4972386360168457
-1.3287968635559082
1.5007039308547974
-1.3263829946517944
1.5078974962234497
-1.322288155555725
1.5150198936462402
-1.318017840385437
1.520262598991394
-1.3153873682022095
1.5457708835601807
-1.3017295598983765
1.5438977479934692
-1.3031269311904907
1.550539255142212
-1.2983065843582153
1.5435584783554077
-1.3316051959991455
1.568615198135376
-1.3047256469726562
1.5674476623535156
-1.2991238832473755
1.5694502592086792
-1.2946927547454834
1.5757185220718384
-1.2896857261657715
1.577909231185913
-1.2859879732131958
1.5727967023849487
-1.3034348487854004
1.5866652727127075
-1.2877438068389893
1.6138489246368408
-1.265744686126709
1.61897611618042
-1.2606462240219116
1.6101969480514526
-1.2900614738464355
1.5934808254241943
-1.2846143245697021
1.6075602769851685
-1.264962077140808
1.6231555938720703
-1.2527575492858887
1.6334583759307861
-1.2471275329589844
1.6192072629928589
-1.2493821382522583
1.6385949850082397
-1.2372517585754395
1.6506317853927612
-1.22891366481781
1.6584508419036865
-1.223817229270935
1.6608455181121826
-1.24714195728302
1.6683725118637085
-1.2258949279785156
1.6960729360580444
-1.1967931985855103
1.6857763528823853
-1.2276846170425415
1.6901028156280518
-1.20748770236969
1.6714837551116943
-1.203560709953308
1.6787960529327393
-1.20866858959198
1.7065778970718384
-1.1718080043792725
1.7097535133361816
-1.1653077602386475
1.7128899097442627
-1.1585516929626465
1.7133667469024658
-1.1691246032714844
1.723410725593567
-1.157466173171997
1.7462754249572754
-1.131520390510559
1.7411600351333618
-1.1297574043273926
1.7402064800262451
-1.1229689121246338
1.7424198389053345
-1.1172066926956177
1.7448134422302246
-1.1103322505950928
1.7495492696762085
-1.1019014120101929
1.7491040229797363
-1.1263906955718994
1.753555178642273
-1.1059311628341675
1.7569777965545654
-1.0956473350524902
1.7600679397583008
-1.0893094539642334
1.7787827253341675
-1.0691709518432617
1.7683720588684082
-1.09945547580719
1.7671313285827637
-1.0845245122909546
1.7681844234466553
-1.070672631263733
1.7605211734771729
-1.0796623229980469
1.7618088722229004
-1.071582317352295
1.7690678834915161
-1.0609885454177856
1.770599603652954
-1.0760895013809204
1.767060399055481
-1.0531502962112427
1.768030047416687
-1.0452035665512085
1.7756373882293701
-1.0300554037094116
1.783036708831787
-1.029180884361267
1.7862426042556763
-1.0111693143844604
1.7895432710647583
-1.0047136545181274
1.7939083576202393
-0.9957701563835144
1.7960623502731323
-0.9865682721138
1.7970268726348877
-0.9686105847358704
1.7957130670547485
-0.9595838785171509
1.7695780992507935
-0.9688831567764282
1.781530737876892
-0.9788355827331543
1.79289972782135
-0.9508137702941895
1.78980553150177
-0.9413474202156067
1.7799882888793945
-0.9159281849861145
1.776311993598938
-0.9068523645401001
1.7844152450561523
-0.8963437080383301
1.779883861541748
-0.8870885968208313
1.7753801345825195
-0.8781443238258362
1.7821831703186035
-0.8985874652862549
1.7728618383407593
-0.8911126852035522
1.7752903699874878
-0.8989085555076599
1.7794768810272217
-0.8575649857521057
1.7730449438095093
-0.8490434885025024
1.7717801332473755
-0.8355027437210083
1.7814724445343018
-0.8164132237434387
1.7847139835357666
-0.8028877973556519
1.7696417570114136
-0.8145583271980286
1.7582714557647705
-0.8030861020088196
1.7514125108718872
-0.7929302453994751
1.7550280094146729
-0.7757916450500488
1.7428148984909058
-0.7793635725975037
1.7436201572418213
-0.7617551684379578
1.7230734825134277
-0.7737389802932739
1.7166720628738403
-0.7578901052474976
1.7080509662628174
-0.7443422675132751
1.6999133825302124
-0.7385064959526062
1.693336844444275
-0.7316173911094666
1.690493106842041
-0.7297629117965698
1.681901216506958
-0.7162253260612488
1.6767303943634033
-0.7147129774093628
1.6688151359558105
-0.7109995484352112
1.653817892074585
-0.7118156552314758
1.6511729955673218
-0.6990564465522766
1.647640347480774
-0.6903930306434631
1.6424678564071655
-0.682729959487915
1.6365013122558594
-0.6762231588363647
1.6307393312454224
-0.6598261594772339
1.6249812841415405
-0.6534332633018494
1.6201125383377075
-0.6459685564041138
1.6083909273147583
-0.6568298935890198
1.602885127067566
-0.6504431962966919
1.6078885793685913
-0.6437095999717712
1.6001912355422974
-0.653278112411499
1.5958651304244995
-0.6307898163795471
1.5848718881607056
-0.6307033896446228
1.5856688022613525
-0.6216564774513245
1.5851448774337769
-0.6163152456283569
1.579685091972351
-0.6267604231834412
1.5775783061981201
-0.607646107673645
1.5736229419708252
-0.595928966999054
1.5684010982513428
-0.5892348885536194
1.567642331123352
-0.58908611536026
1.559004783630371
-0.5898216962814331
1.5510083436965942
-0.5867962837219238
1.5461024045944214
-0.5800203084945679
1.5485912561416626
-0.5805637836456299
1.54731023311615
-0.5686691403388977
1.5435866117477417
-0.5572620630264282
1.529508352279663
-0.5522026419639587
1.527714490890503
-0.5314167737960815
1.5277180671691895
-0.5312774777412415
1.522625207901001
-0.5149300694465637
1.515877604484558
-0.5254183411598206
1.5089739561080933
-0.5038807988166809
1.5037858486175537
-0.48626115918159485
1.4987047910690308
-0.48671773076057434
1.4930592775344849
-0.48085060715675354
1.4828360080718994
-0.4794038236141205
1.4852821826934814
-0.4956296682357788
1.4744598865509033
-0.4790530800819397
1.4609997272491455
-0.461759477853775
1.4569369554519653
-0.4388583302497864
1.4516185522079468
-0.43348395824432373
1.4501553773880005
-0.42046719789505005
1.4398298263549805
-0.42152875661849976
1.4411007165908813
-0.4370724856853485
1.4381921291351318
-0.4275800585746765
1.432713270187378
-0.40799733996391296
1.4265263080596924
-0.4159320592880249
1.4198957681655884
-0.4174245297908783
1.4175117015838623
-0.40588393807411194
1.4121838808059692
-0.40033450722694397
1.409536361694336
-0.39343249797821045
1.4054380655288696
-0.3791118860244751
1.4001288414001465
-0.3736267685890198
1.4006025791168213
-0.3812527358531952
1.3977524042129517
-0.37376371026039124
1.3912140130996704
-0.37918880581855774
1.3846622705459595
-0.37726351618766785
1.3795950412750244
-0.3759705126285553
1.3752286434173584
-0.3712303936481476
1.3708480596542358
-0.35503220558166504
1.36653470993042
-0.3452100455760956
1.3591983318328857
-0.3230302929878235
1.351203441619873
-0.32812023162841797
1.3378114700317383
-0.31940728425979614
1.3406567573547363
-0.31393903493881226
1.3358404636383057
-0.3178240656852722
1.3334009647369385
-0.3068355321884155
1.3290096521377563
-0.29862314462661743
1.3194791078567505
-0.29002586007118225
1.3204725980758667
-0.2842518389225006
1.3109807968139648
-0.2791350483894348
1.3100882768630981
-0.2827146649360657
1.3052393198013306
-0.2769177556037903
1.3023265600204468
-0.2561666965484619
1.3003270626068115
-0.2540431618690491
1.2983406782150269
-0.2497742623090744
1.295683741569519
-0.24604669213294983
1.2901191711425781
-0.2404797226190567
1.2864511013031006
-0.24545063078403473
1.2829105854034424
-0.22595340013504028
1.2806965112686157
-0.22216828167438507
1.2713203430175781
-0.21610139310359955
1.2658848762512207
-0.21063515543937683
1.2618714570999146
-0.20712842047214508
1.2623268365859985
-0.1970326155424118
1.2591131925582886
-0.20128118991851807
1.253139853477478
-0.19577208161354065
1.2498093843460083
-0.1896057426929474
1.2385560274124146
-0.17931611835956573
1.232501745223999
-0.17431612312793732
1.225110650062561
-0.16649644076824188
1.2189149856567383
-0.16169552505016327
1.2107622623443604
-0.15375405550003052
1.2063560485839844
-0.1452888548374176
1.1963450908660889
-0.13547314703464508
1.1924556493759155
-0.1218954399228096
1.1906695365905762
-0.1276310682296753
1.178525686264038
-0.12114741653203964
1.168303370475769
-0.113555908203125
1.1619700193405151
-0.11001923680305481
1.1582319736480713
-0.1055368110537529
1.1607054471969604
-0.10872846096754074
1.1544033288955688
-0.10924777388572693
1.1488045454025269
-0.10863929986953735
1.1444637775421143
-0.101809561252594
1.1315003633499146
-0.09055794030427933
1.121680736541748
-0.08120843023061752
1.115004062652588
-0.07610173523426056
1.1106269359588623
-0.07970283180475235
1.09817373752594
-0.07030946016311646
1.092259407043457
-0.06700284779071808
1.088361144065857
-0.0621970109641552
1.0851962566375732
-0.0442659817636013
1.068577766418457
-0.04229078069329262
1.0663832426071167
-0.03690733015537262
1.0607945919036865
-0.03145778551697731
1.0500787496566772
-0.031558264046907425
1.0411733388900757
-0.030787000432610512
1.0306628942489624
-0.02445480413734913
1.0248239040374756
-0.028452569618821144
1.0194717645645142
-0.025404812768101692
1.0141273736953735
-0.022338932380080223
1.0174342393875122
-0.021726537495851517
1.0076948404312134
-0.021362608298659325
0.9989580512046814
-0.016295837238430977
0.9923493266105652
-0.013635826297104359
0.9880337119102478
-0.009003634564578533
0.9827497005462646
-0.0057193622924387455
0.9804986715316772
-0.005062708165496588
0.9770470261573792
-0.003743647364899516
0.975256621837616
-0.002757509471848607
0.9697125554084778
0.0009008009801618755
0.9667882323265076
0.003813314950093627
0.9614599943161011
0.014039445668458939
0.9640600085258484
0.019427908584475517
0.9574974179267883
0.0209891889244318
0.9525678157806396
0.02355886623263359
0.9491080641746521
0.026398763060569763
0.9432525038719177
0.030077435076236725
0.9401418566703796
0.03151277080178261
0.9381645917892456
0.025875771418213844
0.9361531734466553
0.024400029331445694
0.9300530552864075
0.03696124628186226
0.9211684465408325
0.04439651966094971
0.9138370156288147
0.04912868142127991
0.9048889875411987
0.051431894302368164
0.8991925120353699
0.055160727351903915
0.8942519426345825
0.06535732746124268
0.8886545896530151
0.06919422000646591
0.886186957359314
0.0751461386680603
0.8797987699508667
0.07674707472324371
0.873714029788971
0.079463429749012
0.8624563217163086
0.08647213876247406
0.8549447655677795
0.08429482579231262
0.8556559681892395
0.1076401099562645
0.8500277400016785
0.11127611994743347
0.8407949209213257
0.11393745243549347
0.8332109451293945
0.10589282214641571
0.8255742192268372
0.1126990020275116
0.8203046917915344
0.11624916642904282
0.8176904320716858
0.11202602088451385
0.8135262131690979
0.1110372468829155
0.8126497268676758
0.11207054555416107
0.8117642402648926
0.13856475055217743
0.8018054962158203
0.13185474276542664
0.7926220297813416
0.13161242008209229
0.7873691320419312
0.13540960848331451
0.773922860622406
0.14969117939472198
0.7669137120246887
0.15581265091896057
0.7620927095413208
0.15954963862895966
0.7692089676856995
0.17448224127292633
0.7638775706291199
0.17855851352214813
0.7568655014038086
0.1683884710073471
0.753400981426239
0.16532547771930695
0.7425268292427063
0.1774134486913681
0.7345651984214783
0.17877310514450073
0.7294962406158447
0.1823953539133072
0.7237235307693481
0.18357376754283905
0.7118976712226868
0.19587011635303497
0.7103301882743835
0.19812743365764618
0.7046893239021301
0.2035389095544815
0.6896213889122009
0.21727398037910461
0.6773884892463684
0.2277219146490097
0.6731559634208679
0.23098744451999664
0.6683554649353027
0.2399965077638626
0.6594103574752808
0.2360413521528244
0.648583710193634
0.24810656905174255
0.6446316242218018
0.2512321472167969
0.6381505727767944
0.26111477613449097
0.6342056393623352
0.2642797827720642
0.6299371123313904
0.27213945984840393
0.6268486976623535
0.26714321970939636
0.6179776787757874
0.2761848568916321
0.6140780448913574
0.27935439348220825
0.6077121496200562
0.28398260474205017
0.6037724018096924
0.2870737314224243
0.6039733290672302
0.28680524230003357
0.6019048094749451
0.2944258153438568
0.6047569513320923
0.28415447473526
0.5963274836540222
0.29267969727516174
0.5940923094749451
0.29531019926071167
0.5906726121902466
0.28536587953567505
0.5862396955490112
0.28899794816970825
0.5882351994514465
0.29396411776542664
0.584317147731781
0.30169907212257385
0.5829982161521912
0.29964300990104675
0.5809987783432007
0.3001520335674286
0.5725741982460022
0.3123055398464203
0.5680673122406006
0.3161262571811676
0.5667076706886292
0.31849801540374756
0.5605177283287048
0.3261183202266693
0.5555544495582581
0.3258489966392517
0.5509716272354126
0.3297260105609894
0.5452122092247009
0.3365519344806671
0.5391491651535034
0.34341204166412354
0.5346924662590027
0.3471515476703644
0.5347070693969727
0.35070663690567017
0.5297385454177856
0.3513406813144684
0.5221424698829651
0.35623645782470703
0.5178049802780151
0.36014172434806824
0.5151859521865845
0.3693851828575134
0.5056155920028687
0.37623366713523865
0.5014612674713135
0.3800235390663147
0.4984060227870941
0.3878604471683502
0.49091437458992004
0.39084726572036743
0.48717787861824036
0.38896051049232483
0.48586538434028625
0.38846686482429504
0.4832364022731781
0.3894262909889221
0.47892940044403076
0.3934466242790222
0.478028804063797
0.4060487449169159
0.4736991822719574
0.41003239154815674
0.46853166818618774
0.4126262664794922
0.46363791823387146
0.41323983669281006
0.4594692885875702
0.41733941435813904
0.45985615253448486
0.41939443349838257
0.4548400640487671
0.418715238571167
0.45229974389076233
0.42837953567504883
0.4481267035007477
0.43267568945884705
0.4464072287082672
0.43788576126098633
0.4421834647655487
0.4421432316303253
0.43911176919937134
0.4504093527793884
0.43383240699768066
0.46502596139907837
0.4213760793209076
0.4601120352745056
0.4174783527851105
0.46408310532569885
0.40991324186325073
0.4808715283870697
0.40613052248954773
0.484537273645401
0.40005308389663696
0.4951792061328888
0.39813241362571716
0.4853827953338623
0.383301705121994
0.49930539727211
0.38323524594306946
0.5156851410865784
0.3779929578304291
0.5241761207580566
0.3746725022792816
0.5278773307800293
0.3636157512664795
0.5302478671073914
0.3554461598396301
0.526498556137085
0.3515770435333252
0.5309391617774963
0.3485284149646759
0.5344578623771667
0.3525885343551636
0.5383991599082947
0.3473277688026428
0.5352470278739929
0.340631365776062
0.542742133140564
0.33818238973617554
0.5419260263442993
0.3352302014827728
0.5458981394767761
0.32792267203330994
0.5509131550788879
0.33231914043426514
0.5565617084503174
0.32620736956596375
0.5534408092498779
0.3205060064792633
0.5559897422790527
0.3127281069755554
0.5662248730659485
0.31510013341903687
0.5742965936660767
0.3113570809364319
0.5852288603782654
0.3089735209941864
0.5897820591926575
0.30490487813949585
0.5927291512489319
0.30269524455070496
0.5975080728530884
0.29952532052993774
0.6050987243652344
0.29746755957603455
0.6099790334701538
0.29494509100914
0.6014652252197266
0.2842313349246979
0.604698896408081
0.28158873319625854
0.6198391318321228
0.28174182772636414
0.6237568855285645
0.27920883893966675
0.6330085396766663
0.2720966041088104
0.6325761079788208
0.270663321018219
0.6380329728126526
0.2718088924884796
0.6418834924697876
0.26865652203559875
0.6345767378807068
0.26486432552337646
0.6335820555686951
0.26314064860343933
0.6365365386009216
0.25979921221733093
0.644156277179718
0.26206502318382263
0.6568159461021423
0.26343390345573425
0.6513805389404297
0.26267024874687195
0.6577714681625366
0.2620052993297577
0.6642529964447021
0.25587162375450134
0.6674573421478271
0.25028204917907715
0.6782616376876831
0.24477848410606384
0.6899173259735107
0.24451401829719543
0.6964932680130005
0.24877901375293732
0.6974353790283203
0.24000325798988342
0.7040320038795471
0.24128320813179016
0.709499180316925
0.24178297817707062
0.7166224718093872
0.24304574728012085
0.7262353897094727
0.24010150134563446
0.736234724521637
0.24686641991138458
0.7378684282302856
0.23396547138690948
0.7464576363563538
0.24036921560764313
0.7557907700538635
0.23984093964099884
0.7730236053466797
0.2405213713645935
0.7891368269920349
0.24345076084136963
0.7954273223876953
0.25085583329200745
0.811942458152771
0.24959225952625275
0.8145304918289185
0.25697916746139526
0.8341123461723328
0.2606201767921448
0.8330934047698975
0.25846612453460693
0.8398416042327881
0.2585507929325104
0.8508676290512085
0.2620201110839844
0.8585018515586853
0.27098187804222107
0.8754739761352539
0.27730318903923035
0.8900949358940125
0.2812660336494446
0.8969359397888184
0.2850198745727539
0.9042742848396301
0.2888999581336975
0.9116557240486145
0.2805429995059967
0.8941313624382019
0.2871815860271454
0.9214967489242554
0.2899632453918457
0.9237320423126221
0.2832176983356476
0.9249750971794128
0.29186922311782837
0.9335775375366211
0.2966729402542114
0.9380813241004944
0.30203738808631897
0.9460466504096985
0.3084925413131714
0.953885555267334
0.3143474757671356
0.9609963893890381
0.32455745339393616
0.9862602949142456
0.33297213912010193
0.9917386174201965
0.33610057830810547
0.9960324764251709
0.34116649627685547
1.0034618377685547
0.34064751863479614
1.011102318763733
0.3548302948474884
1.026776909828186
0.356378972530365
1.0274349451065063
0.36602291464805603
1.0230225324630737
0.37130045890808105
1.0303945541381836
0.3767639994621277
1.0378146171569824
0.36219730973243713
1.0323045253753662
0.384445458650589
1.062564730644226
0.3849206566810608
1.0636425018310547
0.3877723217010498
1.0658354759216309
0.39726197719573975
1.07942533493042
0.3867029845714569
1.0731877088546753
0.397528737783432
1.080793023109436
0.404019296169281
1.0877797603607178
0.4173024296760559
1.1031129360198975
0.4198606610298157
1.110798954963684
0.42743611335754395
1.11806058883667
0.4325003921985626
1.1313822269439697
0.4427414834499359
1.1348567008972168
0.4423460364341736
1.1368904113769531
0.4470228850841522
1.142730951309204
0.4594506621360779
1.1524957418441772
0.46766936779022217
1.1594904661178589
0.4728928804397583
1.1714000701904297
0.4818245470523834
1.17446768283844
0.48669666051864624
1.1838551759719849
0.498428076505661
1.1985913515090942
0.5072345733642578
1.1935323476791382
0.5217701196670532
1.2066940069198608
0.5283071398735046
1.2111778259277344
0.5389968752861023
1.226583480834961
0.5489106774330139
1.23202383518219
0.5511151552200317
1.224265217781067
0.5649827122688293
1.2321397066116333
0.5809991955757141
1.23003089427948
0.5917688012123108
1.2339754104614258
0.6026375889778137
1.2337546348571777
0.6110759973526001
1.2366911172866821
0.6274151802062988
1.2501400709152222
0.6369467973709106
1.2540007829666138
0.6435521841049194
1.251343011856079
0.6615763306617737
1.2585867643356323
0.6787995100021362
1.263602375984192
0.6895717978477478
1.2655390501022339
0.6907287836074829
1.2576243877410889
0.7209228277206421
1.2921397686004639
0.7170560359954834
1.272053837776184
0.7329385876655579
1.2658748626708984
0.7422195672988892
1.2604384422302246
0.7518537044525146
1.2584912776947021
0.7628185153007507
1.261082649230957
0.7787657976150513
1.2685422897338867
0.7886465191841125
1.2626707553863525
0.7993410229682922
1.2655290365219116
0.8058341145515442
1.274606466293335
0.8166860938072205
1.2776176929473877
0.823853075504303
1.2720062732696533
0.839521586894989
1.2736122608184814
0.8500239253044128
1.2769379615783691
0.8608734011650085
1.283445119857788
0.8642107248306274
1.2805700302124023
0.8798738718032837
1.2906780242919922
0.8864424824714661
1.2970699071884155
0.8914138078689575
1.2929949760437012
0.9063909649848938
1.2996670007705688
0.9178606271743774
1.3053607940673828
0.9304408431053162
1.3238328695297241
0.9414875507354736
1.3261195421218872
0.959362804889679
1.3191059827804565
0.9696630239486694
1.333505392074585
0.9806900024414062
1.341349482536316
0.9917294979095459
1.3426965475082397
0.9963025450706482
1.3265424966812134
1.013837218284607
1.3432419300079346
1.0369948148727417
1.3345733880996704
1.051950454711914
1.3311524391174316
1.0675593614578247
1.3277934789657593
1.0778776407241821
1.3274827003479004
1.088243842124939
1.3270987272262573
1.0761737823486328
1.3237614631652832
1.0936142206192017
1.3223276138305664
1.1052348613739014
1.3389846086502075
1.1237152814865112
1.3314645290374756
1.1231310367584229
1.3204989433288574
1.1223119497299194
1.3186347484588623
1.1457853317260742
1.3185226917266846
1.1579757928848267
1.3354986906051636
1.1618950366973877
1.3325951099395752
1.1643424034118652
1.317391037940979
1.1675435304641724
1.2998608350753784
1.17974054813385
1.299106478691101
1.1807278394699097
1.2903155088424683
1.2078840732574463
1.296360731124878
1.2266782522201538
1.3002020120620728
1.2366735935211182
1.2995502948760986
1.2486318349838257
1.30222487449646
1.2611148357391357
1.3036943674087524
1.2730612754821777
1.3009103536605835
1.2891106605529785
1.2977142333984375
1.2983053922653198
1.2967489957809448
1.312307357788086
1.2948929071426392
1.325068712234497
1.2944918870925903
1.34284508228302
1.2937378883361816
1.3295023441314697
1.2830244302749634
1.337229609489441
1.2856632471084595
1.3466004133224487
1.2836605310440063
1.3557864427566528
1.2815626859664917
1.3507591485977173
1.292002558708191
1.3648473024368286
1.2956427335739136
1.3826998472213745
1.2871674299240112
1.3940931558609009
1.2834725379943848
1.4239513874053955
1.2793327569961548
1.4315582513809204
1.2765417098999023
1.4393454790115356
1.273563265800476
1.4205538034439087
1.280540943145752
1.4205538034439087
1.280540943145752
1.4474961757659912
1.2767244577407837
1.4591307640075684
1.2719746828079224
1.443902611732483
1.2605867385864258
1.482575535774231
1.2660391330718994
1.4694820642471313
1.2747946977615356
1.4701100587844849
1.2665132284164429
1.472878098487854
1.2615525722503662
1.4967724084854126
1.2606812715530396
1.483097791671753
1.2665958404541016
1.5051560401916504
1.260452389717102
1.5182689428329468
1.25667142868042
1.5063190460205078
1.25360107421875
1.5051004886627197
1.2512047290802002
1.5263781547546387
1.2490296363830566
1.533312201499939
1.2441691160202026
1.556963324546814
1.23867666721344
1.5662883520126343
1.2337608337402344
1.578041672706604
1.2269747257232666
1.5632177591323853
1.223569631576538
1.5619776248931885
1.2174063920974731
1.56520414352417
1.2092407941818237
1.59675133228302
1.1986039876937866
1.5717179775238037
1.1891239881515503
1.6037862300872803
1.1858915090560913
1.6027448177337646
1.182207703590393
1.6082607507705688
1.176716923713684
1.635020136833191
1.1669642925262451
1.6397093534469604
1.162011981010437
1.6549372673034668
1.1539939641952515
1.668778419494629
1.1454452276229858
1.676777720451355
1.1396393775939941
1.6675593852996826
1.1304279565811157
1.666273832321167
1.121703028678894
1.6684132814407349
1.1133430004119873
1.672084093093872
1.1035492420196533
1.6986370086669922
1.0951168537139893
1.692224383354187
1.08933687210083
1.6915559768676758
1.0833004713058472
1.6952769756317139
1.078559160232544
1.7193833589553833
1.0684789419174194
1.7097666263580322
1.0647172927856445
1.6859902143478394
1.0592368841171265
1.6975780725479126
1.056885004043579
1.727759838104248
1.0528006553649902
1.7209709882736206
1.0501941442489624
1.7097965478897095
1.0591297149658203
1.7133420705795288
1.054333209991455
1.716023325920105
1.047345757484436
1.7196087837219238
1.0431336164474487
1.721644639968872
1.0401203632354736
1.7248057126998901
1.0354841947555542
1.7279484272003174
1.0306081771850586
1.725274682044983
1.0388258695602417
1.7293363809585571
1.0327640771865845
1.7611960172653198
1.0235639810562134
1.7505236864089966
1.0237360000610352
1.747717022895813
1.0202693939208984
1.7515090703964233
1.0139591693878174
1.7554049491882324
1.0081095695495605
1.7586628198623657
1.0036264657974243
1.763275146484375
0.9954733848571777
1.7922906875610352
0.9866542816162109
1.7799519300460815
0.9900385737419128
1.802486777305603
0.9786913990974426
1.8146569728851318
0.9686127305030823
1.8135900497436523
0.9619736671447754
1.7991092205047607
0.9585522413253784
1.8167725801467896
0.947039783000946
1.8170233964920044
0.939287006855011
1.8170489072799683
0.9311783313751221
1.8055617809295654
0.9472184777259827
1.7992388010025024
0.9363586902618408
1.8221909999847412
0.9259069561958313
1.8346530199050903
0.9153360724449158
1.8167797327041626
0.9074756503105164
1.8329998254776
0.8982410430908203
1.8164901733398438
0.9241486191749573
1.8078991174697876
0.9034487009048462
1.8270078897476196
0.8896887302398682
1.8361659049987793
0.8779049515724182
1.8443578481674194
0.8674136400222778
1.8187732696533203
0.8629117608070374
1.8136255741119385
0.8533872961997986
1.8104671239852905
0.8487274050712585
1.798456072807312
0.839809775352478
1.7905391454696655
0.8305957913398743
1.7840214967727661
0.8194156289100647
1.7756211757659912
0.8157967925071716
1.7686777114868164
0.8075481653213501
1.7854716777801514
0.7935494184494019
1.7655011415481567
0.7823638916015625
1.748668909072876
0.7762191891670227
1.7348326444625854
0.7859659194946289
1.727362871170044
0.7792041301727295
1.7244409322738647
0.7653797268867493
1.7170783281326294
0.7543084621429443
1.707141637802124
0.7491101622581482
1.6997023820877075
0.7432102560997009
1.6938858032226562
0.7342889904975891
1.6843920946121216
0.7268637418746948
1.6741689443588257
0.7245067954063416
1.6789860725402832
0.7132517695426941
1.663354754447937
0.7122901082038879
1.6533159017562866
0.7058570981025696
1.6440038681030273
0.7002037763595581
1.6325567960739136
0.696058452129364
1.6261193752288818
0.690924882888794
1.6156439781188965
0.6875073909759521
1.6074519157409668
0.6831777691841125
1.6014630794525146
0.6778983473777771
1.6024956703186035
0.6740018129348755
1.5965423583984375
0.6681682467460632
1.5833947658538818
0.6614468693733215
1.5779882669448853
0.6558305621147156
1.574547529220581
0.6559421420097351
1.560023307800293
0.6508982181549072
1.555026650428772
0.6451634764671326
1.547964334487915
0.6389747858047485
1.5428988933563232
0.6333810091018677
1.5382580757141113
0.6273429989814758
1.5339714288711548
0.6231522560119629
1.528488039970398
0.6194062232971191
1.5234549045562744
0.6205008625984192
1.5373952388763428
0.6120811104774475
1.5262187719345093
0.6082432866096497
1.5346019268035889
0.6021632552146912
1.5215106010437012
0.5981226563453674
1.5174702405929565
0.5914668440818787
1.509374737739563
0.5921947360038757
1.5138455629348755
0.5930070281028748
1.518961787223816
0.5831175446510315
1.5148471593856812
0.5760088562965393
1.5026658773422241
0.5721332430839539
1.4948269128799438
0.5685961246490479
1.5023837089538574
0.5607088804244995
1.4984900951385498
0.5535061359405518
1.4865089654922485
0.5464842319488525
1.4779605865478516
0.5406012535095215
1.4692412614822388
0.5571602582931519
1.4657042026519775
0.5500218272209167
1.4594379663467407
0.5320605635643005
1.4539531469345093
0.5203421115875244
1.4503798484802246
0.5135687589645386
1.4502004384994507
0.5067609548568726
1.4506052732467651
0.4933859407901764
1.4401792287826538
0.4847704768180847
1.4322007894515991
0.4908284842967987
1.4286397695541382
0.4841771125793457
1.4366347789764404
0.4696448743343353
1.4285911321640015
0.4559983015060425
1.4201997518539429
0.45178866386413574
1.4177716970443726
0.44355452060699463
1.4117021560668945
0.4294954836368561
1.405983567237854
0.42180272936820984
1.401670217514038
0.4156399369239807
1.401329517364502
0.40821847319602966
1.3965816497802734
0.402129590511322
1.3996301889419556
0.3965942859649658
1.4017573595046997
0.38854241371154785
1.39132821559906
0.3824869990348816
1.38242769241333
0.37696072459220886
1.3762123584747314
0.37410587072372437
1.370599389076233
0.36871588230133057
1.36739981174469
0.3637465238571167
1.3672767877578735
0.361344575881958
1.3633873462677002
0.35631170868873596
1.3589000701904297
0.3511483669281006
1.3542160987854004
0.34710246324539185
1.3442387580871582
0.3571675419807434
1.3421828746795654
0.34832140803337097
1.3467415571212769
0.3429444432258606
1.3376322984695435
0.33576303720474243
1.3320108652114868
0.33221516013145447
1.3252687454223633
0.33181387186050415
1.3152741193771362
0.33943653106689453
1.3112425804138184
0.3286152780056
1.3139201402664185
0.3245500922203064
1.3035815954208374
0.3162699043750763
1.29745614528656
0.31124141812324524
1.2872684001922607
0.30286750197410583
1.2760381698608398
0.29527387022972107
1.2699615955352783
0.2864680290222168
1.264127492904663
0.2816962003707886
1.2562932968139648
0.2745654582977295
1.246562123298645
0.26793935894966125
1.23837411403656
0.2632741332054138
1.2221547365188599
0.27320560812950134
1.2196396589279175
0.26098960638046265
1.214468002319336
0.25629791617393494
1.2093321084976196
0.25163713097572327
1.2112711668014526
0.2517247200012207
1.1985186338424683
0.23676003515720367
1.187070608139038
0.2293221652507782
1.1799434423446655
0.22158649563789368
1.1751357316970825
0.21713437139987946
1.1717969179153442
0.21329598128795624
1.1644487380981445
0.22410175204277039
1.1595851182937622
0.2194867581129074
1.1572272777557373
0.20980384945869446
1.1523431539535522
0.20514002442359924
1.1502810716629028
0.1991247832775116
1.1473675966262817
0.1942792683839798
1.1424586772918701
0.1894557923078537
1.1400673389434814
0.20178228616714478
1.138963222503662
0.19438591599464417
1.1369175910949707
0.18935377895832062
1.1325690746307373
0.1848265379667282
1.127236247062683
0.17829111218452454
1.1244902610778809
0.1729886382818222
1.119393229484558
0.16778764128684998
1.1151776313781738
0.1669272631406784
1.1087356805801392
0.16101711988449097
1.1037272214889526
0.15580905973911285
1.104879379272461
0.15808434784412384
1.0996782779693604
0.15265323221683502
1.0901449918746948
0.14888322353363037
1.0853431224822998
0.14354413747787476
1.077909231185913
0.13289296627044678
1.0704399347305298
0.12390915304422379
1.060968279838562
0.11522793769836426
1.0561223030090332
0.11027929186820984
1.0514280796051025
0.09963996708393097
1.043228030204773
0.10657787322998047
1.0383776426315308
0.10161536931991577
1.031652808189392
0.08934590965509415
1.0233993530273438
0.08733731508255005
1.0119280815124512
0.07902342826128006
1.0065944194793701
0.06936736404895782
1.0014450550079346
0.0652736946940422
0.995069682598114
0.06557586044073105
0.993198037147522
0.055044639855623245
0.9923195242881775
0.045942287892103195
0.9850388765335083
0.051312405616045
0.9906798601150513
0.04705733433365822
0.986117959022522
0.03633378818631172
0.9819952845573425
0.04459238052368164
0.9819952845573425
0.04459238052368164
0.9776669144630432
0.032651934772729874
0.9741767048835754
0.028528474271297455
0.9724316000938416
0.026466740295290947
