0.9649365544319153
-0.021495657041668892
0.9620882272720337
-0.026973841711878777
0.9602954387664795
-0.026372982189059258
0.9638736248016357
-0.028301244601607323
0.9651023149490356
-0.029297348111867905
0.9655608534812927
-0.029684990644454956
0.9656901955604553
-0.02991057187318802
0.9657367467880249
-0.029994642361998558
0.9611827731132507
-0.02843666262924671
0.9686112999916077
-0.03670947998762131
0.9720132350921631
-0.03876376524567604
0.9683632254600525
-0.045548152178525925
0.9695839285850525
-0.046460721641778946
0.9721360802650452
-0.043603233993053436
0.9710844159126282
-0.0458039790391922
0.9709183573722839
-0.04617444425821304
0.9707236289978027
-0.04655057564377785
0.9714269042015076
-0.04452581703662872
0.9671136140823364
-0.052334919571876526
0.9724707007408142
-0.04329634830355644
0.9682515263557434
-0.05127623677253723
0.9702783226966858
-0.04871906340122223
0.9653717875480652
-0.0569780059158802
0.968089759349823
-0.06043551117181778
0.9672226309776306
-0.0625818520784378
0.9666368961334229
-0.06356797367334366
0.9633163809776306
-0.052552200853824615
0.956949770450592
-0.06155741959810257
0.9540212154388428
-0.06557387858629227
0.9535506367683411
-0.0633268728852272
0.9525395631790161
-0.08539354056119919
0.9433393478393555
-0.09416032582521439
0.9347913861274719
-0.0966990739107132
0.9338516592979431
-0.11893221735954285
0.9242914915084839
-0.13509413599967957
0.9190697073936462
-0.14101356267929077
0.9103317856788635
-0.14996472001075745
0.8927149772644043
-0.14745347201824188
0.883453905582428
-0.14718937873840332
0.8697289824485779
-0.1551639586687088
0.8623499870300293
-0.16774775087833405
0.8420999646186829
-0.16222414374351501
0.8284733891487122
-0.16615363955497742
0.8195316791534424
-0.16349440813064575
0.8164348006248474
-0.16078169643878937
0.8077584505081177
-0.17418299615383148
0.7911974191665649
-0.16611365973949432
0.7802914977073669
-0.16266591846942902
0.7715571522712708
-0.16822433471679688
0.7626831531524658
-0.16400887072086334
0.746894896030426
-0.1594119369983673
0.7367258071899414
-0.15855921804904938
0.7228135466575623
-0.15800489485263824
0.7124605178833008
-0.15361186861991882
0.7037850022315979
-0.1548863798379898
0.7020042538642883
-0.15443699061870575
0.6931846141815186
-0.15632878243923187
0.6820273995399475
-0.15954451262950897
0.6701457500457764
-0.1562686264514923
0.661968469619751
-0.15410685539245605
0.6524194478988647
-0.15449731051921844
0.6483455896377563
-0.15840758383274078
0.6385650038719177
-0.1568353921175003
0.6292294859886169
-0.15332917869091034
0.61751389503479
-0.15805606544017792
0.6135722398757935
-0.16671721637248993
0.6080423593521118
-0.1582631915807724
0.6003371477127075
-0.1626490205526352
0.5875639915466309
-0.1693577915430069
0.5758959650993347
-0.17962002754211426
0.5688625574111938
-0.1837562471628189
0.5561808943748474
-0.19139006733894348
0.5435588359832764
-0.19167748093605042
0.5347567796707153
-0.1953599601984024
0.5176910161972046
-0.19983887672424316
0.5044119358062744
-0.2083137333393097
0.49858978390693665
-0.2128271609544754
0.49284684658050537
-0.21741023659706116
0.4867205321788788
-0.22024352848529816
0.4817003905773163
-0.22253257036209106
0.4736214876174927
-0.2278953492641449
0.4671677052974701
-0.23633064329624176
0.4644506275653839
-0.23526376485824585
0.46118566393852234
-0.23781564831733704
0.4553045332431793
-0.23701809346675873
0.4554005265235901
-0.24246622622013092
0.4495469629764557
-0.2449267953634262
0.4488508701324463
-0.2453267127275467
0.44327905774116516
-0.2507389783859253
0.43827024102211
-0.25278785824775696
0.4347001314163208
-0.2606858015060425
0.43151867389678955
-0.26501938700675964
0.42579954862594604
-0.2646607756614685
0.4223328232765198
-0.2653875946998596
0.42129990458488464
-0.2707897424697876
0.4151829183101654
-0.2728199064731598
0.40760788321495056
-0.2768060266971588
0.4028993844985962
-0.28515133261680603
0.3950536549091339
-0.28886866569519043
0.39021846652030945
-0.2908603549003601
0.3869290053844452
-0.2997831702232361
0.3753977119922638
-0.3001495897769928
0.3703756630420685
-0.3072648048400879
0.3632698655128479
-0.31252017617225647
0.35891595482826233
-0.3190869092941284
0.3475087881088257
-0.32789507508277893
0.34364035725593567
-0.3347642123699188
0.336000919342041
-0.33983033895492554
0.3325250446796417
-0.34699559211730957
0.32551297545433044
-0.3552444279193878
0.3224847912788391
-0.3660433888435364
0.3133620619773865
-0.3748609125614166
0.30856767296791077
-0.38023683428764343
0.3030581772327423
-0.3854069113731384
0.29800117015838623
-0.3940509855747223
0.294711709022522
-0.39932340383529663
0.29067984223365784
-0.4061121940612793
0.28868910670280457
-0.412977933883667
0.2840554714202881
-0.41977399587631226
0.2843838632106781
-0.42468953132629395
0.2801304757595062
-0.43395206332206726
0.27441808581352234
-0.4452931582927704
0.2701815068721771
-0.4551391303539276
0.26772165298461914
-0.46337100863456726
0.2666657269001007
-0.47187814116477966
0.26299187541007996
-0.4825383126735687
0.259991317987442
-0.4931803047657013
0.25566887855529785
-0.5022975206375122
0.25401556491851807
-0.5122837424278259
0.25687581300735474
-0.5171966552734375
0.2569241523742676
-0.5261574387550354
0.25417712330818176
-0.5464195609092712
0.2525797486305237
-0.5562314391136169
0.2531505227088928
-0.5724357962608337
0.25432848930358887
-0.5783034563064575
0.24985645711421967
-0.593517005443573
0.2502363622188568
-0.6068007349967957
0.25104478001594543
-0.6206626892089844
0.25162622332572937
-0.6296312808990479
0.25098752975463867
-0.6412317752838135
0.24942460656166077
-0.6574429273605347
0.2502495348453522
-0.6664614677429199
0.2549339234828949
-0.6732422709465027
0.25311896204948425
-0.6870613694190979
0.2556282579898834
-0.6969512701034546
0.24908939003944397
-0.7017610669136047
0.24750733375549316
-0.7156789302825928
0.253772497177124
-0.7300770878791809
0.257910817861557
-0.7404016852378845
0.25705891847610474
-0.7516940832138062
0.2581592798233032
-0.7608054280281067
0.25663667917251587
-0.7680162191390991
0.25905531644821167
-0.76694256067276
0.2546532452106476
-0.7768683433532715
0.2568531632423401
-0.7945165038108826
0.2559351921081543
-0.7998773455619812
0.2545866370201111
-0.8043844103813171
0.25557681918144226
-0.8219630122184753
0.2619369328022003
-0.826617956161499
0.2592563033103943
-0.8379169702529907
0.25737231969833374
-0.8486215472221375
0.2500143349170685
-0.8544034957885742
0.2532247006893158
-0.8642582893371582
0.2611638903617859
-0.8659974932670593
0.2652851343154907
-0.8765159249305725
0.2586010992527008
-0.8870550990104675
0.2593492567539215
-0.8992835879325867
0.26966995000839233
-0.9126216769218445
0.26703354716300964
-0.9264138340950012
0.26989778876304626
-0.9388874769210815
0.27132636308670044
-0.9499564170837402
0.28000134229660034
-0.9607012271881104
0.29070788621902466
-0.9727690815925598
0.2999945282936096
-0.9832401871681213
0.30427899956703186
-0.9988214373588562
0.3082638084888458
-0.9999737739562988
0.31207528710365295
-1.0149692296981812
0.32048138976097107
-1.0220383405685425
0.3355068564414978
-1.0547915697097778
0.3470939099788666
-1.0714526176452637
0.3547106385231018
-1.0655999183654785
0.3682418465614319
-1.0729206800460815
0.37841707468032837
-1.0790090560913086
0.39704862236976624
-1.0857429504394531
0.4141606092453003
-1.0925374031066895
0.4264700710773468
-1.099454402923584
0.4453582465648651
-1.1080974340438843
0.45241889357566833
-1.1105077266693115
0.465861976146698
-1.1177581548690796
0.4902614653110504
-1.1248595714569092
0.492086797952652
-1.125288486480713
0.5067373514175415
-1.125497579574585
0.522489070892334
-1.129747748374939
0.5376015305519104
-1.1311341524124146
0.562035083770752
-1.1424510478973389
0.5757871270179749
-1.1462831497192383
0.5986742377281189
-1.1486079692840576
0.6087092757225037
-1.150635838508606
0.6304624676704407
-1.1607592105865479
0.6449624300003052
-1.172806978225708
0.6607541441917419
-1.1730031967163086
0.6684941649436951
-1.1905194520950317
0.6858360767364502
-1.1966431140899658
0.6904124021530151
-1.1923346519470215
0.7100032567977905
-1.1913840770721436
0.7258140444755554
-1.1969791650772095
0.7347022294998169
-1.207773208618164
0.7471204400062561
-1.2226792573928833
0.754118800163269
-1.2264515161514282
0.7698954939842224
-1.222510814666748
0.7885175347328186
-1.2255592346191406
0.793157160282135
-1.2479162216186523
0.8017093539237976
-1.2592041492462158
0.813129723072052
-1.2658178806304932
0.8217714428901672
-1.27250075340271
0.8335278630256653
-1.27900230884552
0.8422988653182983
-1.2831079959869385
0.8628460168838501
-1.2857414484024048
0.871849000453949
-1.3077776432037354
0.8777720928192139
-1.3005659580230713
0.8864317536354065
-1.3205722570419312
0.8917118310928345
-1.325760841369629
0.905680775642395
-1.3304179906845093
0.9166282415390015
-1.343284249305725
0.9217904210090637
-1.33843994140625
0.9365035891532898
-1.3375197649002075
0.9509851932525635
-1.3365622758865356
0.9560199975967407
-1.3525997400283813
0.9721626043319702
-1.3683394193649292
0.9877811670303345
-1.3698678016662598
1.0032446384429932
-1.371137022972107
1.02152681350708
-1.3732326030731201
1.033750295639038
-1.3654848337173462
1.0400593280792236
-1.3737863302230835
1.0557405948638916
-1.372849941253662
1.082829236984253
-1.3699241876602173
1.0977840423583984
-1.3673763275146484
1.1109378337860107
-1.362975001335144
1.1402673721313477
-1.3631701469421387
1.1679924726486206
-1.3550028800964355
1.1655925512313843
-1.3621208667755127
1.1809284687042236
-1.3527189493179321
1.205133080482483
-1.3477269411087036
1.213996410369873
-1.3595904111862183
1.2472362518310547
-1.342525601387024
1.2600972652435303
-1.338497281074524
1.2722203731536865
-1.33566415309906
1.2852147817611694
-1.353538155555725
1.2946867942810059
-1.3336771726608276
1.305656909942627
-1.325238823890686
1.3135099411010742
-1.337021827697754
1.3280507326126099
-1.3256375789642334
1.3401378393173218
-1.3187174797058105
1.3575650453567505
-1.3112871646881104
1.363872766494751
-1.3319088220596313
1.379425287246704
-1.3132779598236084
1.391884446144104
-1.3080180883407593
1.4072351455688477
-1.3029271364212036
1.428831934928894
-1.2968376874923706
1.4349122047424316
-1.2935655117034912
1.440129280090332
-1.290576457977295
1.4434449672698975
-1.3096693754196167
1.4693561792373657
-1.2911427021026611
1.471057653427124
-1.2888360023498535
1.4799481630325317
-1.284801959991455
1.489111304283142
-1.2812583446502686
1.4906617403030396
-1.2813042402267456
1.5042403936386108
-1.2793325185775757
1.5166065692901611
-1.2748786211013794
1.525193214416504
-1.2704957723617554
1.52996027469635
-1.2705973386764526
1.5383427143096924
-1.2658377885818481
1.543034315109253
-1.2948592901229858
1.5511685609817505
-1.3080551624298096
1.5641624927520752
-1.271022081375122
1.5719741582870483
-1.2660045623779297
1.5804551839828491
-1.2588893175125122
1.5879026651382446
-1.2536050081253052
1.5917930603027344
-1.2503001689910889
1.6004003286361694
-1.2490755319595337
1.6086854934692383
-1.2417266368865967
1.6092268228530884
-1.2536425590515137
1.6161490678787231
-1.2479504346847534
1.625603437423706
-1.2343628406524658
1.6346684694290161
-1.2249302864074707
1.6430389881134033
-1.2170894145965576
1.65290105342865
-1.2073947191238403
1.6662676334381104
-1.1957896947860718
1.6750468015670776
-1.1927250623703003
1.6802188158035278
-1.1866873502731323
1.695027232170105
-1.1851527690887451
1.6999634504318237
-1.1793057918548584
1.7286697626113892
-1.1547969579696655
1.7198796272277832
-1.1581438779830933
1.7464098930358887
-1.1374411582946777
1.7342404127120972
-1.148788571357727
1.7363321781158447
-1.1440917253494263
1.7444462776184082
-1.1378213167190552
1.7493515014648438
-1.1319705247879028
1.7522246837615967
-1.124431848526001
1.7585890293121338
-1.116302251815796
1.761875033378601
-1.1095794439315796
1.7710161209106445
-1.1050360202789307
1.7736892700195312
-1.099940299987793
1.7797046899795532
-1.0905919075012207
1.782312035560608
-1.083126425743103
1.7844953536987305
-1.0787749290466309
1.7899638414382935
-1.0756263732910156
1.7919858694076538
-1.0679922103881836
1.8032679557800293
-1.0571234226226807
1.8050013780593872
-1.0490432977676392
1.7906806468963623
-1.0694568157196045
1.7920275926589966
-1.060133457183838
1.8235156536102295
-1.0307588577270508
1.8142530918121338
-1.031563401222229
1.8099944591522217
-1.026615858078003
1.80942702293396
-1.032810926437378
1.8114030361175537
-1.017059564590454
1.8117250204086304
-1.0077136754989624
1.8153716325759888
-1.0045130252838135
1.8061277866363525
-1.0232727527618408
1.8384358882904053
-0.9814292788505554
1.8368865251541138
-0.9709308743476868
1.8305014371871948
-0.9710975885391235
1.8242267370224
-0.9502097964286804
1.8197892904281616
-0.9811506867408752
1.8231111764907837
-0.9438173174858093
1.819505214691162
-0.9648627638816833
1.8154354095458984
-0.9535475373268127
1.8156194686889648
-0.9569225311279297
1.8107143640518188
-0.9455629587173462
1.8055483102798462
-0.9342238306999207
1.813798189163208
-0.9020199179649353
1.8113807439804077
-0.881060779094696
1.8122763633728027
-0.8731633424758911
1.8040332794189453
-0.8421273827552795
1.8018487691879272
-0.8383238315582275
1.7939026355743408
-0.8199006915092468
1.7846962213516235
-0.8105472326278687
1.7711236476898193
-0.819969654083252
1.7611459493637085
-0.811893105506897
1.7622946500778198
-0.7958460450172424
1.7532380819320679
-0.778642475605011
1.7442102432250977
-0.7623385787010193
1.7330384254455566
-0.7520261406898499
1.7252806425094604
-0.752708911895752
1.7151979207992554
-0.7462431192398071
1.701018214225769
-0.7327656149864197
1.6802064180374146
-0.7381182909011841
1.6714091300964355
-0.7319332957267761
1.6583980321884155
-0.72427898645401
1.6541141271591187
-0.7048320770263672
1.645298719406128
-0.6908668279647827
1.6304446458816528
-0.7043085098266602
1.6171481609344482
-0.6988884806632996
1.609305739402771
-0.692249596118927
1.6101627349853516
-0.6720894575119019
1.6024495363235474
-0.6652559041976929
1.6024203300476074
-0.655510663986206
1.59536612033844
-0.6478522419929504
1.591118574142456
-0.6494830250740051
1.5782358646392822
-0.6654184460639954
1.574373483657837
-0.672969400882721
1.5666875839233398
-0.6349753141403198
1.5646437406539917
-0.6226720213890076
1.5649936199188232
-0.5963096022605896
1.5556023120880127
-0.6274546980857849
1.5411200523376465
-0.6181735992431641
1.5361665487289429
-0.6095856428146362
1.5407546758651733
-0.5937706828117371
1.535744071006775
-0.5851346850395203
1.5401360988616943
-0.5823521614074707
1.534177541732788
-0.568615198135376
1.5287646055221558
-0.5599807500839233
1.5235484838485718
-0.5439198613166809
1.5112550258636475
-0.5450390577316284
1.5054763555526733
-0.5367719531059265
1.5081117153167725
-0.5242252945899963
1.505638599395752
-0.5015467405319214
1.5016497373580933
-0.49533799290657043
1.4965492486953735
-0.4898304045200348
1.4892014265060425
-0.46798160672187805
1.482045292854309
-0.46044400334358215
1.4729633331298828
-0.4454629421234131
1.4705449342727661
-0.43179917335510254
1.4630873203277588
-0.4299631118774414
1.4552704095840454
-0.4232439398765564
1.441180944442749
-0.43328264355659485
1.4414112567901611
-0.4226287603378296
1.4333791732788086
-0.4162994921207428
1.427258849143982
-0.38894161581993103
1.4192214012145996
-0.3830268085002899
1.4237414598464966
-0.3955693244934082
1.412290096282959
-0.38464200496673584
1.4041814804077148
-0.37840983271598816
1.3971558809280396
-0.39495420455932617
1.3862037658691406
-0.35305243730545044
1.385947823524475
-0.3866426646709442
1.3775297403335571
-0.3808841407299042
1.3580342531204224
-0.35755684971809387
1.3468085527420044
-0.35252732038497925
1.3391563892364502
-0.3468630611896515
1.3391226530075073
-0.34588247537612915
1.3341313600540161
-0.33045145869255066
1.3215290307998657
-0.31947383284568787
1.3126606941223145
-0.318164587020874
1.2990258932113647
-0.3013618588447571
1.292147159576416
-0.29574906826019287
1.2859939336776733
-0.29553237557411194
1.275174856185913
-0.2976200580596924
1.2705118656158447
-0.28351089358329773
1.2644762992858887
-0.2828972339630127
1.257200002670288
-0.2676588296890259
1.2516703605651855
-0.2812599837779999
1.2461165189743042
-0.28337422013282776
1.2401164770126343
-0.2767432928085327
1.239179253578186
-0.26942723989486694
1.2332448959350586
-0.2626248598098755
1.231993317604065
-0.24477358162403107
1.222564935684204
-0.25065937638282776
1.2166372537612915
-0.2438231110572815
1.2106267213821411
-0.23702925443649292
1.2080873250961304
-0.22784379124641418
1.2019771337509155
-0.2210582196712494
1.1992777585983276
-0.21014533936977386
1.1839160919189453
-0.19428622722625732
1.1736654043197632
-0.1835433542728424
1.1672883033752441
-0.17735806107521057
1.1700890064239502
-0.17409060895442963
1.1627789735794067
-0.1681026667356491
1.1556692123413086
-0.16233600676059723
1.1741352081298828
-0.1774235963821411
1.1532621383666992
-0.15541662275791168
1.140318512916565
-0.12787127494812012
1.1324819326400757
-0.12285556644201279
1.1289043426513672
-0.12981046736240387
1.1247104406356812
-0.10531231015920639
1.1141499280929565
-0.10387060791254044
1.1060926914215088
-0.09932059794664383
1.0992612838745117
-0.0886242464184761
1.1008726358413696
-0.08807135373353958
1.0923361778259277
-0.08414378017187119
1.1042323112487793
-0.05645376071333885
1.0952175855636597
-0.052277952432632446
1.0803184509277344
-0.06401991099119186
1.073559284210205
-0.07959836721420288
1.0648375749588013
-0.07554888725280762
1.0519360303878784
-0.06942297518253326
1.0448976755142212
-0.07018247246742249
1.0376555919647217
-0.07300946116447449
1.0293183326721191
-0.06877154111862183
1.0286117792129517
-0.06497356295585632
1.015223741531372
-0.058280859142541885
1.0088247060775757
-0.05708453431725502
0.998908519744873
-0.05150092393159866
0.9884095788002014
-0.04590499773621559
0.9728595018386841
-0.03675835579633713
0.9574693441390991
-0.02541240304708481
0.9399646520614624
-0.009087125770747662
0.9342976808547974
0.00459296815097332
0.9233554005622864
0.007029225118458271
0.9170423746109009
0.011004576459527016
0.9107826948165894
0.008787274360656738
0.8991891741752625
0.019856443628668785
0.8942040801048279
0.01479159202426672
0.8829936385154724
0.032104793936014175
0.8768722414970398
0.03654318302869797
0.871807873249054
0.04363697022199631
0.8710767030715942
0.036240462213754654
0.8667156100273132
0.03588036820292473
0.8653956055641174
0.035070449113845825
0.8604779839515686
0.03880777582526207
0.8538038730621338
0.04351720213890076
0.8471820950508118
0.04820151627063751
0.8568675518035889
0.043061673641204834
0.8494120240211487
0.048317864537239075
0.8421185612678528
0.0536518469452858
0.8392308354377747
0.05838697403669357
0.8275116086006165
0.07902000844478607
0.8260778188705444
0.06842900812625885
0.8259653449058533
0.06816646456718445
0.8206331133842468
0.07138266414403915
0.8103674054145813
0.0846511498093605
0.8032098412513733
0.08978825062513351
0.796116828918457
0.09487958252429962
0.7879214882850647
0.09708006680011749
0.7809786796569824
0.10229171067476273
0.7781085968017578
0.10576567053794861
0.7626408934593201
0.12200286984443665
0.7560027837753296
0.13151279091835022
0.7523288726806641
0.12630245089530945
0.7502841949462891
0.1308733969926834
0.7438265085220337
0.13654854893684387
0.7318073511123657
0.14437945187091827
0.7183224558830261
0.1622796356678009
0.712267279624939
0.16736961901187897
0.690964937210083
0.19099847972393036
0.6644142270088196
0.21473519504070282
0.6606324315071106
0.21881453692913055
0.6563597321510315
0.2430291473865509
0.6430339217185974
0.24082481861114502
0.6265382766723633
0.24785754084587097
0.6215330362319946
0.25174957513809204
0.616401195526123
0.25435972213745117
0.609030544757843
0.2602723240852356
0.6040852665901184
0.2642333209514618
0.6029926538467407
0.25826388597488403
0.5939767360687256
0.2692077159881592
0.5900495052337646
0.26358285546302795
0.5899457335472107
0.2727261781692505
0.5797834396362305
0.28156906366348267
0.5852784514427185
0.2800670564174652
0.580225944519043
0.27877286076545715
0.574938178062439
0.283314973115921
0.5722268223762512
0.2830870747566223
0.5702871084213257
0.2965385913848877
0.573058545589447
0.2939862310886383
0.563003420829773
0.2840757668018341
0.5623782873153687
0.28834372758865356
0.5581559538841248
0.2972324788570404
0.5538113713264465
0.3035721778869629
0.5517399311065674
0.305926650762558
0.5456323623657227
0.30413419008255005
0.5405990481376648
0.3063235282897949
0.5343436598777771
0.3242151141166687
0.5274673104286194
0.3269858658313751
0.5219905376434326
0.3322742283344269
0.516549825668335
0.3375733494758606
0.5155913829803467
0.3491041362285614
0.5110275149345398
0.35366711020469666
0.4986501634120941
0.35345494747161865
0.4935135841369629
0.3698054552078247
0.48443862795829773
0.3697569966316223
0.4793205261230469
0.3750366270542145
0.48104703426361084
0.3780633211135864
0.47463858127593994
0.3764224946498871
0.47086575627326965
0.37991321086883545
0.46115267276763916
0.3922688663005829
0.463225781917572
0.38844752311706543
0.45484983921051025
0.41373762488365173
0.451973557472229
0.4078305959701538
0.4414137899875641
0.42255669832229614
0.43672165274620056
0.4281758666038513
0.4301657974720001
0.43421363830566406
0.4291643500328064
0.448886513710022
0.4193081557750702
0.45102566480636597
0.4147457778453827
0.45654499530792236
0.41136547923088074
0.4554550349712372
0.406762957572937
0.4609234929084778
0.4022238850593567
0.4664197564125061
0.403956800699234
0.4767228960990906
0.3949665427207947
0.47779926657676697
0.39044487476348877
0.4830121695995331
0.3826718032360077
0.4905143976211548
0.377800852060318
0.5103029012680054
0.3664071261882782
0.5244055986404419
0.3565048575401306
0.530597984790802
0.36128953099250793
0.5357074737548828
0.35708385705947876
0.5405341386795044
0.3435158431529999
0.5447008609771729
0.3394882082939148
0.5492662787437439
0.33497095108032227
0.5489247441291809
0.3310612738132477
0.5534876585006714
0.317661315202713
0.5608652234077454
0.3129679262638092
0.5711171627044678
0.32057347893714905
0.5786600708961487
0.3126492500305176
0.5933141708374023
0.302659273147583
0.5924450755119324
0.29227006435394287
0.607908308506012
0.2937813699245453
0.6162117719650269
0.2906094193458557
0.6212339401245117
0.2907868027687073
0.617522656917572
0.2808712422847748
0.6089375019073486
0.2753235399723053
0.6112644076347351
0.2681073844432831
0.6324262022972107
0.26410454511642456
0.6423167586326599
0.26809945702552795
0.6252862215042114
0.25681889057159424
0.6316678524017334
0.2547261714935303
0.6379958391189575
0.2431270033121109
0.6312307119369507
0.2480369359254837
0.6377308368682861
0.24817818403244019
0.6437088847160339
0.23776587843894958
0.6423488259315491
0.24097804725170135
0.6552214026451111
0.23742559552192688
0.6651758551597595
0.23619984090328217
0.6724193692207336
0.24358373880386353
0.6867201924324036
0.23461131751537323
0.6838826537132263
0.22150027751922607
0.6812157034873962
0.22082072496414185
0.6890055537223816
0.22848232090473175
0.7042185068130493
0.22834338247776031
0.7123497128486633
0.21849805116653442
0.7122297883033752
0.22595787048339844
0.7224775552749634
0.2243298441171646
0.7541738748550415
0.22870288789272308
0.7526522278785706
0.221967414021492
0.7632724642753601
0.22397401928901672
0.7725214958190918
0.22080014646053314
0.7849872708320618
0.2198808342218399
0.8035174012184143
0.22321665287017822
0.8130645751953125
0.23371537029743195
0.8116277456283569
0.23778007924556732
0.8212078213691711
0.23712913691997528
0.8523955941200256
0.24636287987232208
0.8640455603599548
0.2513364255428314
0.8732072710990906
0.2566751539707184
0.8825602531433105
0.2593744695186615
0.8922901153564453
0.25323525071144104
0.8873489499092102
0.24202370643615723
0.8809178471565247
0.2573748826980591
0.8993349671363831
0.266358882188797
0.9123806953430176
0.2729611396789551
0.9220349192619324
0.28586164116859436
0.946230947971344
0.3011493384838104
0.9732480645179749
0.3083976209163666
0.9821428060531616
0.31859511137008667
0.9829928278923035
0.3337399661540985
1.0115456581115723
0.34645530581474304
1.0189025402069092
0.3454068899154663
1.019014596939087
0.35560497641563416
1.0327640771865845
0.36327654123306274
1.0412497520446777
0.3635534644126892
1.0344644784927368
0.37824884057044983
1.0402069091796875
0.3933643102645874
1.0616792440414429
0.4055559039115906
1.0663985013961792
0.4042046070098877
1.0769095420837402
0.41284671425819397
1.0850218534469604
0.4256215989589691
1.1049636602401733
0.43183961510658264
1.1031455993652344
0.44058093428611755
1.1112827062606812
0.4514734148979187
1.0920714139938354
0.4605463743209839
1.1003233194351196
0.4566410481929779
1.113817572593689
0.4603448510169983
1.1100035905838013
0.4766676723957062
1.1403878927230835
0.48583224415779114
1.1484731435775757
0.494467169046402
1.1633309125900269
0.5040620565414429
1.1716903448104858
0.5071628093719482
1.1551322937011719
0.5147150754928589
1.1569151878356934
0.5255634784698486
1.165271520614624
0.5470873713493347
1.1840448379516602
0.5519000291824341
1.185349464416504
0.5678802132606506
1.2019294500350952
0.5791987776756287
1.2092101573944092
0.590827226638794
1.2164369821548462
0.5869563221931458
1.2193636894226074
0.5954331755638123
1.219089150428772
0.608581006526947
1.225409746170044
0.6240437626838684
1.243226170539856
0.6376798748970032
1.248596429824829
0.6467523574829102
1.248218059539795
0.658306360244751
1.248676061630249
0.6770399808883667
1.2590214014053345
0.685946524143219
1.2578158378601074
0.6972620487213135
1.2632728815078735
0.715894877910614
1.2855277061462402
0.7192190289497375
1.2726750373840332
0.7333056926727295
1.277339220046997
0.7559714317321777
1.2952561378479004
0.766481876373291
1.2834060192108154
0.78028404712677
1.2764508724212646
0.7951102256774902
1.2717485427856445
0.809944748878479
1.2915775775909424
0.8297358155250549
1.2656192779541016
0.8442644476890564
1.2684872150421143
0.8667632341384888
1.3023992776870728
0.869605302810669
1.2880539894104004
0.8881186842918396
1.287699818611145
0.9017820954322815
1.3015961647033691
0.9160558581352234
1.3041194677352905
0.9302758574485779
1.306462049484253
0.9311930537223816
1.295863389968872
0.9436875581741333
1.2925324440002441
0.9655852913856506
1.2923698425292969
0.9850298762321472
1.2957885265350342
1.0121827125549316
1.2944562435150146
1.029136300086975
1.2957656383514404
1.0433876514434814
1.298068881034851
1.0564831495285034
1.300142765045166
1.0783950090408325
1.302150845527649
1.0921878814697266
1.3058031797409058
1.1047849655151367
1.3075276613235474
1.1258442401885986
1.3108816146850586
1.1064730882644653
1.3168294429779053
1.124989628791809
1.3217873573303223
1.1439825296401978
1.3235688209533691
1.1581979990005493
1.328872799873352
1.1808146238327026
1.3382971286773682
1.18623948097229
1.336933970451355
1.199014663696289
1.3366397619247437
1.2222543954849243
1.3725944757461548
1.2467807531356812
1.3585182428359985
1.2586860656738281
1.3571531772613525
1.2704061269760132
1.3556256294250488
1.2822339534759521
1.349274754524231
1.293874740600586
1.3470083475112915
1.272595763206482
1.344854712486267
1.3018192052841187
1.340110421180725
1.2965431213378906
1.3422801494598389
1.3110626935958862
1.3308178186416626
1.3254764080047607
1.3243476152420044
1.3372818231582642
1.3201481103897095
1.3488093614578247
1.3159244060516357
1.3600687980651855
1.311662197113037
1.3633708953857422
1.3502012491226196
1.3789159059524536
1.3521745204925537
1.3918079137802124
1.3498872518539429
1.3986939191818237
1.3321754932403564
1.4139703512191772
1.302452802658081
1.4244544506072998
1.2973482608795166
1.463848352432251
1.284767746925354
1.4575326442718506
1.2791552543640137
1.4669392108917236
1.2680370807647705
1.4710423946380615
1.2621864080429077
1.4827090501785278
1.2533233165740967
1.4916799068450928
1.2477790117263794
1.5259593725204468
1.2469643354415894
1.5340896844863892
1.2419787645339966
1.5324244499206543
1.2314428091049194
1.5405421257019043
1.221323847770691
1.518245816230774
1.2110888957977295
1.537217378616333
1.2134432792663574
1.5453879833221436
1.207693338394165
1.5916333198547363
1.2001012563705444
1.5613280534744263
1.189379096031189
1.5688655376434326
1.183760166168213
1.5815677642822266
1.1876479387283325
1.5888125896453857
1.1821178197860718
1.634843349456787
1.1731034517288208
1.6642054319381714
1.1583540439605713
1.6791175603866577
1.1491276025772095
1.6840927600860596
1.1449332237243652
1.696196436882019
1.1370930671691895
1.6472126245498657
1.128536581993103
1.6537929773330688
1.1227173805236816
1.6680430173873901
1.1205483675003052
1.6783617734909058
1.1148911714553833
1.7150148153305054
1.1076256036758423
1.7329838275909424
1.1034098863601685
1.7426573038101196
1.1003652811050415
1.74638032913208
1.0966614484786987
1.7142585515975952
1.111127495765686
1.7116960287094116
1.1021394729614258
1.716091513633728
1.097354531288147
1.7470041513442993
1.089246392250061
1.7337448596954346
1.0872995853424072
1.7310901880264282
1.0838998556137085
1.735024094581604
1.0785683393478394
1.7388790845870972
1.073024034500122
1.7507208585739136
1.074255108833313
1.7807575464248657
1.0638128519058228
1.7662571668624878
1.0617395639419556
1.7693363428115845
1.0558394193649292
1.7723954916000366
1.0495322942733765
1.7654770612716675
1.05495023727417
1.7671266794204712
1.0481151342391968
1.8050304651260376
1.035860300064087
1.8212982416152954
1.0301049947738647
1.8234578371047974
1.0234038829803467
1.8308918476104736
1.0189251899719238
1.7991275787353516
1.0272516012191772
1.8008413314819336
1.0194493532180786
1.7895125150680542
1.0215506553649902
1.836948037147522
0.998848557472229
1.8136742115020752
0.9947393536567688
1.8143949508666992
0.9860153198242188
1.8030078411102295
0.9880580902099609
1.8052273988723755
0.9769510626792908
1.804887056350708
0.9672192931175232
1.8026492595672607
0.9734119772911072
1.80084228515625
0.9900001883506775
1.799700140953064
0.9798383116722107
1.8087481260299683
0.9435007572174072
1.8036539554595947
0.9507821798324585
1.8008053302764893
0.9401163458824158
1.7976493835449219
0.9292959570884705
1.7942270040512085
0.9184102416038513
1.8068166971206665
0.8993682861328125
1.802470088005066
0.8797030448913574
1.7969467639923096
0.8690702319145203
1.7571477890014648
0.8683704137802124
1.7699952125549316
0.8583195805549622
1.7742698192596436
0.8489008545875549
1.7747325897216797
0.8353554010391235
1.7713936567306519
0.8266692161560059
1.7641658782958984
0.8168036937713623
1.757935881614685
0.8085812330245972
1.7682185173034668
0.7974193692207336
1.7599040269851685
0.7880430221557617
1.7442656755447388
0.7716566920280457
1.7326972484588623
0.7714293599128723
1.7562402486801147
0.7613329291343689
1.7345044612884521
0.7530885934829712
1.7135858535766602
0.7453139424324036
1.7033779621124268
0.733874499797821
1.6939445734024048
0.7251598834991455
1.6803966760635376
0.7218375205993652
1.674430251121521
0.7137490510940552
1.6623600721359253
0.7076442241668701
1.6588000059127808
0.6998488903045654
1.6474064588546753
0.6950741410255432
1.6414661407470703
0.6812854409217834
1.6332539319992065
0.6810011267662048
1.6540101766586304
0.6698998212814331
1.628217101097107
0.6608319282531738
1.6200543642044067
0.6536868810653687
1.612092137336731
0.6466609835624695
1.5904535055160522
0.6359440088272095
1.5832005739212036
0.628793478012085
1.5685209035873413
0.6268913745880127
1.555651068687439
0.6179932951927185
1.5419607162475586
0.6091104745864868
1.5426627397537231
0.6087241172790527
1.5351130962371826
0.602114200592041
1.518686294555664
0.6001067757606506
1.5430691242218018
0.5950943827629089
1.524307370185852
0.5839381217956543
1.518491268157959
0.576219916343689
1.4975309371948242
0.5724130868911743
1.5080188512802124
0.5739167928695679
1.5024220943450928
0.5661171078681946
1.5013889074325562
0.561677098274231
1.4957188367843628
0.5538100004196167
1.4921185970306396
0.5508490800857544
1.4743903875350952
0.5489753484725952
1.4802038669586182
0.5417010188102722
1.4928213357925415
0.5355710983276367
1.4814295768737793
0.530411422252655
1.4613494873046875
0.5257282853126526
1.457329273223877
0.5212146639823914
1.4730538129806519
0.514746904373169
1.4495670795440674
0.520939290523529
1.4569770097732544
0.49770742654800415
1.4443811178207397
0.4876578748226166
1.438999056816101
0.47954919934272766
1.4434428215026855
0.46705538034439087
1.4146841764450073
0.47747835516929626
1.4109184741973877
0.45491448044776917
1.3936712741851807
0.43900805711746216
1.3936543464660645
0.42422690987586975
1.3885812759399414
0.4123198688030243
1.374756932258606
0.3991035521030426
1.3686645030975342
0.3923344314098358
1.3709654808044434
0.3866349756717682
1.3631134033203125
0.37705162167549133
1.356427550315857
0.37062305212020874
1.3502815961837769
0.36329978704452515
1.3416600227355957
0.3526780903339386
1.3356183767318726
0.348471075296402
1.3286381959915161
0.34255683422088623
1.3242149353027344
0.33693408966064453
1.3178907632827759
0.3558126389980316
1.3142977952957153
0.33507204055786133
1.3049980401992798
0.3421177566051483
1.3044710159301758
0.3256896734237671
1.297012448310852
0.32006317377090454
1.29245924949646
0.3177534341812134
1.290568470954895
0.3362032473087311
1.2827869653701782
0.33057063817977905
1.277416706085205
0.3122415542602539
1.276268720626831
0.30510565638542175
1.261652946472168
0.3060661256313324
1.2586853504180908
0.2970275282859802
1.2509998083114624
0.29139623045921326
1.245039701461792
0.2838146686553955
1.2338720560073853
0.2973647117614746
1.2262282371520996
0.2915194034576416
1.2189757823944092
0.28596675395965576
1.2103339433670044
0.2671676576137543
1.2030571699142456
0.26152175664901733
1.1868408918380737
0.2765505909919739
1.1797653436660767
0.2710072994232178
1.1695058345794678
0.26433607935905457
1.1657207012176514
0.24481776356697083
1.1525468826293945
0.24224218726158142
1.1500864028930664
0.23184646666049957
1.1392019987106323
0.22152428328990936
1.1325204372406006
0.21620112657546997
1.113258957862854
0.21545985341072083
1.106996774673462
0.21019567549228668
1.1013189554214478
0.18941883742809296
1.0950292348861694
0.18432869017124176
1.0825997591018677
0.1910080909729004
1.0783792734146118
0.1764480024576187
1.071706771850586
0.16845738887786865
1.0645580291748047
0.16318917274475098
1.058450698852539
0.15813608467578888
1.0500962734222412
0.1693892478942871
1.0468391180038452
0.17247425019741058
1.040812373161316
0.1670641154050827
1.0347892045974731
0.16375732421875
1.0464506149291992
0.18340352177619934
1.0322874784469604
0.15171119570732117
1.0214520692825317
0.13378548622131348
1.018955111503601
0.1244853213429451
1.0137649774551392
0.12402123212814331
1.007301926612854
0.11861926317214966
1.0000481605529785
0.12682779133319855
0.9917169809341431
0.12633298337459564
0.9857061505317688
0.12107894569635391
0.9876906275749207
0.11197474598884583
0.9816496968269348
0.1071496531367302
0.9744465351104736
0.1067461222410202
0.9767739772796631
0.09163913875818253
0.9709744453430176
0.09041997045278549
0.9786133766174316
0.12056223303079605
0.9600550532341003
0.10189574211835861
