-0.5724818706512451
-1.0203465223312378
-0.5728030204772949
-1.0245469808578491
-0.580464780330658
-1.011852741241455
-0.5712154507637024
-1.019511103630066
-0.5723512172698975
-1.0228532552719116
-0.5618194937705994
-1.0251398086547852
-0.5764014720916748
-1.0125547647476196
-0.5846072435379028
-1.0156742334365845
-0.5819131731987
-1.014419436454773
-0.5809890031814575
-1.014235019683838
-0.5806969404220581
-1.0123069286346436
-0.5861904621124268
-1.0154112577438354
-0.5874401330947876
-1.0188592672348022
-0.5832571983337402
-1.0163586139678955
-0.5844935178756714
-1.0088939666748047
-0.5822418928146362
-1.0128400325775146
-0.5815654397010803
-1.0128344297409058
-0.5829089879989624
-1.0164926052093506
-0.571919322013855
-1.0204858779907227
-0.573259711265564
-1.0242445468902588
-0.584165096282959
-1.0222079753875732
-0.5826618075370789
-1.017496109008789
-0.5787856578826904
-1.025468349456787
-0.5723441243171692
-1.0253174304962158
-0.5706946849822998
-1.0242997407913208
-0.5703362226486206
-1.0267596244812012
-0.5716962814331055
-1.030690312385559
-0.5656472444534302
-1.0300142765045166
-0.5669763088226318
-1.0340349674224854
-0.5689817070960999
-1.0302199125289917
-0.5689846873283386
-1.029371976852417
-0.5797550678253174
-1.0275545120239258
-0.5744220614433289
-1.0319019556045532
-0.5759142637252808
-1.0359960794448853
-0.5774499773979187
-1.0395580530166626
-0.585771381855011
-1.0373042821884155
-0.5846725702285767
-1.0434181690216064
-0.5863551497459412
-1.0475032329559326
-0.5904425978660583
-1.042618751525879
-0.5808809995651245
-1.0553231239318848
-0.5827108025550842
-1.0595026016235352
-0.5902496576309204
-1.0565615892410278
-0.5999400615692139
-1.0626298189163208
-0.5916441679000854
-1.073300838470459
-0.5938301086425781
-1.0774028301239014
-0.5996552109718323
-1.0832182168960571
-0.6019505858421326
-1.087189793586731
-0.5975365042686462
-1.0978325605392456
-0.6000258922576904
-1.1018434762954712
-0.6104112863540649
-1.1047217845916748
-0.6131083369255066
-1.1084513664245605
-0.6158420443534851
-1.112191915512085
-0.6177088022232056
-1.126191258430481
-0.6206142902374268
-1.129784107208252
-0.6349430084228516
-1.1369214057922363
-0.6386486291885376
-1.1325634717941284
-0.6416230201721191
-1.1358987092971802
-0.6445960402488708
-1.139236330986023
-0.6437681317329407
-1.1529569625854492
-0.6468867659568787
-1.156166911125183
-0.6355365514755249
-1.1764261722564697
-0.643740713596344
-1.1848621368408203
-0.646960437297821
-1.1879745721817017
-0.6485661864280701
-1.1924058198928833
-0.6518030166625977
-1.195572853088379
-0.6587911248207092
-1.2019338607788086
-0.6620757579803467
-1.2048213481903076
-0.6733115315437317
-1.2095293998718262
-0.6765937209129333
-1.2122387886047363
-0.692082405090332
-1.212559700012207
-0.68625807762146
-1.2192116975784302
-0.7154671549797058
-1.224194884300232
-0.7182081937789917
-1.226313591003418
-0.7270606160163879
-1.2311654090881348
-0.7136484980583191
-1.2399438619613647
-0.7169512510299683
-1.2424700260162354
-0.7310415506362915
-1.2423721551895142
-0.7337015271186829
-1.2413805723190308
-0.7366871237754822
-1.2435970306396484
-0.7294554114341736
-1.2530817985534668
-0.724966824054718
-1.2493690252304077
-0.7282741665840149
-1.2517708539962769
-0.7436635494232178
-1.248313307762146
-0.7466566562652588
-1.2505437135696411
-0.7558358907699585
-1.2540340423583984
-0.7439222931861877
-1.2612593173980713
-0.7363173961639404
-1.2634519338607788
-0.7396175265312195
-1.265994906425476
-0.7553310394287109
-1.2598189115524292
-0.7585004568099976
-1.2621345520019531
-0.7520678043365479
-1.2668330669403076
-0.7674216032028198
-1.262829303741455
-0.7552443742752075
-1.2669674158096313
-0.7585693001747131
-1.2695592641830444
-0.7746919393539429
-1.2686363458633423
-0.7534804344177246
-1.2749133110046387
-0.7494363784790039
-1.2736793756484985
-0.7528917789459229
-1.27657949924469
-0.7864469289779663
-1.2592192888259888
-0.790302574634552
-1.2623486518859863
-0.7904003858566284
-1.264054298400879
-0.7872079610824585
-1.2640990018844604
-0.7718613147735596
-1.2733110189437866
-0.759132444858551
-1.282131314277649
-0.7624485492706299
-1.2855383157730103
-0.7903735637664795
-1.2717418670654297
-0.7934430241584778
-1.2746671438217163
-0.8256739377975464
-1.2921650409698486
-0.8282032012939453
-1.2946239709854126
-0.8007595539093018
-1.2914806604385376
-0.8041214346885681
-1.2949331998825073
-0.8071914315223694
-1.2980974912643433
-0.8102626800537109
-1.3012620210647583
-0.8290337920188904
-1.2972749471664429
-0.8343064785003662
-1.28184175491333
-0.8092604875564575
-1.3072748184204102
-0.802701473236084
-1.3183907270431519
-0.8540281653404236
-1.3261598348617554
-0.835507333278656
-1.322927713394165
-0.8484526872634888
-1.3183631896972656
-0.8800150156021118
-1.334630012512207
-0.8778305053710938
-1.328676462173462
-0.8799636960029602
-1.331939458847046
-0.8767783641815186
-1.3313934803009033
-0.8589000701904297
-1.3382456302642822
-0.8478772044181824
-1.3541251420974731
-0.8496275544166565
-1.357793927192688
-0.8575882911682129
-1.344395637512207
-0.8837801814079285
-1.3412798643112183
-0.8855581283569336
-1.3448185920715332
-0.8997039198875427
-1.3558502197265625
-0.9099012017250061
-1.3652371168136597
-0.9115935564041138
-1.3685061931610107
-0.8932740688323975
-1.3799843788146973
-0.8949560523033142
-1.3835642337799072
-0.9099192023277283
-1.3826656341552734
-0.9133520126342773
-1.3839044570922852
-0.898036539554596
-1.392151951789856
-0.9145959615707397
-1.3919909000396729
-0.9163459539413452
-1.391784906387329
-0.8922199010848999
-1.4139842987060547
-0.8936691284179688
-1.4175785779953003
-0.8924914002418518
-1.4137827157974243
-0.8940711617469788
-1.4174667596817017
-0.9227530360221863
-1.414137601852417
-0.9030178189277649
-1.4193012714385986
-0.8875565528869629
-1.4324860572814941
-0.8892216086387634
-1.4362467527389526
-0.901487410068512
-1.4184579849243164
-0.9027565717697144
-1.4260486364364624
-0.9022746682167053
-1.4297300577163696
-0.9253640174865723
-1.4298864603042603
-0.9271538853645325
-1.433497667312622
-0.9036993980407715
-1.4470372200012207
-0.9053470492362976
-1.4508132934570312
-0.896923840045929
-1.4554619789123535
-0.9086647629737854
-1.4545646905899048
-0.9106489419937134
-1.4584256410598755
-0.9127243757247925
-1.4623264074325562
-0.911338746547699
-1.4579578638076782
-0.9133362174034119
-1.4645216464996338
-0.9156707525253296
-1.4684265851974487
-0.9179279208183289
-1.4781527519226074
-0.9220600724220276
-1.4777871370315552
-0.918196976184845
-1.4831628799438477
-0.9375062584877014
-1.4795587062835693
-0.9405664205551147
-1.4831809997558594
-0.9549926519393921
-1.4864639043807983
-0.9581174254417419
-1.489855408668518
-0.9317595958709717
-1.5007070302963257
-0.935539722442627
-1.5046372413635254
-0.9371294379234314
-1.5115729570388794
-0.9379352331161499
-1.513950228691101
-0.9368876814842224
-1.5186289548873901
-0.9559306502342224
-1.5159035921096802
-0.9658788442611694
-1.516229510307312
-0.9384873509407043
-1.5377017259597778
-0.9430645704269409
-1.5407695770263672
-0.9451503753662109
-1.540881872177124
-0.9526923298835754
-1.5477458238601685
-0.9576932191848755
-1.5503114461898804
-0.9626672863960266
-1.5528367757797241
-0.9595090746879578
-1.5537562370300293
-0.9875971674919128
-1.5518897771835327
-0.9920991063117981
-1.5538160800933838
-1.0003622770309448
-1.5559148788452148
-1.0051796436309814
-1.5576913356781006
-0.9867469668388367
-1.563275694847107
-0.9923447966575623
-1.5651215314865112
-0.9919241666793823
-1.5680495500564575
-0.9973726868629456
-1.5697295665740967
-1.0149418115615845
-1.5632177591323853
-1.010736346244812
-1.5525556802749634
-1.0162171125411987
-1.5537594556808472
-1.0306249856948853
-1.5409190654754639
-1.049697995185852
-1.5600018501281738
-1.0345388650894165
-1.5536359548568726
-1.0450571775436401
-1.5603801012039185
-1.050064206123352
-1.5612471103668213
-1.0324852466583252
-1.5763342380523682
-1.0391017198562622
-1.5795886516571045
-1.04453444480896
-1.5806750059127808
-1.0465631484985352
-1.5648324489593506
-1.0697087049484253
-1.5780956745147705
-1.0748015642166138
-1.5790612697601318
-1.0652047395706177
-1.5822703838348389
-1.0669046640396118
-1.5837804079055786
-1.0723226070404053
-1.5849099159240723
-1.1051576137542725
-1.5593280792236328
-1.12273371219635
-1.57119882106781
-1.1271171569824219
-1.572270154953003
-1.1642804145812988
-1.6022454500198364
-1.1579608917236328
-1.5887906551361084
-1.1318235397338867
-1.587430715560913
-1.1838067770004272
-1.608090877532959
-1.187333345413208
-1.6093534231185913
-1.1911170482635498
-1.610714077949524
-1.1949163675308228
-1.6120846271514893
-1.198714017868042
-1.6134562492370605
-1.1905335187911987
-1.591662049293518
-1.1662447452545166
-1.5784363746643066
-1.1620773077011108
-1.588741660118103
-1.2254438400268555
-1.6155623197555542
-1.228742003440857
-1.6171950101852417
-1.2177625894546509
-1.5738550424575806
-1.193300724029541
-1.5885902643203735
-1.19780695438385
-1.590896487236023
-1.1676025390625
-1.614497423171997
-1.202201247215271
-1.5885390043258667
-1.2061744928359985
-1.5908600091934204
-1.1978470087051392
-1.596445918083191
-1.2021130323410034
-1.5990262031555176
-1.2083830833435059
-1.5786349773406982
-1.2249624729156494
-1.5820518732070923
-1.2355618476867676
-1.5614428520202637
-1.2218414545059204
-1.5883371829986572
-1.2259751558303833
-1.591079592704773
-1.2353230714797974
-1.591685175895691
-1.2389581203460693
-1.5943371057510376
-1.2096683979034424
-1.6246088743209839
-1.2170699834823608
-1.6164417266845703
-1.2211129665374756
-1.6194231510162354
-1.2559067010879517
-1.5998098850250244
-1.2660629749298096
-1.6064156293869019
-1.269740343093872
-1.6090936660766602
-1.242751121520996
-1.6151350736618042
-1.2357665300369263
-1.6183542013168335
-1.2382782697677612
-1.6223431825637817
-1.24203622341156
-1.6238504648208618
-1.2447304725646973
-1.6280803680419922
-1.2486761808395386
-1.631164312362671
-1.2504422664642334
-1.6341650485992432
-1.2348994016647339
-1.6559301614761353
-1.2712384462356567
-1.6350078582763672
-1.2529507875442505
-1.6625502109527588
-1.2568837404251099
-1.665724277496338
-1.2657119035720825
-1.6552014350891113
-1.29512619972229
-1.644531011581421
-1.2861552238464355
-1.653173804283142
-1.3096643686294556
-1.6483540534973145
-1.3138095140457153
-1.650700330734253
-1.3002938032150269
-1.6595525741577148
-1.333408236503601
-1.6631568670272827
-1.3146812915802002
-1.6739509105682373
-1.306899905204773
-1.6780351400375366
-1.3120590448379517
-1.680151343345642
-1.3172006607055664
-1.6821879148483276
-1.3981163501739502
-1.7228341102600098
-1.4005697965621948
-1.7237324714660645
-1.3980344533920288
-1.7058308124542236
-1.3471465110778809
-1.7324731349945068
-1.3518706560134888
-1.7180733680725098
-1.3573631048202515
-1.7190474271774292
-1.3623709678649902
-1.7140816450119019
-1.3450547456741333
-1.74176824092865
-1.3944028615951538
-1.7293161153793335
-1.3993006944656372
-1.7297744750976562
-1.385716199874878
-1.7225691080093384
-1.3840601444244385
-1.7241798639297485
-1.3814456462860107
-1.7259116172790527
-1.387914776802063
-1.7175265550613403
-1.4024977684020996
-1.7195987701416016
-1.4092527627944946
-1.6902414560317993
-1.4147285223007202
-1.6890003681182861
-1.4235554933547974
-1.6782039403915405
-1.4203709363937378
-1.7066903114318848
-1.419177532196045
-1.7162171602249146
-1.4038481712341309
-1.749813199043274
-1.4102052450180054
-1.7486577033996582
-1.4213207960128784
-1.7332338094711304
-1.460905909538269
-1.6707550287246704
-1.4440146684646606
-1.7036261558532715
-1.4500148296356201
-1.7023934125900269
-1.4398268461227417
-1.7201474905014038
-1.4216668605804443
-1.7513980865478516
-1.4354610443115234
-1.7317817211151123
-1.441624641418457
-1.7304152250289917
-1.447828769683838
-1.7290370464324951
-1.449750304222107
-1.7232208251953125
-1.4498387575149536
-1.7211674451828003
-1.4514576196670532
-1.718907356262207
-1.4579468965530396
-1.717594027519226
-1.4374555349349976
-1.7463761568069458
-1.4786044359207153
-1.712735652923584
-1.4479483366012573
-1.7422484159469604
-1.4610984325408936
-1.7232698202133179
-1.4503923654556274
-1.7447823286056519
-1.4665746688842773
-1.721501111984253
-1.4785226583480835
-1.7108101844787598
-1.4849858283996582
-1.709860920906067
-1.4916326999664307
-1.7088457345962524
-1.536247968673706
-1.7012133598327637
-1.5240437984466553
-1.6697611808776855
-1.51638662815094
-1.6877599954605103
-1.5230400562286377
-1.686887264251709
-1.5253444910049438
-1.683109164237976
-1.531773328781128
-1.6823424100875854
-1.534645676612854
-1.7017236948013306
-1.5409785509109497
-1.7013136148452759
-1.5312684774398804
-1.7205250263214111
-1.5536041259765625
-1.7007468938827515
-1.5539100170135498
-1.6959575414657593
-1.5788840055465698
-1.675438404083252
-1.5706933736801147
-1.7084015607833862
-1.5760751962661743
-1.7026684284210205
-1.5691328048706055
-1.7181912660598755
-1.5974491834640503
-1.6983295679092407
-1.608178973197937
-1.689683437347412
-1.6083698272705078
-1.7169833183288574
-1.6448547840118408
-1.6948689222335815
-1.6481043100357056
-1.6969785690307617
-1.63812255859375
-1.7207163572311401
-1.6395835876464844
-1.7312451601028442
-1.6552927494049072
-1.699745774269104
-1.6612730026245117
-1.7055680751800537
-1.6575298309326172
-1.727713942527771
-1.6960440874099731
-1.6986076831817627
-1.7018373012542725
-1.6908049583435059
-1.6881484985351562
-1.7236815690994263
-1.684609293937683
-1.7366114854812622
-1.6899747848510742
-1.7360093593597412
-1.7443710565567017
-1.7110081911087036
-1.7341440916061401
-1.6607275009155273
-1.7389401197433472
-1.660083293914795
-1.7435815334320068
-1.6593831777572632
-1.7140511274337769
-1.7138330936431885
-1.7662769556045532
-1.696181297302246
-1.7226593494415283
-1.7283738851547241
-1.7071001529693604
-1.7410451173782349
-1.712997317314148
-1.7397814989089966
-1.718782901763916
-1.738442301750183
-1.724573016166687
-1.7370047569274902
-1.7303608655929565
-1.735471248626709
-1.7066527605056763
-1.7445679903030396
-1.719077229499817
-1.7413735389709473
-1.7250568866729736
-1.7396823167800903
-1.7144707441329956
-1.7457941770553589
-1.721116065979004
-1.7437151670455933
-1.7431658506393433
-1.711437702178955
-1.7489433288574219
-1.7094824314117432
-1.754868507385254
-1.7073758840560913
-1.73407781124115
-1.7356297969818115
-1.759631633758545
-1.7078155279159546
-1.8007011413574219
-1.6964573860168457
-1.8059526681900024
-1.6943165063858032
-1.8027795553207397
-1.6817538738250732
-1.7883943319320679
-1.6868516206741333
-1.7941786050796509
-1.684182047843933
-1.783761739730835
-1.6496390104293823
-1.7709643840789795
-1.684753179550171
-1.7771846055984497
-1.6885491609573364
-1.7832579612731934
-1.6850829124450684
-1.7961595058441162
-1.6868177652359009
-1.7928961515426636
-1.6525958776474
-1.7994933128356934
-1.6709448099136353
-1.803406834602356
-1.6769006252288818
-1.7888575792312622
-1.712436556816101
-1.7949987649917603
-1.7078239917755127
-1.800927996635437
-1.703260064125061
-1.7963279485702515
-1.7219626903533936
-1.8181567192077637
-1.6872540712356567
-1.8139604330062866
-1.707638144493103
-1.8194540739059448
-1.7021608352661133
-1.8906866312026978
-1.6718294620513916
-1.8645375967025757
-1.6605061292648315
-1.8450931310653687
-1.6878254413604736
-1.8503227233886719
-1.682004451751709
-1.8625613451004028
-1.6528899669647217
-1.8669676780700684
-1.647004246711731
-1.8713620901107788
-1.641041874885559
-1.8757127523422241
-1.6350560188293457
-1.8671168088912964
-1.6602060794830322
-1.8716270923614502
-1.6536750793457031
-1.9023849964141846
-1.6248705387115479
-1.884943962097168
-1.6457659006118774
-1.899644136428833
-1.6119682788848877
-1.927846908569336
-1.5790832042694092
-1.9475514888763428
-1.562292456626892
-1.9507865905761719
-1.5561922788619995
-1.9434767961502075
-1.547173023223877
-1.9467136859893799
-1.54084312915802
-1.9643051624298096
-1.5335509777069092
-1.9590929746627808
-1.520155668258667
-1.9621968269348145
-1.513920545578003
-1.9610950946807861
-1.4748307466506958
-1.965247392654419
-1.4807233810424805
-1.9666978120803833
-1.4804790019989014
-1.9733806848526
-1.4738956689834595
-1.9762616157531738
-1.4676035642623901
-1.9791138172149658
-1.461237907409668
-1.9738938808441162
-1.435556173324585
-1.983956217765808
-1.4381992816925049
-1.9867675304412842
-1.431931495666504
-1.9937022924423218
-1.4300379753112793
-1.9965283870697021
-1.4238301515579224
-1.9888088703155518
-1.4381048679351807
-1.991683840751648
-1.431488037109375
-1.9976601600646973
-1.4151190519332886
-2.0004050731658936
-1.40878427028656
-2.0031261444091797
-1.4023222923278809
-2.005784034729004
-1.3958147764205933
-2.008380174636841
-1.3892593383789062
-1.9997079372406006
-1.377852201461792
-2.0052499771118164
-1.3656524419784546
-2.0079922676086426
-1.3593283891677856
-2.009605646133423
-1.3408693075180054
-2.0101282596588135
-1.3340290784835815
-2.0221989154815674
-1.3410288095474243
-2.0287251472473145
-1.3398569822311401
-2.0319366455078125
-1.332784652709961
-2.0363383293151855
-1.3265222311019897
-2.041581869125366
-1.3174993991851807
-2.044318437576294
-1.3115220069885254
-2.039548873901367
-1.2874587774276733
-2.0420873165130615
-1.2812798023223877
-2.044548273086548
-1.2750189304351807
-2.045372486114502
-1.260996699333191
-2.047779083251953
-1.2548714876174927
-2.049816608428955
-1.244178295135498
-2.0701403617858887
-1.2540112733840942
-2.063607931137085
-1.2348499298095703
-2.0666325092315674
-1.2465296983718872
-2.08272123336792
-1.241753339767456
-2.0849874019622803
-1.2357308864593506
-2.0871872901916504
-1.2295575141906738
-2.1016292572021484
-1.2187650203704834
-2.103620767593384
-1.2127395868301392
-2.109473466873169
-1.2109642028808594
-2.110285520553589
-1.2029205560684204
-2.099773645401001
-1.199378490447998
-2.0963099002838135
-1.1944212913513184
-2.0977563858032227
-1.1842392683029175
-2.099597930908203
-1.177893042564392
-2.0996570587158203
-1.186349868774414
-2.1174142360687256
-1.1678849458694458
-2.11205792427063
-1.1621062755584717
-2.113651990890503
-1.1556893587112427
-2.1236305236816406
-1.1481428146362305
-2.1249120235443115
-1.141579270362854
-2.1308767795562744
-1.130443811416626
-2.131870985031128
-1.1238455772399902
-2.1204118728637695
-1.1306084394454956
-2.1238553524017334
-1.116711139678955
-2.125694751739502
-1.1035525798797607
-2.135899066925049
-1.089930772781372
-2.133399248123169
-1.0804585218429565
-2.133180856704712
-1.0731077194213867
-2.1293487548828125
-1.0851832628250122
-2.1289427280426025
-1.0776331424713135
-2.130114793777466
-1.0776838064193726
-2.1292779445648193
-1.0699466466903687
-2.1283230781555176
-1.0622544288635254
-2.1222872734069824
-1.0336754322052002
-2.133023977279663
-1.0259019136428833
-2.137523889541626
-1.0425564050674438
-2.1582040786743164
-1.0229578018188477
-2.1553475856781006
-1.0146828889846802
-2.143929958343506
-1.0146719217300415
-2.1409664154052734
-1.0069150924682617
-2.124722957611084
-0.9971398711204529
-2.1192989349365234
-0.9845743775367737
-2.1251213550567627
-0.9842023849487305
-2.120997428894043
-0.976757824420929
-2.1258819103240967
-0.9744538068771362
-2.1262619495391846
-0.9743930101394653
-2.121412992477417
-0.9673571586608887
-2.1195249557495117
-0.9480277299880981
-2.137718915939331
-0.938524067401886
-2.121614456176758
-0.9330353140830994
-2.1109516620635986
-0.9210636019706726
-2.105313777923584
-0.9151120185852051
-2.101036310195923
-0.924654483795166
-2.0999069213867188
-0.9053460955619812
-2.0936989784240723
-0.9000273942947388
-2.086137533187866
-0.8928669095039368
-2.0899789333343506
-0.8890214562416077
-2.08355450630188
-0.8840197920799255
-2.0765771865844727
-0.8947739601135254
-2.069009780883789
-0.8838440775871277
-2.055500030517578
-0.8779438734054565
-2.0421299934387207
-0.8665617108345032
-2.042248487472534
-0.8671066761016846
-2.0359859466552734
-0.8627129793167114
-2.0347366333007812
-0.8544926047325134
-2.0210936069488525
-0.8465691208839417
-2.0162904262542725
-0.8482463955879211
-2.0102782249450684
-0.8435467481613159
-2.0044028759002686
-0.8388502597808838
-2.003075361251831
-0.8350026607513428
-1.99478280544281
-0.8313661813735962
-1.9794472455978394
-0.8218255043029785
-1.9842866659164429
-0.8157391548156738
-1.9649395942687988
-0.822018563747406
-1.9601547718048096
-0.8178175687789917
-1.9530361890792847
-0.8108106255531311
-1.9445949792861938
-0.8169763684272766
-1.937428593635559
-0.8032873272895813
-1.9327895641326904
-0.7978760004043579
-1.9281561374664307
-0.792443573474884
-1.9194046258926392
-0.7920483350753784
-1.9115769863128662
-0.7873983383178711
-1.9077270030975342
-0.7815128564834595
-1.903888463973999
-0.7756794691085815
-1.9000606536865234
-0.7699038982391357
-1.896239161491394
-0.7641847729682922
-1.8914752006530762
-0.7679462432861328
-1.882996916770935
-0.7582331895828247
-1.8825019598007202
-0.744871973991394
-1.8804802894592285
-0.7389065623283386
-1.8716810941696167
-0.7454674243927002
-1.8698376417160034
-0.7395039200782776
-1.8608101606369019
-0.7291753888130188
-1.8595221042633057
-0.7235459089279175
-1.8547310829162598
-0.7225092649459839
-1.8535727262496948
-0.7168757319450378
-1.8522950410842896
-0.7111338376998901
-1.8617531061172485
-0.7009433507919312
-1.8603742122650146
-0.6952468752861023
-1.8588837385177612
-0.6895211338996887
-1.8645942211151123
-0.6746141910552979
-1.8500608205795288
-0.6777976155281067
-1.8494770526885986
-0.687843918800354
-1.848475694656372
-0.6825483441352844
-1.855729103088379
-0.6763631105422974
-1.845454216003418
-0.6723705530166626
-1.844460368156433
-0.6670756340026855
-1.8378760814666748
-0.6584000587463379
-1.8473596572875977
-0.6510223746299744
-1.8593100309371948
-0.6520788669586182
-1.857702374458313
-0.6465140581130981
-1.8462536334991455
-0.6589692234992981
-1.8408106565475464
-0.6486566066741943
-1.8392349481582642
-0.6432334780693054
-1.8361821174621582
-0.6352245211601257
-1.835160732269287
-0.6252546906471252
-1.8328533172607422
-0.6196876168251038
-1.8304266929626465
-0.614124596118927
-1.8310564756393433
-0.6116113066673279
-1.8373281955718994
-0.6140141487121582
-1.8343173265457153
-0.6083130240440369
-1.8306745290756226
-0.5938076972961426
-1.8387407064437866
-0.5829627513885498
-1.8344277143478394
-0.5770595669746399
-1.8385964632034302
-0.5687565803527832
-1.8333324193954468
-0.5632550716400146
-1.8415892124176025
-0.5637357234954834
-1.8269928693771362
-0.55344557762146
-1.8257640600204468
-0.555229127407074
-1.8203166723251343
-0.5562333464622498
-1.8142796754837036
-0.5516123175621033
-1.8082404136657715
-0.547093391418457
-1.80220627784729
-0.5426743626594543
-1.8152035474777222
-0.5275247693061829
-1.8029102087020874
-0.5226197242736816
-1.7962995767593384
-0.5185402631759644
-1.7954517602920532
-0.5076767206192017
-1.7879382371902466
-0.5054056644439697
-1.7806140184402466
-0.5031932592391968
-1.7882144451141357
-0.4997570812702179
-1.7837446928024292
-0.4956371486186981
-1.7733476161956787
-0.4919789135456085
-1.7614880800247192
-0.4978957772254944
-1.754114031791687
-0.49723324179649353
-1.7368665933609009
-0.4922393262386322
-1.7299309968948364
-0.49179404973983765
-1.7130159139633179
-0.500310480594635
-1.7189637422561646
-0.48266828060150146
-1.71184241771698
-0.48240724205970764
-1.697303056716919
-0.4841310381889343
-1.6837509870529175
-0.49682334065437317
-1.6789292097091675
-0.49000927805900574
-1.661500334739685
-0.4917842447757721
-1.6554280519485474
-0.49187296628952026
-1.6394449472427368
-0.4941580593585968
-1.642543911933899
-0.4886414408683777
-1.6222150325775146
-0.4963483214378357
-1.6165419816970825
-0.49618294835090637
-1.6024086475372314
-0.4969922602176666
-1.5967870950698853
-0.49665993452072144
-1.5840216875076294
-0.5004565119743347
-1.5785521268844604
-0.49991142749786377
-1.5819002389907837
-0.4937652349472046
-1.5760176181793213
-0.4929066002368927
-1.5488522052764893
-0.4982283413410187
-1.5524944067001343
-0.4983900189399719
-1.538980484008789
-0.4996055066585541
-1.5229220390319824
-0.5108652710914612
-1.5268138647079468
-0.5079572200775146
-1.5189305543899536
-0.5057507157325745
-1.5142005681991577
-0.5037122368812561
-1.5009082555770874
-0.5064699649810791
-1.4931803941726685
-0.5015934109687805
-1.4889280796051025
-0.499508261680603
-1.4891268014907837
-0.5004941821098328
-1.4848476648330688
-0.49821463227272034
-1.4686788320541382
-0.4989470839500427
-1.4628723859786987
-0.49948573112487793
-1.472670316696167
-0.5001994371414185
-1.4686132669448853
-0.497649222612381
-1.4511929750442505
-0.4961354434490204
-1.448038101196289
-0.5027694702148438
-1.4446516036987305
-0.5001737475395203
-1.454115390777588
-0.49546074867248535
-1.4484388828277588
-0.4909321665763855
-1.445238471031189
-0.48828125
-1.4400237798690796
-0.4956931471824646
-1.4282482862472534
-0.49223485589027405
-1.4254722595214844
-0.49178630113601685
-1.4348604679107666
-0.4894953966140747
-1.437097191810608
-0.48748019337654114
-1.4305243492126465
-0.4808284044265747
-1.4271457195281982
-0.4793929159641266
-1.4241235256195068
-0.47662708163261414
-1.4163323640823364
-0.47869351506233215
-1.4134464263916016
-0.4760487675666809
-1.4193189144134521
-0.47408607602119446
-1.4102877378463745
-0.4749261438846588
-1.4072740077972412
-0.47221314907073975
-1.4021275043487549
-0.4713674485683441
-1.3972960710525513
-0.46643978357315063
-1.3932862281799316
-0.4621264636516571
-1.3969460725784302
-0.45798829197883606
-1.3932859897613525
-0.4553276598453522
-1.3896629810333252
-0.45278388261795044
-1.3859503269195557
-0.45026224851608276
-1.3924649953842163
-0.4459267556667328
-1.393557071685791
-0.44268450140953064
-1.3930742740631104
-0.43850305676460266
-1.3752633333206177
-0.43821337819099426
-1.3778663873672485
-0.43078869581222534
-1.375474214553833
-0.4237649738788605
-1.3686727285385132
-0.42704319953918457
-1.3646514415740967
-0.42500054836273193
-1.3718461990356445
-0.416006475687027
-1.366837739944458
-0.41424524784088135
-1.3511912822723389
-0.4117473363876343
-1.3567620515823364
-0.41577044129371643
-1.35104501247406
-0.4031895399093628
-1.3455885648727417
-0.4022413194179535
-1.347877860069275
-0.39674073457717896
-1.3339815139770508
-0.38410720229148865
-1.3284530639648438
-0.38386207818984985
-1.3229674100875854
-0.38366207480430603
-1.3214060068130493
-0.37925663590431213
-1.3157061338424683
-0.37945935130119324
-1.313122034072876
-0.3762866258621216
-1.3110181093215942
-0.37122729420661926
-1.3053224086761475
-0.3718605935573578
-1.2861487865447998
-0.3779391944408417
-1.2811367511749268
-0.3789711594581604
-1.2811557054519653
-0.37504541873931885
-1.2758355140686035
-0.3762727975845337
-1.2709988355636597
-0.38041555881500244
-1.278948426246643
-0.37238073348999023
-1.2667620182037354
-0.3727673888206482
-1.2527127265930176
-0.37864527106285095
-1.2477387189865112
-0.3803255558013916
-1.2479937076568604
-0.3791635036468506
-1.2447596788406372
-0.3768097460269928
-1.2376930713653564
-0.3811502158641815
-1.2327810525894165
-0.38299745321273804
-1.2194827795028687
-0.3919758200645447
-1.224745750427246
-0.3871113061904907
-1.2197532653808594
-0.3890945017337799
-1.2057771682739258
-0.3952637016773224
-1.2014544010162354
-0.39710095524787903
-1.1968218088150024
-0.3990612030029297
-1.2008341550827026
-0.40021321177482605
-1.181915283203125
-0.4094953238964081
-1.1782581806182861
-0.4090384840965271
-1.1789692640304565
-0.41036978363990784
-1.158300518989563
-0.4152589440345764
-1.1545588970184326
-0.41683292388916016
-1.1338924169540405
-0.42412206530570984
-1.1298514604568481
-0.42586106061935425
-1.1417217254638672
-0.41555455327033997
-1.1325989961624146
-0.423378586769104
-1.1238257884979248
-0.43424761295318604
-1.119771122932434
-0.4357970654964447
-1.10406494140625
-0.4427866041660309
-1.1020140647888184
-0.43974241614341736
-1.0958844423294067
-0.4409814178943634
-1.0902845859527588
-0.4555175006389618
-1.081207275390625
-0.45684030652046204
-1.0824238061904907
-0.4573700428009033
-1.0785053968429565
-0.4586023688316345
-1.0661956071853638
-0.46637192368507385
-1.0625733137130737
-0.46730268001556396
-1.0731216669082642
-0.4562428593635559
-1.0602918863296509
-0.4637001156806946
-1.0447969436645508
-0.47158414125442505
-1.043772578239441
-0.47103357315063477
-1.0428483486175537
-0.4716404676437378
-1.0391892194747925
-0.47244513034820557
-1.0348957777023315
-0.4741584062576294
-1.0328272581100464
-0.4765302538871765
-1.032435655593872
-0.4800148010253906
-1.018052577972412
-0.4893679618835449
-1.0148115158081055
-0.48993656039237976
-1.0162367820739746
-0.4867585003376007
-1.0126339197158813
-0.4873637855052948
-1.003511905670166
-0.4937700033187866
-1.0001648664474487
-0.4941630959510803
-1.0006412267684937
-0.490408331155777
-0.9993395209312439
-0.48784568905830383
-0.9939672350883484
-0.4950462877750397
-0.999412477016449
-0.48969799280166626
-0.9955418705940247
-0.49003979563713074
-0.9919224381446838
-0.49058669805526733
-0.9911145567893982
-0.4919126331806183
-0.9842314124107361
-0.4910915493965149
-0.9793374538421631
-0.4921729862689972
-0.9757521152496338
-0.49272996187210083
-0.9676143527030945
-0.49656957387924194
-0.9642197489738464
-0.49715152382850647
-0.9628579616546631
-0.5030881762504578
-0.9558489918708801
-0.5013394355773926
-0.9523981213569641
-0.5020133256912231
-0.9553816914558411
-0.49773529171943665
-0.9498904347419739
-0.4947570264339447
-0.9462890028953552
-0.49562153220176697
-0.9449614882469177
-0.49315470457077026
-0.9412727952003479
-0.49421995878219604
-0.939595103263855
-0.4935747981071472
-0.930214524269104
-0.497429758310318
-0.9266712069511414
-0.4985315501689911
-0.92450350522995
-0.49567297101020813
-0.9234851598739624
-0.49181482195854187
-0.9198266267776489
-0.4931909441947937
-0.9114022254943848
-0.4976000189781189
-0.9072715044021606
-0.4980562627315521
-0.9037348628044128
-0.49951061606407166
-0.9015777707099915
-0.497959166765213
-0.9002100825309753
-0.496892511844635
-0.9009592533111572
-0.49790528416633606
-0.8955164551734924
-0.5035030245780945
-0.8919265270233154
-0.5051578283309937
-0.8921284675598145
-0.500823438167572
-0.8877584934234619
-0.50099778175354
-0.8817960023880005
-0.5007781386375427
-0.8777720928192139
-0.5004982352256775
-0.873835027217865
-0.5042771697044373
-0.8647483587265015
-0.5034754276275635
-0.8613446950912476
-0.5055442452430725
-0.8583171963691711
-0.5090636610984802
-0.8562533259391785
-0.5088834166526794
-0.8476690053939819
-0.5113320350646973
-0.8484765291213989
-0.5103627443313599
-0.8464585542678833
-0.5111585259437561
-0.8432111144065857
-0.5134973526000977
-0.8398826718330383
-0.5159265995025635
-0.8361250758171082
-0.5148623585700989
-0.8360183835029602
-0.5159187316894531
-0.8363311290740967
-0.5134000778198242
-0.8330636620521545
-0.5162051320075989
-0.8259375691413879
-0.5206429362297058
-0.8276439309120178
-0.5147058367729187
-0.8189283609390259
-0.5218352675437927
-0.812901496887207
-0.5240553021430969
-0.809508740901947
-0.5301910042762756
-0.8068579435348511
-0.5336455702781677
-0.8040262460708618
-0.5364397168159485
-0.8010270595550537
-0.5394201278686523
-0.7976019978523254
-0.541935384273529
-0.7903283834457397
-0.5475271940231323
-0.7817768454551697
-0.5541761517524719
-0.7871705293655396
-0.5492179989814758
-0.776132345199585
-0.5561729073524475
-0.7734026312828064
-0.5591678023338318
-0.769902765750885
-0.5624849796295166
-0.7671483755111694
-0.5654999613761902
-0.7643846869468689
-0.5685464143753052
-0.7657327055931091
-0.5663778185844421
-0.7580245733261108
-0.5703555345535278
-0.7554773688316345
-0.573576807975769
-0.7469022870063782
-0.5813391804695129
-0.7383736968040466
-0.5901985764503479
-0.7360053658485413
-0.5933472514152527
-0.741594135761261
-0.5918248295783997
-0.7391178011894226
-0.5951842665672302
-0.7399187684059143
-0.5955248475074768
-0.7340870499610901
-0.6062878370285034
-0.7289403080940247
-0.6093066334724426
-0.7266812324523926
-0.6127029061317444
-0.7320055365562439
-0.6123278141021729
-0.7239202857017517
-0.6195162534713745
-0.722284197807312
-0.6229035258293152
-0.7141786813735962
-0.6303853392601013
-0.7120399475097656
-0.6338402032852173
-0.7107186913490295
-0.6434996724128723
-0.7086446285247803
-0.6469755172729492
-0.7127857804298401
-0.6518373489379883
-0.7048298716545105
-0.6564961671829224
-0.6972938179969788
-0.6620232462882996
-0.6951868534088135
-0.6654139161109924
-0.6929559111595154
-0.6675820350646973
-0.6907898187637329
-0.6710001230239868
-0.6830472350120544
-0.6773895025253296
-0.686664879322052
-0.6768722534179688
-0.67684006690979
-0.6873165965080261
-0.6747238039970398
-0.6906040906906128
-0.672577440738678
-0.6939405798912048
-0.686070442199707
-0.6764829158782959
-0.6869175434112549
-0.6857866644859314
-0.6850141882896423
-0.6862626075744629
-0.681838870048523
-0.6912379264831543
-0.6795893311500549
-0.6948443651199341
-0.6750798225402832
-0.7011996507644653
-0.671289324760437
-0.7056029438972473
-0.6691398024559021
-0.7092069983482361
-0.6623934507369995
-0.7139584422111511
-0.6684001684188843
-0.7163556814193726
-0.6662136316299438
-0.7200467586517334
-0.6537832021713257
-0.7290723323822021
-0.6516274213790894
-0.7324755787849426
-0.6553427577018738
-0.731537401676178
-0.6561838984489441
-0.7329128384590149
-0.6538239121437073
-0.7364934086799622
-0.6457470059394836
-0.7430456876754761
-0.6475356221199036
-0.7449459433555603
-0.6536847352981567
-0.7506610155105591
-0.6515625715255737
-0.7544332146644592
-0.6381350755691528
-0.7614226937294006
-0.6402587294578552
-0.7607731819152832
-0.6380512118339539
-0.7644702196121216
-0.6356313824653625
-0.7648472785949707
-0.6373869776725769
-0.767754316329956
-0.6345886588096619
-0.772424578666687
-0.6246562600135803
-0.7819324731826782
-0.6224105358123779
-0.7855212688446045
-0.6265902519226074
-0.78874272108078
-0.6195974349975586
-0.7958756685256958
-0.617404043674469
-0.7994902729988098
-0.6151861548423767
-0.8031244277954102
-0.6129526495933533
-0.8067643046379089
-0.6098219156265259
-0.8124592900276184
-0.6076228022575378
-0.8160837888717651
-0.6048542857170105
-0.8193801045417786
-0.6026174426078796
-0.8229964375495911
-0.6020919680595398
-0.8292714357376099
-0.605118989944458
-0.8287630677223206
-0.6010974645614624
-0.8346717357635498
-0.5987825989723206
-0.8383175134658813
-0.5958278179168701
-0.8429131507873535
-0.5972739458084106
-0.8518951535224915
-0.5949837565422058
-0.8555688261985779
-0.5938533544540405
-0.8627607226371765
-0.5915360450744629
-0.8664213418960571
-0.5892010927200317
-0.8700820207595825
-0.5807875990867615
-0.8797892928123474
-0.57846599817276
-0.8832880258560181
-0.5750687122344971
-0.8885097503662109
-0.5723986029624939
-0.8948084712028503
-0.569512128829956
-0.8966527581214905
-0.5670803189277649
-0.900127649307251
-0.561865508556366
-0.9098118543624878
-0.56765216588974
-0.9133484363555908
-0.5650631189346313
-0.9168171286582947
-0.5691437125205994
-0.9191514253616333
-0.558556854724884
-0.9239266514778137
-0.5606812834739685
-0.9310331344604492
-0.5476930737495422
-0.9384212493896484
-0.5449249744415283
-0.9413731694221497
-0.5443876385688782
-0.9415290355682373
-0.54154372215271
-0.9446804523468018
-0.5375786423683167
-0.9555805325508118
-0.5451963543891907
-0.9562705159187317
-0.5403837561607361
-0.9559479355812073
-0.5375405550003052
-0.9591425657272339
-0.5279244780540466
-0.964019238948822
-0.5380483865737915
-0.963895857334137
-0.5349854826927185
-0.967236340045929
-0.5424590706825256
-0.96485835313797
-0.5340352058410645
-0.9682585000991821
-0.5294387936592102
-0.9691944122314453
-0.5343047976493835
-0.9743560552597046
-0.5204851627349854
-0.981578528881073
-0.5243191123008728
-0.9763418436050415
-0.5202298164367676
-0.9827531576156616
-0.5170755982398987
-0.9858538508415222
-0.5075209736824036
-0.9923018217086792
-0.5098721385002136
-0.9915979504585266
-0.5104732513427734
-0.9889394044876099
-0.5070925354957581
-0.9917953610420227
-0.49648934602737427
-1.0004477500915527
-0.5013695955276489
-1.0000276565551758
-0.49806541204452515
-1.0030394792556763
-0.49482375383377075
-1.00601327419281
-0.4971722662448883
-0.9996255040168762
-0.49432921409606934
-1.0050065517425537
-0.4969950020313263
-1.0122941732406616
-0.480283260345459
-1.0216686725616455
-0.4772193729877472
-1.0245815515518188
-0.4855297803878784
-1.0013427734375
-0.4856075644493103
-1.0070310831069946
-0.4862242341041565
-1.023849368095398
-0.4752819836139679
-1.025882601737976
-0.47189852595329285
-1.0287679433822632
-0.4685118794441223
-1.0316786766052246
-0.4676835834980011
-1.03298819065094
-0.4687683880329132
-1.0466963052749634
-0.46596935391426086
-1.0522547960281372
-0.45843425393104553
-1.0598690509796143
-0.45531436800956726
-1.0630290508270264
-0.44189882278442383
-1.0636018514633179
-0.4390721023082733
-1.0674687623977661
-0.43599367141723633
-1.0704240798950195
-0.41234561800956726
-1.081060528755188
-0.4095814824104309
-1.0834516286849976
-0.42899325489997864
-1.0872427225112915
-0.4190914034843445
-1.0959925651550293
-0.40293949842453003
-1.0996379852294922
-0.40006589889526367
-1.1024389266967773
-0.41059690713882446
-1.1015968322753906
-0.3967081308364868
-1.107737421989441
-0.3840782344341278
-1.1102999448776245
-0.3813759982585907
-1.1129964590072632
-0.37864068150520325
-1.115749716758728
-0.3697086572647095
-1.1207945346832275
-0.37639015913009644
-1.1201874017715454
-0.3700147271156311
-1.1305636167526245
-0.3673844039440155
-1.1332471370697021
-0.37022000551223755
-1.1279637813568115
-0.36693140864372253
-1.1342363357543945
-0.3630765676498413
-1.147502064704895
-0.3611774444580078
-1.147010087966919
-0.3584706783294678
-1.1498709917068481
-0.34149041771888733
-1.1541451215744019
-0.33784160017967224
-1.158735752105713
-0.335297554731369
-1.1614419221878052
-0.34217748045921326
-1.166645884513855
-0.3406389355659485
-1.1608268022537231
-0.3403705656528473
-1.1684563159942627
-0.3376592993736267
-1.171376347541809
-0.3350483477115631
-1.1742050647735596
-0.33086106181144714
-1.1762499809265137
-0.3282703757286072
-1.179175853729248
-0.3412250578403473
-1.189557433128357
-0.3438570499420166
-1.189452052116394
-0.3173605501651764
-1.1927412748336792
-0.30662694573402405
-1.1956233978271484
-0.3119276165962219
-1.1945706605911255
-0.30516546964645386
-1.2013121843338013
-0.30744630098342896
-1.1940029859542847
-0.3049130439758301
-1.1970155239105225
-0.3072587251663208
-1.1974409818649292
-0.2874177098274231
-1.2107176780700684
-0.28513485193252563
-1.2134671211242676
-0.2970843017101288
-1.205353856086731
-0.30971887707710266
-1.2122466564178467
-0.30700069665908813
-1.215681791305542
-0.3046104311943054
-1.2204231023788452
-0.29003801941871643
-1.2228672504425049
-0.2933770716190338
-1.2293479442596436
-0.29075583815574646
-1.232568383216858
-0.2716267704963684
-1.2314165830612183
-0.26459771394729614
-1.2391231060028076
-0.2621603012084961
-1.2420415878295898
-0.2866863012313843
-1.2394886016845703
-0.2942649722099304
-1.2430037260055542
-0.27199095487594604
-1.2414007186889648
-0.269342303276062
-1.2445217370986938
-0.2590818703174591
-1.2451573610305786
-0.256387859582901
-1.2481021881103516
-0.28183513879776
-1.2494983673095703
-0.2981591522693634
-1.2516183853149414
-0.2952786684036255
-1.2554179430007935
-0.2580246329307556
-1.259416103363037
-0.2780798673629761
-1.2618796825408936
-0.2753312289714813
-1.2654780149459839
-0.24919331073760986
-1.2701685428619385
-0.2681940197944641
-1.2711138725280762
-0.2809358239173889
-1.272103190422058
-0.2665930390357971
-1.2648751735687256
-0.2580556571483612
-1.265699863433838
-0.2522326111793518
-1.276413917541504
-0.24641919136047363
-1.2764235734939575
-0.24357303977012634
-1.2798198461532593
-0.2558399736881256
-1.29141366481781
-0.2567872405052185
-1.3007570505142212
-0.25391334295272827
-1.3043721914291382
-0.25361305475234985
-1.3080172538757324
-0.22128546237945557
-1.312343716621399
-0.21866193413734436
-1.315676212310791
-0.21601423621177673
-1.319017767906189
-0.21638141572475433
-1.3208742141723633
-0.21365584433078766
-1.3242769241333008
-0.21094581484794617
-1.3276373147964478
-0.22370922565460205
-1.3367537260055542
-0.21353529393672943
-1.3487187623977661
-0.21105898916721344
-1.352145791053772
-0.20615029335021973
-1.3555303812026978
-0.17844465374946594
-1.3617581129074097
-0.17008110880851746
-1.3573840856552124
-0.167541965842247
-1.3604260683059692
-0.1682191640138626
-1.3647966384887695
-0.1697157621383667
-1.3689863681793213
-0.18282976746559143
-1.3748215436935425
-0.18070048093795776
-1.3740272521972656
-0.17797471582889557
-1.3773608207702637
-0.1752275824546814
-1.3806891441345215
-0.1724584400653839
-1.384013295173645
-0.19343312084674835
-1.3925936222076416
-0.1754419505596161
-1.393004298210144
-0.17267681658267975
-1.3963104486465454
-0.16975654661655426
-1.3997533321380615
-0.16691021621227264
-1.4030742645263672
-0.14815714955329895
-1.412042260169983
-0.15030117332935333
-1.4052855968475342
-0.17306041717529297
-1.4164512157440186
-0.17005783319473267
-1.4201045036315918
-0.16710302233695984
-1.4236453771591187
-0.16411162912845612
-1.4271763563156128
-0.140108123421669
-1.4308134317398071
-0.13752171397209167
-1.4339720010757446
-0.12546589970588684
-1.4394172430038452
-0.12366700172424316
-1.4395159482955933
-0.12855923175811768
-1.4387269020080566
-0.11689013987779617
-1.4481624364852905
-0.11428453028202057
-1.4513733386993408
-0.14423850178718567
-1.4529774188995361
-0.1410100907087326
-1.4567816257476807
-0.13628074526786804
-1.466511845588684
-0.14303787052631378
-1.4701207876205444
-0.11157166212797165
-1.4636374711990356
-0.10086043924093246
-1.4713016748428345
-0.0905677080154419
-1.469001293182373
-0.10933120548725128
-1.4781426191329956
-0.10644957423210144
-1.481553077697754
-0.10351928323507309
-1.4849622249603271
-0.11327047646045685
-1.4931938648223877
-0.11044704169034958
-1.496518850326538
-0.08269275724887848
-1.4958423376083374
-0.07994382083415985
-1.499056100845337
-0.10685379803180695
-1.5047956705093384
-0.09332853555679321
-1.495700716972351
-0.10886407643556595
-1.5079587697982788
-0.09655486047267914
-1.519799828529358
-0.10350349545478821
-1.5223461389541626
-0.1057887077331543
-1.5239145755767822
-0.10265219211578369
-1.5276319980621338
-0.09970028698444366
-1.5339536666870117
-0.09616363048553467
-1.537581205368042
-0.09261803328990936
-1.5411385297775269
-0.06410623341798782
-1.5465255975723267
-0.05891367793083191
-1.541316032409668
-0.07457757741212845
-1.5519803762435913
-0.07078323513269424
-1.555330514907837
-0.03470228984951973
-1.5692499876022339
-0.04449056461453438
-1.5644502639770508
-0.036949872970581055
-1.569189190864563
-0.033269189298152924
-1.5720503330230713
-0.04769725352525711
-1.5838863849639893
-0.0436537005007267
-1.5868034362792969
-0.05805069953203201
-1.5903671979904175
-0.06329219788312912
-1.5900942087173462
-0.05828949809074402
-1.592866063117981
-0.05772214010357857
-1.592020034790039
-0.04774079844355583
-1.5999679565429688
-0.049430470913648605
-1.6026893854141235
-0.04458245635032654
-1.6053630113601685
-0.013442334719002247
-1.6116130352020264
-0.009109213948249817
-1.613752007484436
-0.016582394018769264
-1.6170165538787842
-0.01167659554630518
-1.6193652153015137
-0.015402700752019882
-1.624409556388855
-0.015312491916120052
-1.6263339519500732
-0.014168785884976387
-1.628983974456787
-0.008713574148714542
-1.6323277950286865
0.014884106814861298
-1.6336884498596191
0.007000595796853304
-1.6366727352142334
0.012263069860637188
-1.6382486820220947
0.022346295416355133
-1.6339271068572998
0.006250881589949131
-1.6390589475631714
-0.004099045880138874
-1.6473978757858276
0.0027209206018596888
-1.647714376449585
0.0036536147817969322
-1.6433806419372559
0.009399768896400928
-1.6445271968841553
0.04334571585059166
-1.6488484144210815
0.02724386192858219
-1.6471312046051025
0.0531676821410656
-1.6491090059280396
0.06915733963251114
-1.6530505418777466
0.07381276786327362
-1.6539857387542725
0.0505702830851078
-1.6527012586593628
0.04993899166584015
-1.656357765197754
0.061559099704027176
-1.639190912246704
0.06692440062761307
-1.64008367061615
0.0570988766849041
-1.6447912454605103
0.06182574853301048
-1.6553210020065308
0.0636667013168335
-1.6610766649246216
0.07616730779409409
-1.6640949249267578
0.09884963929653168
-1.6572977304458618
0.10527919232845306
-1.6584984064102173
0.10881202667951584
-1.659164547920227
0.11802151054143906
-1.6447410583496094
0.105811707675457
-1.6545907258987427
0.10971429944038391
-1.665629267692566
0.11898251622915268
-1.6717146635055542
0.1306346356868744
-1.6728570461273193
0.13566595315933228
-1.674109697341919
0.1350211799144745
-1.6768406629562378
0.1402326375246048
-1.6781748533248901
0.1529453843832016
-1.6826740503311157
0.15778420865535736
-1.6839423179626465
0.16271616518497467
-1.6852279901504517
0.166223406791687
-1.6865843534469604
0.17057622969150543
-1.6882483959197998
0.1759314239025116
-1.6909205913543701
0.17963865399360657
-1.7037321329116821
0.18947330117225647
-1.6993153095245361
0.1940675526857376
-1.7009556293487549
0.19873879849910736
-1.7025965452194214
0.2335069328546524
-1.6975692510604858
0.24991098046302795
-1.6976909637451172
0.23108771443367004
-1.6992042064666748
0.25085315108299255
-1.681898832321167
0.2547842860221863
-1.683294415473938
0.25888168811798096
-1.6847290992736816
0.2403947114944458
-1.6999472379684448
0.2456042468547821
-1.706739902496338
0.27789831161499023
-1.7117958068847656
0.2812451422214508
-1.7131150960922241
0.2644762098789215
-1.727829098701477
0.26167306303977966
-1.7212910652160645
0.26797667145729065
-1.7206292152404785
0.2737037241458893
-1.7203658819198608
0.27780643105506897
-1.7222472429275513
0.29688841104507446
-1.7055326700210571
0.3007422983646393
-1.7071468830108643
0.2953101694583893
-1.7223302125930786
0.2994740903377533
-1.724162220954895
0.30611565709114075
-1.73065984249115
0.31002482771873474
-1.7324457168579102
0.314068078994751
-1.7342451810836792
0.3196180462837219
-1.7406048774719238
0.3235008120536804
-1.7424501180648804
0.32745394110679626
-1.7442748546600342
0.33095303177833557
-1.7417150735855103
0.334795206785202
-1.7435708045959473
0.33755868673324585
-1.736758828163147
0.33037787675857544
-1.7635610103607178
0.33815619349479675
-1.7480499744415283
0.33495280146598816
-1.7708672285079956
0.3421129882335663
-1.754384160041809
0.34992754459381104
-1.7618268728256226
0.3519516885280609
-1.766022801399231
0.356385201215744
-1.7676547765731812
0.3607531189918518
-1.7700570821762085
0.35225605964660645
-1.7891271114349365
0.35870981216430664
-1.7816863059997559
0.36334913969039917
-1.7832825183868408
0.38707366585731506
-1.7588752508163452
0.3704230785369873
-1.7894715070724487
0.37489840388298035
-1.7746208906173706
0.3800312876701355
-1.7758071422576904
0.3841775059700012
-1.7873612642288208
0.389352947473526
-1.7882421016693115
0.3932639956474304
-1.7801690101623535
0.4273844361305237
-1.7917693853378296
0.4307551085948944
-1.7928850650787354
0.4354744553565979
-1.7934836149215698
0.44019588828086853
-1.7940367460250854
0.44490328431129456
-1.7945419549942017
0.4495472013950348
-1.8121699094772339
0.4545040726661682
-1.812229037284851
0.4593854546546936
-1.8122456073760986
0.4642861783504486
-1.8122234344482422
0.4382718801498413
-1.8167808055877686
0.4443070888519287
-1.8164201974868774
0.44792112708091736
-1.7989825010299683
0.453538715839386
-1.7983078956604004
0.4590667188167572
-1.7976102828979492
0.4477953612804413
-1.8327747583389282
0.45108476281166077
-1.8269953727722168
0.44987258315086365
-1.8463307619094849
0.4630710780620575
-1.8326267004013062
0.4688069820404053
-1.8313390016555786
0.47460830211639404
-1.830005168914795
0.46790483593940735
-1.8488534688949585
0.5133243799209595
-1.835716724395752
0.5100444555282593
-1.803339958190918
0.503326952457428
-1.815325379371643
0.5090970396995544
-1.8135218620300293
0.514622151851654
-1.8117772340774536
0.5052502155303955
-1.8209340572357178
0.5073182582855225
-1.8225911855697632
0.5049679279327393
-1.8461898565292358
0.5191569924354553
-1.8293274641036987
0.5247712135314941
-1.8270478248596191
0.5323557257652283
-1.8011889457702637
0.5267164707183838
-1.8365161418914795
0.5352112650871277
-1.823386788368225
0.5409240126609802
-1.8209233283996582
0.5475825667381287
-1.8161816596984863
0.5858194231987
-1.817070484161377
0.5727967023849487
-1.812447428703308
0.5756115913391113
-1.8069647550582886
0.5811238288879395
-1.8045921325683594
0.5738779306411743
-1.8241188526153564
0.5822747349739075
-1.810571551322937
0.587866485118866
-1.8081194162368774
0.6003270745277405
-1.796182632446289
0.6057747006416321
-1.7938255071640015
0.6154311895370483
-1.7701942920684814
0.6207315921783447
-1.7677570581436157
0.626074492931366
-1.7652721405029297
0.6298355460166931
-1.7749807834625244
0.6352402567863464
-1.7724628448486328
0.6403090357780457
-1.7753452062606812
0.648690402507782
-1.7760425806045532
0.6602919697761536
-1.7726569175720215
0.6690065860748291
-1.789937138557434
0.6803543567657471
-1.7526987791061401
0.6853894591331482
-1.750436782836914
0.6944655776023865
-1.755205512046814
0.7020636796951294
-1.7569552659988403
0.7070024609565735
-1.7549017667770386
0.7126943469047546
-1.7360332012176514
0.7175922393798828
-1.7339649200439453
0.7169577479362488
-1.727949619293213
0.7228434085845947
-1.7495085000991821
0.7276188135147095
-1.7727007865905762
0.7326856255531311
-1.7707250118255615
0.7394432425498962
-1.755417823791504
0.7464736700057983
-1.7732951641082764
0.7580403685569763
-1.7530016899108887
0.7627683281898499
-1.7509492635726929
0.7676391005516052
-1.7487608194351196
0.7729963660240173
-1.746422529220581
0.781078040599823
-1.716201663017273
0.7857540845870972
-1.7138055562973022
0.7904505729675293
-1.71132493019104
0.7951555252075195
-1.7087656259536743
0.8069680333137512
-1.6982651948928833
0.8124810457229614
-1.6932083368301392
0.8491975665092468
-1.7144511938095093
0.8390678763389587
-1.7162810564041138
0.8433987498283386
-1.713937520980835
0.8477246761322021
-1.7115126848220825
0.8520845174789429
-1.708984375
0.8518138527870178
-1.710831880569458
0.8431136608123779
-1.6942931413650513
0.8476481437683105
-1.7082350254058838
0.8521775007247925
-1.7053123712539673
0.8567907810211182
-1.7105566263198853
0.8613110780715942
-1.7074828147888184
0.8660666346549988
-1.6849392652511597
0.8657279014587402
-1.723443865776062
0.87051922082901
-1.7200363874435425
0.8751345872879028
-1.7166485786437988
0.8823283314704895
-1.7052843570709229
0.8867748379707336
-1.7017364501953125
0.8818509578704834
-1.6806352138519287
0.891440749168396
-1.6904047727584839
0.8907941579818726
-1.7227329015731812
0.8981097340583801
-1.7037155628204346
0.9025722146034241
-1.6999337673187256
0.9070624709129333
-1.6960124969482422
0.9089123010635376
-1.6934715509414673
0.9175441861152649
-1.6873019933700562
0.9258989691734314
-1.6827473640441895
0.9289625883102417
-1.6806596517562866
0.9402377009391785
-1.6732559204101562
0.9404551386833191
-1.6728568077087402
0.9445391297340393
-1.6680351495742798
0.9463541507720947
-1.6443926095962524
0.9502087831497192
-1.6395313739776611
0.9516422748565674
-1.678344488143921
0.9555767178535461
-1.672990083694458
0.9593914747238159
-1.6676514148712158
0.9636274576187134
-1.6590075492858887
0.9673281908035278
-1.653642177581787
0.9697361588478088
-1.6730629205703735
0.9700106382369995
-1.6338399648666382
0.9735300540924072
-1.6283526420593262
0.9770781993865967
-1.6226675510406494
0.9885666966438293
-1.652241587638855
0.9918909668922424
-1.6461924314498901
1.0090786218643188
-1.6211827993392944
1.0184680223464966
-1.6061482429504395
1.0212149620056152
-1.6000114679336548
1.020456314086914
-1.594563603401184
1.023067831993103
-1.5881885290145874
1.0256181955337524
-1.5817537307739258
1.0249147415161133
-1.6074044704437256
1.0341511964797974
-1.5830262899398804
1.0735405683517456
-1.5697219371795654
1.0535225868225098
-1.558024287223816
1.0556271076202393
-1.5512590408325195
1.0576438903808594
-1.5444837808609009
1.0563440322875977
-1.5354784727096558
1.0582146644592285
-1.5267959833145142
1.0599040985107422
-1.519774079322815
1.0677844285964966
-1.5061537027359009
1.0668176412582397
-1.4758695363998413
1.0682852268218994
-1.468996524810791
1.0764222145080566
-1.4677088260650635
1.0790760517120361
-1.48923921585083
1.0807268619537354
-1.4822564125061035
1.0823047161102295
-1.4751982688903809
1.0838124752044678
-1.4680607318878174
1.077575922012329
-1.4436484575271606
1.0787426233291626
-1.436421275138855
1.0903021097183228
-1.4268624782562256
1.0975933074951172
-1.4293359518051147
1.0986078977584839
-1.4220643043518066
1.0991212129592896
-1.4102585315704346
1.1083625555038452
-1.3896726369857788
1.0967066287994385
-1.3776984214782715
1.09717857837677
-1.3703221082687378
1.187133550643921
-1.410848617553711
1.139496922492981
-1.3799408674240112
1.1397594213485718
-1.3726274967193604
1.139934778213501
-1.36500084400177
1.1206285953521729
-1.3492316007614136
1.1209665536880493
-1.3417483568191528
1.1212183237075806
-1.334190845489502
1.1213867664337158
-1.3265786170959473
1.121475100517273
-1.3189187049865723
1.141535997390747
-1.2897435426712036
1.2103217840194702
-1.3328638076782227
1.2093905210494995
-1.3247092962265015
1.1655935049057007
-1.2780015468597412
1.1647950410842896
-1.2703622579574585
1.131701946258545
-1.2677302360534668
1.1306443214416504
-1.259974718093872
1.1295194625854492
-1.2522014379501343
1.1315619945526123
-1.2600584030151367
1.1305795907974243
-1.2521986961364746
1.1295297145843506
-1.2443339824676514
1.1279932260513306
-1.2448135614395142
1.2022753953933716
-1.2650537490844727
1.1620486974716187
-1.23159658908844
1.137934923171997
-1.217719316482544
1.136178731918335
-1.2099159955978394
1.1287423372268677
-1.198491096496582
1.133594274520874
-1.1889244318008423
1.1262106895446777
-1.1817724704742432
1.1237114667892456
-1.172877550125122
1.1272298097610474
-1.1656266450881958
1.1221296787261963
-1.1525343656539917
1.1197481155395508
-1.1452587842941284
1.1172044277191162
-1.1376107931137085
1.114640712738037
-1.1299889087677002
1.114026427268982
-1.115344762802124
1.1187880039215088
-1.0948566198349
1.1158246994018555
-1.0873966217041016
1.109235405921936
-1.0852259397506714
1.1109919548034668
-1.0774778127670288
1.1078002452850342
-1.0700989961624146
1.1113704442977905
-1.0786856412887573
1.102975606918335
-1.0644043684005737
1.0991196632385254
-1.0547457933425903
1.1219810247421265
-1.0474536418914795
1.0903477668762207
-1.0443485975265503
1.0880253314971924
-1.0291169881820679
1.0771275758743286
-1.0146626234054565
1.0733720064163208
-1.0079164505004883
1.077662467956543
-0.996581494808197
1.0828032493591309
-1.0047917366027832
1.0761739015579224
-0.980851948261261
1.0702333450317383
-0.9714692831039429
1.0644601583480835
-0.9556503891944885
1.0604569911956787
-0.9491527080535889
1.0596239566802979
-0.9433022737503052
1.0527637004852295
-0.9453023076057434
1.0600329637527466
-0.9540682435035706
1.0560539960861206
-0.94716477394104
1.0485868453979492
-0.9239729642868042
1.0410411357879639
-0.9181713461875916
1.0368618965148926
-0.9118354916572571
1.0327073335647583
-0.9055032134056091
1.0234967470169067
-0.9021763801574707
1.026275873184204
-0.9018839001655579
1.0358819961547852
-0.9076374173164368
1.0366796255111694
-0.9020530581474304
1.0247024297714233
-0.8836218118667603
1.007211446762085
-0.8702906966209412
1.003292441368103
-0.8641746640205383
1.0005775690078735
-0.8454187512397766
1.0275647640228271
-0.8561193943023682
1.0140981674194336
-0.85570228099823
1.0142287015914917
-0.8563184142112732
1.0066938400268555
-0.8459694981575012
1.002657175064087
-0.839236855506897
0.9898287057876587
-0.8217391967773438
0.9860382080078125
-0.8154784440994263
0.9776482582092285
-0.7974817752838135
0.9868233799934387
-0.8064995408058167
0.9773463010787964
-0.7928940057754517
0.9734070897102356
-0.7868318557739258
0.9711898565292358
-0.788140594959259
0.9670466184616089
-0.78205806016922
0.9555400609970093
-0.7706261873245239
0.9978130459785461
-0.7819154858589172
0.9666176438331604
-0.7618129849433899
0.9626758098602295
-0.7557594180107117
0.9557071924209595
-0.7548348307609558
0.9519572854042053
-0.7487068772315979
0.9481685757637024
-0.7426087856292725
0.9505639672279358
-0.7443339228630066
0.9449403285980225
-0.7359833717346191
0.9412784576416016
-0.729907214641571
0.9299941658973694
-0.7129437923431396
0.9262757301330566
-0.7070940136909485
0.961959958076477
-0.7189635038375854
0.9402576088905334
-0.7054871916770935
0.9218389987945557
-0.6874113082885742
0.9225391149520874
-0.6885747909545898
0.9266694188117981
-0.6867948770523071
0.9230156540870667
-0.680764377117157
0.9178045988082886
-0.676077127456665
0.9150593876838684
-0.6696020364761353
0.8952576518058777
-0.6423823237419128
0.8877553343772888
-0.637101411819458
0.8907984495162964
-0.6325040459632874
0.887475311756134
-0.6268084049224854
0.8886758089065552
-0.6306318044662476
0.877640426158905
-0.6161449551582336
0.8682028651237488
-0.6041131615638733
0.8647821545600891
-0.5987024307250977
0.8602858185768127
-0.5876783728599548
0.8569320440292358
-0.582362949848175
0.8456569910049438
-0.5655830502510071
0.8495897054672241
-0.5679172873497009
0.8461452722549438
-0.5626446008682251
0.8498808741569519
-0.5610350370407104
0.8450462818145752
-0.5549348592758179
0.856445848941803
-0.5590696930885315
0.8527830839157104
-0.5536255836486816
0.845490038394928
-0.5449994802474976
0.837145209312439
-0.5341419577598572
0.8337143063545227
-0.5290033221244812
0.8499096632003784
-0.5337942242622375
0.8332002758979797
-0.5098281502723694
0.82947838306427
-0.5047714710235596
0.8256445527076721
-0.4997241497039795
0.8248682022094727
-0.4853077530860901
0.822374165058136
-0.4774206280708313
0.8181352615356445
-0.4726084768772125
0.8035262227058411
-0.46669185161590576
0.7996063232421875
-0.4620707035064697
0.7984869480133057
-0.46456006169319153
0.8153274655342102
-0.46197301149368286
0.8103751540184021
-0.456913560628891
0.805672287940979
-0.4522517919540405
0.8016560673713684
-0.45111384987831116
0.7924425601959229
-0.4296661615371704
0.787431001663208
-0.42536795139312744
0.7823612093925476
-0.4211331307888031
0.7772517800331116
-0.4169725179672241
0.7683506011962891
-0.41064155101776123
0.7630332112312317
-0.4067804217338562
0.7562988996505737
-0.39763230085372925
0.7616978287696838
-0.40149521827697754
0.7714418768882751
-0.4047222137451172
0.7562471628189087
-0.3944585919380188
0.7475428581237793
-0.387527734041214
0.7386923432350159
-0.3860028088092804
0.7326167225837708
-0.3830808401107788
0.7266062498092651
-0.3802495300769806
0.7389507293701172
-0.3806014955043793
0.7406690716743469
-0.37424343824386597
0.7294368147850037
-0.3572673201560974
0.7286945581436157
-0.3580789268016815
0.7220954298973083
-0.35552462935447693
0.7169334888458252
-0.35477855801582336
0.7174729108810425
-0.34905850887298584
0.7002185583114624
-0.3404436707496643
0.6936189532279968
-0.3386128842830658
0.6985776424407959
-0.34247031807899475
0.6822765469551086
-0.33225882053375244
0.677555501461029
-0.33439233899116516
0.6709179282188416
-0.33302322030067444
0.6727296113967896
-0.3255451023578644
0.6589444279670715
-0.3267221748828888
0.6524732708930969
-0.3256039321422577
0.6377677321434021
-0.32529574632644653
0.6357354521751404
-0.3117122948169708
0.6293100118637085
-0.310927152633667
0.6170381903648376
-0.3082111179828644
0.6240333914756775
-0.3113037645816803
0.6174492239952087
-0.3106263279914856
0.5989043116569519
-0.28744420409202576
0.604995608329773
-0.3041272759437561
0.5824224948883057
-0.2985709607601166
0.5744289755821228
-0.29656121134757996
0.5623588562011719
-0.2860811650753021
0.5566982626914978
-0.27992773056030273
0.5547860860824585
-0.2962590157985687
0.5461855530738831
-0.2946892976760864
0.5402863621711731
-0.2906142473220825
0.5435401797294617
-0.2980967164039612
0.5329731106758118
-0.30190208554267883
0.5272700786590576
-0.30126065015792847
0.5094690322875977
-0.30305707454681396
0.504359245300293
-0.30246642231941223
0.4990236461162567
-0.30186787247657776
0.5120097994804382
-0.3021871745586395
0.5146288275718689
-0.3042759597301483
0.5088087320327759
-0.3034766614437103
0.5079004168510437
-0.3039800226688385
0.5072634220123291
-0.30517420172691345
0.49565255641937256
-0.3001668155193329
0.4813680946826935
-0.29157716035842896
0.4810953438282013
-0.2950872480869293
0.47551605105400085
-0.29413852095603943
0.4700435996055603
-0.2932489216327667
0.46460986137390137
-0.2924080789089203
0.4730653166770935
-0.2870955765247345
0.47476401925086975
-0.28605279326438904
0.46889209747314453
-0.285270631313324
0.4599332809448242
-0.2810364067554474
0.4542529881000519
-0.2803497910499573
0.4571913480758667
-0.28833943605422974
0.45146313309669495
-0.2873358726501465
0.4457780718803406
-0.28639742732048035
0.45086348056793213
-0.2848128080368042
0.44491422176361084
-0.2837878465652466
0.4324214458465576
-0.2890406847000122
0.42687907814979553
-0.28809821605682373
0.4305076003074646
-0.2794625461101532
0.4247383773326874
-0.2784871757030487
0.4141855239868164
-0.2800227403640747
0.4206479489803314
-0.2814127206802368
0.4229312837123871
-0.27301982045173645
0.4171309471130371
-0.2718954384326935
0.4014268219470978
-0.27701860666275024
0.39587971568107605
-0.2761746942996979
0.39989274740219116
-0.27767959237098694
0.3986072540283203
-0.2772425711154938
0.3800564408302307
-0.2690843939781189
0.37046536803245544
-0.2651248276233673
0.3650727868080139
-0.2644367218017578
0.35188156366348267
-0.2571735084056854
0.34611544013023376
-0.25675007700920105
0.34097912907600403
-0.25643011927604675
0.33590176701545715
-0.25616544485092163
0.33540818095207214
-0.2541320025920868
0.31968560814857483
-0.2461448311805725
0.31361544132232666
-0.2402876913547516
0.30617332458496094
-0.25162211060523987
0.30628886818885803
-0.25220784544944763
0.30637186765670776
-0.25284358859062195
0.28865543007850647
-0.2432406097650528
0.28271764516830444
-0.24313554167747498
0.2712703347206116
-0.24354512989521027
0.26714688539505005
-0.2453644573688507
0.25305265188217163
-0.24329423904418945
0.2418847531080246
-0.24240078032016754
0.2456309050321579
-0.2387806475162506
0.24087849259376526
-0.23933251202106476
0.23233860731124878
-0.24066458642482758
0.23346813023090363
-0.24188843369483948
0.228664830327034
-0.24263563752174377
0.22392888367176056
-0.24341453611850739
0.22115634381771088
-0.23997315764427185
0.22294065356254578
-0.23443882167339325
0.21451349556446075
-0.2310282588005066
0.21052582561969757
-0.23552745580673218
0.2090568095445633
-0.2394121140241623
0.20421667397022247
-0.24050883948802948
0.20385578274726868
-0.2379382997751236
0.20751604437828064
-0.23396515846252441
0.20232102274894714
-0.23537194728851318
0.19735795259475708
-0.23675748705863953
0.20676591992378235
-0.23729963600635529
0.19787080585956573
-0.23581701517105103
0.1906336098909378
-0.2281550168991089
0.19158555567264557
-0.2296312153339386
0.19564588367938995
-0.23037207126617432
0.18881525099277496
-0.2349824607372284
0.1836402714252472
-0.23664866387844086
0.17601698637008667
-0.2340478152036667
0.17094482481479645
-0.23583833873271942
0.17446169257164001
-0.23363631963729858
0.16919201612472534
-0.23546747863292694
0.15438073873519897
-0.22969035804271698
0.14952217042446136
-0.2317153662443161
0.1531473696231842
-0.2339378446340561
0.14800705015659332
-0.23624670505523682
0.1430758833885193
-0.23849280178546906
0.1396617889404297
-0.24093706905841827
0.1316199153661728
-0.2425079047679901
0.12683622539043427
-0.24486218392848969
0.11669392138719559
-0.24441733956336975
0.10540872812271118
-0.24208040535449982
0.0938359797000885
-0.24643917381763458
0.08958177268505096
-0.24906060099601746
0.08529242128133774
-0.2517224848270416
0.07058093696832657
-0.25731727480888367
0.06668794900178909
-0.26004543900489807
0.06270375847816467
-0.2628541588783264
0.05873935669660568
-0.265664279460907
0.047081924974918365
-0.2704556882381439
0.03051738254725933
-0.27597901225090027
0.02696930058300495
-0.27869853377342224
0.0200986098498106
-0.2770918011665344
0.016420649364590645
-0.28010526299476624
0.009634812362492085
-0.2820756733417511
0.006276600994169712
-0.28501471877098083
0.0012480078730732203
-0.28901317715644836
-0.001438689767383039
-0.289310485124588
-0.009807880967855453
-0.29578763246536255
-0.020884783938527107
-0.2988836169242859
-0.02060776576399803
-0.3023652136325836
-0.030265772715210915
-0.31303057074546814
-0.03324943035840988
-0.31600984930992126
-0.04276663810014725
-0.31993135809898376
-0.04708201810717583
-0.32342928647994995
-0.04506727680563927
-0.33324241638183594
-0.056717660278081894
-0.3392848074436188
-0.06030725687742233
-0.3411252498626709
-0.06313125044107437
-0.34410151839256287
-0.06596037745475769
-0.3470977246761322
-0.07597142457962036
-0.35170677304267883
-0.08396526426076889
-0.3570541739463806
-0.09258931875228882
-0.36533182859420776
-0.09513295441865921
-0.3681299686431885
-0.09698450565338135
-0.370245099067688
-0.10027626901865005
-0.3729707896709442
-0.1028897613286972
-0.3759000897407532
-0.10551296174526215
-0.37885919213294983
-0.10196933150291443
-0.378826767206192
-0.10475081205368042
-0.38188427686691284
-0.1074725016951561
-0.3848942220211029
-0.11128652840852737
-0.38838621973991394
-0.11890221387147903
-0.39409777522087097
-0.12030667811632156
-0.39425763487815857
-0.11811290681362152
-0.3948953151702881
-0.11914559453725815
-0.3972967863082886
-0.12205030769109726
-0.4002062678337097
-0.11555805802345276
-0.40428370237350464
-0.12150313705205917
-0.4035310447216034
-0.13560959696769714
-0.4085833728313446
-0.1384446620941162
-0.4114764630794525
-0.13617855310440063
-0.40958958864212036
-0.1436733603477478
-0.4143620431423187
-0.146426722407341
-0.41737937927246094
-0.14055472612380981
-0.4137374758720398
-0.1437215358018875
-0.41712698340415955
-0.1417461484670639
-0.4198697507381439
-0.14237576723098755
-0.42033761739730835
-0.14544543623924255
-0.4234546422958374
-0.1463385969400406
-0.42601683735847473
-0.14943765103816986
-0.42914414405822754
-0.15064561367034912
-0.42822620272636414
-0.15381251275539398
-0.43133544921875
-0.1499427706003189
-0.43596315383911133
-0.15793415904045105
-0.4369191825389862
-0.16805030405521393
-0.4407675862312317
-0.17467230558395386
-0.44367578625679016
-0.17910698056221008
-0.44887739419937134
-0.18221215903759003
-0.4517854154109955
-0.1728643774986267
-0.4454120695590973
-0.1780671626329422
-0.4513741433620453
-0.18125464022159576
-0.45444244146347046
-0.18444189429283142
-0.45754188299179077
-0.1900385022163391
-0.46075788140296936
-0.19292490184307098
-0.46280303597450256
-0.1953302025794983
-0.4643998444080353
-0.19774258136749268
-0.4706706404685974
-0.20080579817295074
-0.47389405965805054
-0.20746564865112305
-0.48096975684165955
-0.21696679294109344
-0.48820704221725464
-0.21933907270431519
-0.49269846081733704
-0.2221900224685669
-0.4959105849266052
-0.22504381835460663
-0.4991523325443268
-0.23082669079303741
-0.4994312524795532
-0.2392662763595581
-0.5045861005783081
-0.24205197393894196
-0.5075984001159668
-0.2386385053396225
-0.5095125436782837
-0.24156375229358673
-0.5126486420631409
-0.2514885663986206
-0.5168764591217041
-0.2535075843334198
-0.5205819606781006
-0.25634247064590454
-0.5236696600914001
-0.26685816049575806
-0.5243600606918335
-0.26960793137550354
-0.5272676348686218
-0.27172157168388367
-0.5348451733589172
-0.27443990111351013
-0.5379443168640137
-0.27927497029304504
-0.541091799736023
-0.28197360038757324
-0.5441348552703857
-0.2846803367137909
-0.5472257137298584
-0.28772661089897156
-0.5488739013671875
-0.2915274500846863
-0.5505789518356323
-0.29220062494277954
-0.5537087917327881
-0.294918417930603
-0.5568756461143494
-0.2976052165031433
-0.5600451231002808
-0.2960502505302429
-0.563439130783081
-0.30474498867988586
-0.5661007165908813
-0.3073457181453705
-0.5692628026008606
-0.30661994218826294
-0.5723094940185547
-0.31066572666168213
-0.578320324420929
-0.31626972556114197
-0.5772823095321655
-0.3140709102153778
-0.5808129906654358
-0.3166135549545288
-0.5842136144638062
-0.3191443085670471
-0.587629497051239
-0.33073633909225464
-0.5875714421272278
-0.32886314392089844
-0.5883228182792664
-0.3314138948917389
-0.5917304158210754
-0.3366735279560089
-0.5976978540420532
-0.3331127464771271
-0.6003074645996094
-0.3354823589324951
-0.6039479970932007
-0.3451252281665802
-0.6008949875831604
-0.34715381264686584
-0.6053095459938049
-0.3495705723762512
-0.6084282398223877
-0.3527054190635681
-0.6085969805717468
-0.35296574234962463
-0.6129618883132935
-0.35526272654533386
-0.6166226267814636
-0.3592008054256439
-0.6182917356491089
-0.3657144010066986
-0.6266363859176636
-0.3665141761302948
-0.6272823810577393
-0.3686937093734741
-0.630998969078064
-0.3700679540634155
-0.6312785744667053
-0.3735989034175873
-0.6329761147499084
-0.378827840089798
-0.638003408908844
-0.37812188267707825
-0.6408649682998657
-0.3807365596294403
-0.6460514068603516
-0.3872850835323334
-0.6507607698440552
-0.38929593563079834
-0.6545318961143494
-0.39155587553977966
-0.659208357334137
-0.3935999572277069
-0.6629672646522522
-0.39034149050712585
-0.673393964767456
-0.4014313220977783
-0.6778051853179932
-0.40198972821235657
-0.6803673505783081
-0.40884849429130554
-0.6871145367622375
-0.4107179641723633
-0.690837025642395
-0.41260796785354614
-0.694611668586731
-0.41419726610183716
-0.6943687200546265
-0.4159957766532898
-0.6982182264328003
-0.4095233976840973
-0.7023961544036865
-0.41771161556243896
-0.7094461917877197
-0.41309478878974915
-0.717547595500946
-0.41477063298225403
-0.7215139865875244
-0.41645434498786926
-0.7254772782325745
-0.422878623008728
-0.7205413579940796
-0.4246823787689209
-0.7244685292243958
-0.42430752515792847
-0.7387548089027405
-0.4241802394390106
-0.7406212687492371
-0.42576584219932556
-0.7446349859237671
-0.4373328387737274
-0.7478041052818298
-0.4387231767177582
-0.7537806630134583
-0.4403016269207001
-0.7577193379402161
-0.4469427466392517
-0.7587479948997498
-0.43934282660484314
-0.7611004710197449
-0.44601187109947205
-0.7656640410423279
-0.44759243726730347
-0.7696171402931213
-0.4436306953430176
-0.7716977000236511
-0.45038649439811707
-0.7693873643875122
-0.44744187593460083
-0.7784095406532288
-0.4525335133075714
-0.779445230960846
-0.44934630393981934
-0.7864559888839722
-0.4542393982410431
-0.7858994603157043
-0.4561311602592468
-0.7856338024139404
-0.4578412175178528
-0.7896878123283386
-0.4599013030529022
-0.7934974431991577
-0.46618276834487915
-0.7933566570281982
-0.46976837515830994
-0.7954205274581909
-0.47137656807899475
-0.7994875311851501
-0.4749063551425934
-0.8056823015213013
-0.4709249436855316
-0.8065521121025085
-0.46433401107788086
-0.8159003257751465
-0.46595993638038635
-0.8200644254684448
-0.46812835335731506
-0.8259981870651245
-0.462507426738739
-0.8280585408210754
-0.4689621925354004
-0.8285425901412964
-0.4749768078327179
-0.8262102603912354
-0.47733211517333984
-0.8384484052658081
-0.47929781675338745
-0.842491090297699
-0.4810538589954376
-0.8397408723831177
-0.48317840695381165
-0.8438222408294678
-0.4853071868419647
-0.8478829860687256
-0.4921867549419403
-0.8515653610229492
-0.481046199798584
-0.8591579794883728
-0.498096764087677
-0.8578835725784302
-0.4994179308414459
-0.8648278713226318
-0.4857971966266632
-0.8659659028053284
-0.4944641888141632
-0.8723475933074951
-0.49671006202697754
-0.8763489723205566
-0.484394907951355
-0.8795355558395386
-0.4903552234172821
-0.8861780762672424
-0.4925103783607483
-0.8902532458305359
-0.5036867260932922
-0.8871852159500122
-0.505980372428894
-0.8910604119300842
-0.5126529932022095
-0.8980662226676941
-0.5151035189628601
-0.8987701535224915
-0.5131248235702515
-0.8957359790802002
-0.5058147311210632
-0.9182424545288086
-0.5074018836021423
-0.924254834651947
-0.5074018836021423
-0.924254834651947
-0.5074018836021423
-0.924254834651947
-0.5109963417053223
-0.9272984862327576
-0.5315096974372864
-0.9342614412307739
-0.5395269989967346
-0.9392763376235962
-0.5395269989967346
-0.9392763376235962
-0.5434264540672302
-0.9564769268035889
-0.5434264540672302
-0.9564769268035889
-0.54909747838974
-0.9593020081520081
-0.54909747838974
-0.9593020081520081
-0.5598325133323669
-0.9665648341178894
-0.5437490940093994
-0.975659191608429
-0.5437490940093994
-0.975659191608429
-0.5437490940093994
-0.975659191608429
-0.5561221837997437
-0.9760982394218445
-0.5516242384910583
-0.9840347170829773
-0.5461729764938354
-0.9883560538291931
-0.5461729764938354
-0.9883560538291931
-0.544090747833252
-0.9900066256523132
-0.5545551776885986
-0.9920147061347961
-0.5545551776885986
-0.9920147061347961
-0.5588241815567017
-0.9896891117095947
-0.5588241815567017
-0.9896891117095947
-0.5497579574584961
-0.9907910823822021
-0.5497579574584961
-0.9907910823822021
-0.5567198395729065
-0.992314338684082
-0.5520896315574646
-0.9902073740959167
-0.5520896315574646
-0.9902073740959167
-0.550321102142334
-0.9894025325775146
-0.5612284541130066
-0.9842441082000732
-0.5719092488288879
-0.9849931597709656
-0.5759889483451843
-0.9852792620658875
-0.571032702922821
-0.9826691150665283
-0.571032702922821
-0.9826691150665283
-0.581684947013855
-0.9882691502571106
-0.5689148902893066
-0.9913510680198669
-0.5586540699005127
-0.9909839034080505
-0.5586540699005127
-0.9909839034080505
-0.5547348260879517
-0.990843653678894
-0.5653902292251587
-0.9788559675216675
-0.5669843554496765
-0.9802156686782837
-0.5669843554496765
-0.9802156686782837
-0.580138623714447
-0.9873319864273071
-0.580138623714447
-0.9873319864273071
-0.580138623714447
-0.9873319864273071
-0.5578993558883667
-0.9898907542228699
-0.5544465184211731
-0.9904261231422424
-0.5544465184211731
-0.9904261231422424
-0.5480858683586121
-0.9910725951194763
-0.548791766166687
-0.9897330403327942
-0.548791766166687
-0.9897330403327942
-0.548791766166687
-0.9897330403327942
-0.5509677529335022
-0.9903658628463745
-0.5571819543838501
-0.9921519160270691
-0.5522661805152893
-0.9901453256607056
