1.4538896083831787
0.43444448709487915
1.4537744522094727
0.42151862382888794
1.4516222476959229
0.4272671043872833
1.457139253616333
0.41576364636421204
1.4549989700317383
0.4216414988040924
1.4571866989135742
0.42830178141593933
1.4550024271011353
0.43422606587409973
1.4448155164718628
0.4326634705066681
1.442630410194397
0.43857675790786743
1.4501945972442627
0.4408871531486511
1.4420669078826904
0.43653610348701477
1.4398685693740845
0.4424653649330139
1.4504643678665161
0.4243491590023041
1.4622958898544312
0.4148772060871124
1.4790345430374146
0.4342063069343567
1.4769035577774048
0.440554678440094
1.486906886100769
0.4500454366207123
1.4785598516464233
0.43142685294151306
1.4763747453689575
0.4379021227359772
1.466700792312622
0.42652812600135803
1.4645719528198242
0.43303897976875305
1.458882212638855
0.42532044649124146
1.4568909406661987
0.43167048692703247
1.4524359703063965
0.40001434087753296
1.4504390954971313
0.41207122802734375
1.4483684301376343
0.42007315158843994
1.432146430015564
0.43886157870292664
1.4303052425384521
0.4455559253692627
1.431019902229309
0.42124781012535095
1.4294466972351074
0.42811551690101624
1.4244284629821777
0.4478948414325714
1.427308201789856
0.4591606855392456
1.4290763139724731
0.4852467477321625
1.427902102470398
0.49225491285324097
1.4286372661590576
0.5057637691497803
1.4256936311721802
0.5061593055725098
1.4329520463943481
0.5003741383552551
1.426628589630127
0.5083500742912292
1.4259575605392456
0.5153098106384277
1.4415924549102783
0.5607665777206421
1.43055260181427
0.5681281089782715
1.421693205833435
0.5818126797676086
1.4203108549118042
0.5686306953430176
1.4202262163162231
0.5757237076759338
1.4352457523345947
0.6184768676757812
1.4191792011260986
0.6160091161727905
1.4194508790969849
0.6230053305625916
1.4168076515197754
0.6179616451263428
1.417268991470337
0.6184174418449402
1.415055751800537
0.6215425133705139
1.415608525276184
0.6285155415534973
1.4151694774627686
0.6325831413269043
1.4157590866088867
0.6395398378372192
1.4165514707565308
0.6703775525093079
1.4187082052230835
0.6649736166000366
1.4195178747177124
0.6717650890350342
1.4211324453353882
0.6956191062927246
1.422008991241455
0.702320396900177
1.431251883506775
0.6916540861129761
1.4266098737716675
0.6928809881210327
1.4274436235427856
0.699542760848999
1.42585289478302
0.7046794891357422
1.4280751943588257
0.7353509664535522
1.4251707792282104
0.7324832677841187
1.4261058568954468
0.738997220993042
1.4269710779190063
0.7455422878265381
1.4351146221160889
0.7421450614929199
1.4317899942398071
0.7483508586883545
1.4324902296066284
0.7548903226852417
1.4316436052322388
0.7624207735061646
1.4355003833770752
0.789778470993042
1.449570655822754
0.7880980968475342
1.4429377317428589
0.788103461265564
1.4435244798660278
0.7945658564567566
1.4419491291046143
0.8233950734138489
1.4396767616271973
0.8129982352256775
1.4399261474609375
0.8195319175720215
1.4379608631134033
0.8229264616966248
1.441707730293274
0.8308139443397522
1.4398667812347412
0.8383212685585022
1.4397984743118286
0.8450821042060852
1.4334529638290405
0.8434293270111084
1.4332579374313354
0.8502262830734253
1.4532153606414795
0.8550714254379272
1.4514952898025513
0.8608009815216064
1.4566397666931152
0.897883951663971
1.4560962915420532
0.9048050045967102
1.450156331062317
0.8504805564880371
1.4492764472961426
0.8574395775794983
1.4512543678283691
0.8807655572891235
1.465767502784729
0.8937824964523315
1.4597899913787842
0.9069018363952637
1.4709542989730835
0.919550359249115
1.4581711292266846
0.9317840337753296
1.4565818309783936
0.9387917518615723
1.449331521987915
0.895825207233429
1.447306513786316
0.9030049443244934
1.4489915370941162
0.9264580607414246
1.4493848085403442
0.9457026720046997
1.4471770524978638
0.9530029892921448
1.4796319007873535
1.001696228981018
1.464309811592102
0.9958179593086243
1.4510585069656372
1.0012259483337402
1.4449621438980103
1.006673812866211
1.4420461654663086
1.0139082670211792
1.422081470489502
1.017084002494812
1.419183611869812
1.024301528930664
1.4251633882522583
1.0281391143798828
1.4292689561843872
1.032833218574524
1.431117057800293
1.0588116645812988
1.4252113103866577
1.0631459951400757
1.421608328819275
1.070228099822998
1.4362910985946655
1.0736620426177979
1.4270564317703247
1.0746656656265259
1.4216610193252563
1.080843448638916
1.4543095827102661
1.127892255783081
1.450934886932373
1.1191551685333252
1.4463837146759033
1.1263363361358643
1.4217019081115723
1.1292448043823242
1.4510776996612549
1.1640571355819702
1.4248443841934204
1.1549545526504517
1.4199144840240479
1.1619020700454712
1.3804771900177002
1.1680935621261597
1.3755234479904175
1.1749553680419922
1.4144171476364136
1.2111960649490356
1.4107495546340942
1.1952788829803467
1.405263900756836
1.2019425630569458
1.3674184083938599
1.2096773386001587
1.363681674003601
1.2009928226470947
1.3479880094528198
1.1993827819824219
1.3425004482269287
1.2054533958435059
1.3590954542160034
1.2095404863357544
1.3816567659378052
1.264218807220459
1.33633291721344
1.2594863176345825
1.3304344415664673
1.2655279636383057
1.3452274799346924
1.2558342218399048
1.339234709739685
1.2614816427230835
1.3478522300720215
1.290421485900879
1.3415131568908691
1.2959296703338623
1.3117496967315674
1.2936347723007202
1.3112547397613525
1.2934168577194214
1.30500066280365
1.2986077070236206
1.3205221891403198
1.3466697931289673
1.3138189315795898
1.3517405986785889
1.2868579626083374
1.3326729536056519
1.286122441291809
1.3241662979125977
1.26319420337677
1.3107041120529175
1.2569693326950073
1.3155618906021118
1.2385072708129883
1.3136160373687744
1.2476725578308105
1.3235948085784912
1.2324421405792236
1.3198567628860474
1.202176809310913
1.3383266925811768
1.210191011428833
1.35154390335083
1.211660385131836
1.3628860712051392
1.228821039199829
1.4094616174697876
1.2226322889328003
1.4139330387115479
1.1949676275253296
1.4020098447799683
1.2166504859924316
1.4334592819213867
1.2103629112243652
1.4379280805587769
1.172698974609375
1.4257311820983887
1.166693091392517
1.4302998781204224
1.1715091466903687
1.4170767068862915
1.1656689643859863
1.4217692613601685
1.1657906770706177
1.4165598154067993
1.1408724784851074
1.4162330627441406
1.128147840499878
1.4155573844909668
1.1378151178359985
1.418819785118103
1.1343635320663452
1.4286736249923706
1.1289048194885254
1.4337213039398193
1.0988681316375732
1.4399561882019043
1.0980359315872192
1.44853937625885
1.1137335300445557
1.4934718608856201
1.0757746696472168
1.4841917753219604
1.070821762084961
1.4893863201141357
1.0561943054199219
1.4849283695220947
1.0367523431777954
1.4910705089569092
1.0472286939620972
1.49355149269104
1.0481370687484741
1.498571515083313
1.043641448020935
1.5036715269088745
1.0187788009643555
1.5094783306121826
1.0253208875656128
1.5153155326843262
1.020865797996521
1.5205614566802979
1.0165940523147583
1.52556312084198
0.9952789545059204
1.5216100215911865
0.991146445274353
1.5268725156784058
1.0014612674713135
1.5337235927581787
1.026627540588379
1.5734217166900635
1.0362036228179932
1.5994184017181396
1.0386645793914795
1.6195883750915527
1.0343410968780518
1.625254511833191
1.0299407243728638
1.630913496017456
1.0112329721450806
1.6048787832260132
1.0042450428009033
1.588093638420105
0.9896237254142761
1.581270456314087
0.9855937361717224
1.5869628190994263
0.9815537333488464
1.5925620794296265
0.9954479336738586
1.6318824291229248
0.977373480796814
1.6105848550796509
0.9733960032463074
1.6163398027420044
0.9693962335586548
1.62200129032135
0.9653165936470032
1.627655029296875
0.9421777725219727
1.618536353111267
0.9350630044937134
1.6171069145202637
0.9211306571960449
1.6200031042099
0.9536042809486389
1.662063479423523
0.9495463967323303
1.667451024055481
0.9455938935279846
1.6595933437347412
0.9408099055290222
1.6603385210037231
0.9363290667533875
1.665897011756897
0.9317544102668762
1.6714529991149902
0.9256340265274048
1.678593397140503
0.9008018970489502
1.677819848060608
0.8960815072059631
1.683201551437378
0.9244848489761353
1.7247174978256226
0.905385434627533
1.7109841108322144
0.8812618851661682
1.7064050436019897
0.9076191782951355
1.7473574876785278
0.9022930264472961
1.7521520853042603
0.8963493704795837
1.7421244382858276
0.8906911611557007
1.747164011001587
0.9068780541419983
1.7780494689941406
0.9130619168281555
1.8007439374923706
0.9065789580345154
1.805585503578186
0.8606685400009155
1.7876895666122437
0.8564695715904236
1.7781566381454468
0.8751433491706848
1.8076950311660767
0.8688521981239319
1.8119051456451416
0.8560982942581177
1.7983299493789673
0.8319570422172546
1.7880852222442627
0.8484905958175659
1.8261362314224243
0.813844621181488
1.8147677183151245
0.8324657678604126
1.8456252813339233
0.8257259726524353
1.8492366075515747
0.797361433506012
1.8176074028015137
0.7903295755386353
1.8213938474655151
0.7837647795677185
1.8249101638793945
0.7922212481498718
1.7134935855865479
0.7851032614707947
1.7170615196228027
0.7729676365852356
1.7430249452590942
0.7627329230308533
1.8114278316497803
0.755730926990509
1.8147661685943604
0.770854115486145
1.8608403205871582
0.7512555122375488
1.859076738357544
0.7127274870872498
1.8636759519577026
0.7090611457824707
1.8662536144256592
0.6962738633155823
1.844247817993164
0.6897020936012268
1.8470350503921509
0.683204174041748
1.8498003482818604
0.677680253982544
1.8641955852508545
0.6712396144866943
1.8668514490127563
0.692079484462738
1.9002965688705444
0.6847791075706482
1.902961254119873
0.6436929106712341
1.894595980644226
0.645211398601532
1.8925267457962036
0.6577756404876709
1.9202556610107422
0.6508509516716003
1.9226958751678467
0.6540895104408264
1.9391294717788696
0.64698725938797
1.9414843320846558
0.6236346364021301
1.9178078174591064
0.616651713848114
1.9203253984451294
0.6023013591766357
1.9199191331863403
0.6006608009338379
1.9448504447937012
0.5886845588684082
1.934249997138977
0.5613844394683838
1.9105249643325806
0.5550240278244019
1.9132030010223389
0.5489259958267212
1.9157658815383911
0.5428147912025452
1.9183270931243896
0.5366968512535095
1.9208813905715942
0.5562740564346313
1.9473590850830078
0.5458871126174927
1.9427415132522583
0.5341601967811584
1.943638563156128
0.5194901823997498
1.9326438903808594
0.5132454633712769
1.935524821281433
0.5068452954292297
1.9453833103179932
0.5007562041282654
1.948265552520752
0.4817184805870056
1.9432803392410278
0.4834926426410675
1.948431134223938
0.47758978605270386
1.951249122619629
0.4914189279079437
1.976436972618103
0.468558132648468
1.9630661010742188
0.46225306391716003
1.9659757614135742
0.47138118743896484
1.9896292686462402
0.45889660716056824
1.9847875833511353
0.4438425302505493
1.9848800897598267
0.4310820400714874
1.987663745880127
0.42514100670814514
1.9904991388320923
0.416317880153656
1.966874361038208
0.41238242387771606
1.9788830280303955
0.4049254357814789
1.9891010522842407
0.39679378271102905
1.99728262424469
0.3909846842288971
2.000218629837036
0.3822409212589264
1.9951491355895996
0.3925374448299408
2.0186541080474854
0.3771022856235504
2.009296417236328
0.372583270072937
2.013733148574829
0.36671194434165955
2.0166637897491455
0.37596750259399414
2.036747455596924
0.36565959453582764
2.0317561626434326
0.3593006134033203
2.034487009048462
0.36108270287513733
2.0506863594055176
0.3545082211494446
2.0532186031341553
0.3479010760784149
2.0557146072387695
0.34210464358329773
2.048107385635376
0.3349076509475708
2.0455572605133057
0.32839468121528625
2.0482139587402344
0.333933025598526
2.0632309913635254
0.3272385597229004
2.065505027770996
0.32223281264305115
2.057222366333008
0.31430914998054504
2.0539846420288086
0.30747178196907043
2.0565216541290283
0.3124830722808838
2.0707199573516846
0.3003721535205841
2.066115140914917
0.2899176776409149
2.0651814937591553
0.2885921001434326
2.0803089141845703
0.28158485889434814
2.0825045108795166
0.2893926203250885
2.0891761779785156
0.26924073696136475
2.0836284160614014
0.26496949791908264
2.095472812652588
0.25668835639953613
2.1037967205047607
0.24938997626304626
2.1056711673736572
0.23723295331001282
2.0989460945129395
0.2407013326883316
2.1058921813964844
0.23346823453903198
2.107701063156128
0.22140070796012878
2.101459264755249
0.21415141224861145
2.1033458709716797
0.1973782628774643
2.1003222465515137
0.190248042345047
2.1022346019744873
0.18748022615909576
2.114448070526123
0.18430277705192566
2.1225531101226807
0.16747158765792847
2.118241786956787
0.16029299795627594
2.1197428703308105
0.1532159149646759
2.1211793422698975
0.1461363136768341
2.1225738525390625
0.14561085402965546
2.130107879638672
0.1346265971660614
2.126392126083374
0.11995524168014526
2.126199960708618
0.11292701214551926
2.1275086402893066
0.09150227159261703
2.1304233074188232
0.08467937260866165
2.131805658340454
0.07803304493427277
2.133108139038086
0.06743419915437698
2.128911018371582
0.06081222742795944
2.130204200744629
0.05033940076828003
2.1329474449157715
0.014673776924610138
2.1420907974243164
0.008337697014212608
2.1432600021362305
0.02108163759112358
2.146496057510376
0.010954386554658413
2.144728183746338
0.00514665013179183
2.1498234272003174
-0.0012598502216860652
2.1504721641540527
-0.007712555583566427
2.151093006134033
-0.016148189082741737
2.151658058166504
-0.033463701605796814
2.1553220748901367
-0.03976612165570259
2.155968189239502
-0.043045785278081894
2.15877366065979
-0.05452291667461395
2.1581881046295166
-0.06652276962995529
2.1595988273620605
-0.07269931584596634
2.1600687503814697
-0.083778977394104
2.1741561889648438
-0.08156154304742813
2.1750519275665283
-0.09062120318412781
2.164764881134033
-0.09062278270721436
2.161411762237549
-0.0970749706029892
2.161271810531616
-0.09950383007526398
2.1637327671051025
-0.11626162379980087
2.1666934490203857
-0.11867565661668777
2.1690144538879395
-0.12531107664108276
2.1689951419830322
-0.13311535120010376
2.169201612472534
-0.13889938592910767
2.1671693325042725
-0.14127030968666077
2.1656599044799805
-0.1446700096130371
2.1667892932891846
-0.15883277356624603
2.1728644371032715
-0.15362851321697235
2.1722300052642822
-0.16000975668430328
2.1714444160461426
-0.15908673405647278
2.17146372795105
-0.1658501774072647
2.170793294906616
-0.1586560308933258
2.1693179607391357
-0.1768941581249237
2.17918062210083
-0.18545877933502197
2.184926748275757
-0.19224578142166138
2.1844475269317627
-0.18610410392284393
2.182986259460449
-0.18132001161575317
2.1815433502197266
-0.16921456158161163
2.1761691570281982
-0.17671020328998566
2.175398349761963
-0.17113877832889557
2.176356554031372
-0.17890752851963043
2.1757545471191406
-0.15697795152664185
2.1718266010284424
-0.1510648876428604
2.1704297065734863
-0.15943077206611633
2.1695868968963623
-0.15270505845546722
2.169020414352417
-0.15176521241664886
2.1691763401031494
-0.16061581671237946
2.168302059173584
-0.16058684885501862
2.172395706176758
-0.1695350706577301
2.1717617511749268
-0.1630186289548874
2.1707942485809326
-0.17215120792388916
2.17024827003479
-0.16096661984920502
2.169304132461548
-0.1545620858669281
2.168769598007202
-0.16394570469856262
2.174825429916382
-0.17370639741420746
2.1738369464874268
-0.17807511985301971
2.1761608123779297
-0.1772097796201706
2.1618399620056152
-0.1814918965101242
2.16351056098938
-0.1708519458770752
2.1733193397521973
-0.1704600602388382
2.169736385345459
-0.17194339632987976
2.1649129390716553
-0.17082947492599487
2.1703882217407227
-0.17022563517093658
2.1721763610839844
-0.17691119015216827
2.168804407119751
-0.19043029844760895
2.160682201385498
-0.1939362734556198
2.1692562103271484
-0.19899237155914307
2.1693882942199707
-0.21619711816310883
2.1690735816955566
-0.22277502715587616
2.1643552780151367
-0.23823411762714386
2.159619092941284
-0.2473236620426178
2.155609607696533
-0.26264071464538574
2.1540334224700928
-0.2744889557361603
2.165900707244873
-0.30067649483680725
2.1528892517089844
-0.31047114729881287
2.1512935161590576
-0.32221439480781555
2.1537063121795654
-0.35527586936950684
2.1486523151397705
-0.3623265027999878
2.1612985134124756
-0.3711552917957306
2.1597466468811035
-0.3962438702583313
2.1681501865386963
-0.40472763776779175
2.1667842864990234
-0.4001193642616272
2.1497318744659424
-0.4070495069026947
2.1390929222106934
-0.43289944529533386
2.1375651359558105
-0.4414141774177551
2.1360301971435547
-0.46557489037513733
2.1303770542144775
-0.4865432679653168
2.1225202083587646
-0.49395668506622314
2.121486186981201
-0.48115110397338867
2.026123046875
-0.496277779340744
2.0928618907928467
-0.5039873719215393
2.0918025970458984
-0.511547863483429
2.0906968116760254
-0.5284647345542908
2.124624729156494
-0.5366373062133789
2.123779058456421
-0.5464942455291748
2.1103079319000244
-0.5536943674087524
2.1094346046447754
-0.5668722987174988
2.1182029247283936
-0.5703375339508057
2.1128828525543213
-0.5749378204345703
2.104459047317505
-0.5776069760322571
2.100599527359009
-0.5892432332038879
2.0935330390930176
-0.6097398996353149
2.1157569885253906
-0.6110464930534363
2.137119770050049
-0.6217235922813416
2.1469595432281494
-0.644894003868103
2.16143798828125
-0.6472750306129456
2.1577274799346924
-0.6465840339660645
2.1419477462768555
-0.6478090882301331
2.1431567668914795
-0.6447007656097412
2.1215476989746094
-0.6491072773933411
2.1034021377563477
-0.661173939704895
2.1313629150390625
-0.6701672673225403
2.137324333190918
-0.6773561835289001
2.135838270187378
-0.6841070652008057
2.134390115737915
-0.6921912431716919
2.132874011993408
-0.6803686618804932
2.128206968307495
-0.6806954741477966
2.132100820541382
-0.6732186079025269
2.1109774112701416
-0.6763660907745361
2.1063199043273926
-0.6765583157539368
2.093141794204712
-0.6729485392570496
2.103449583053589
-0.670992910861969
2.1097075939178467
-0.6692923903465271
2.11366868019104
-0.6772357225418091
2.1121482849121094
-0.6894963979721069
2.1389265060424805
-0.6962361335754395
2.153139591217041
-0.6877233386039734
2.1391685009002686
-0.6837805509567261
2.1151490211486816
-0.6916122436523438
2.114133596420288
-0.6849898099899292
2.1170401573181152
-0.6823137998580933
2.1182210445404053
-0.6905871629714966
2.117223024368286
-0.6886454820632935
2.100708484649658
-0.6864201426506042
2.1097536087036133
-0.6949217915534973
2.108613967895508
-0.7107952833175659
2.121445894241333
-0.7124938368797302
2.146519899368286
-0.7026929259300232
2.1369481086730957
-0.7063027024269104
2.1319847106933594
-0.7028407454490662
2.1251955032348633
-0.7066984176635742
2.1217041015625
-0.7158053517341614
2.1192126274108887
-0.7219495177268982
2.1177163124084473
-0.7337859869003296
2.1183817386627197
-0.7426705360412598
2.1166112422943115
-0.7493621706962585
2.115618944168091
-0.7596017718315125
2.1146798133850098
-0.7681629061698914
2.1129283905029297
-0.7734953761100769
2.095094680786133
-0.7819846868515015
2.0930609703063965
-0.8092894554138184
2.1290335655212402
-0.8063568472862244
2.120227813720703
-0.8110694289207458
2.113377094268799
-0.81368488073349
2.090531349182129
-0.8254278302192688
2.0951802730560303
-0.839083194732666
2.096778392791748
-0.8470978140830994
2.0948002338409424
-0.8571358323097229
2.077214002609253
-0.8649351596832275
2.0750508308410645
-0.8745407462120056
2.063760757446289
-0.876765787601471
2.0777831077575684
-0.905943751335144
2.0889058113098145
-0.9135624766349792
2.0865554809570312
-0.934862494468689
2.121246576309204
-0.9413966536521912
2.1050608158111572
-0.9483146667480469
2.102827548980713
-0.9728434681892395
2.082411527633667
-0.963946521282196
2.06148099899292
-0.9705374240875244
2.0588455200195312
-0.9772921800613403
2.056046724319458
-1.002204418182373
2.0990025997161865
-1.030248761177063
2.0641214847564697
-1.0363577604293823
2.0615296363830566
-1.022238850593567
2.051736354827881
-1.0491527318954468
2.0924620628356934
-1.0719249248504639
2.1087534427642822
-1.0776501893997192
2.1057653427124023
-1.0636565685272217
2.0561447143554688
-1.0693464279174805
2.0528929233551025
-1.0751886367797852
2.0494601726531982
-1.1023935079574585
2.0813956260681152
-1.095434308052063
2.0643515586853027
-1.0982297658920288
2.0511021614074707
-1.104461669921875
2.047069549560547
-1.1380913257598877
2.01112699508667
-1.1433950662612915
2.0073606967926025
-1.1677236557006836
1.9876621961593628
-1.1676521301269531
2.003936529159546
-1.1724153757095337
2.0001323223114014
-1.1509380340576172
1.9843107461929321
-1.1454929113388062
1.9716286659240723
-1.165024757385254
1.9908846616744995
-1.1700712442398071
1.9864485263824463
-1.1774953603744507
1.9978077411651611
-1.1824164390563965
1.993278980255127
-1.20187509059906
2.03720760345459
-1.2067129611968994
2.0326409339904785
-1.2161190509796143
2.0499467849731445
-1.220786213874817
2.0452826023101807
-1.2251642942428589
2.0210041999816895
-1.2354499101638794
2.0370278358459473
-1.2398470640182495
2.032066583633423
-1.2654420137405396
1.981321930885315
-1.2280652523040771
1.9558522701263428
-1.2196952104568481
1.9630801677703857
-1.2242588996887207
1.9579054117202759
-1.2210882902145386
1.96001136302948
-1.2462857961654663
1.9673892259597778
-1.250722885131836
1.9619303941726685
-1.2287851572036743
1.936861276626587
-1.2331794500350952
1.9312134981155396
-1.2623428106307983
1.9793967008590698
-1.2408140897750854
1.9407007694244385
-1.244972825050354
1.9347641468048096
-1.230982780456543
1.9154049158096313
-1.2411999702453613
1.9224298000335693
-1.2347756624221802
1.901911973953247
-1.2307795286178589
1.890748381614685
-1.2705334424972534
1.9453521966934204
-1.2913806438446045
1.9809304475784302
-1.2954387664794922
1.9747568368911743
-1.2994097471237183
1.9686177968978882
-1.2772048711776733
1.9197509288787842
-1.2812020778656006
1.9134832620620728
-1.2849292755126953
1.9052714109420776
-1.2878953218460083
1.8981335163116455
-1.2922894954681396
1.8897556066513062
-1.318994402885437
1.8707935810089111
-1.317318320274353
1.8640836477279663
-1.2999645471572876
1.8388447761535645
-1.3032273054122925
1.8321152925491333
-1.3144298791885376
1.831947684288025
-1.3234310150146484
1.826145887374878
-1.3265535831451416
1.819299578666687
-1.329658031463623
1.8124476671218872
-1.3163485527038574
1.795786738395691
-1.3290889263153076
1.7969354391098022
-1.337943434715271
1.7899799346923828
-1.3408156633377075
1.7829992771148682
-1.3722079992294312
1.8228304386138916
-1.371286392211914
1.791046142578125
-1.3730612993240356
1.7645994424819946
-1.375572919845581
1.757595181465149
-1.357568621635437
1.7252789735794067
-1.379775881767273
1.719956874847412
-1.3959622383117676
1.7146673202514648
-1.3982775211334229
1.7076776027679443
-1.3781815767288208
1.68032968044281
-1.3805677890777588
1.6733547449111938
-1.3681704998016357
1.6609464883804321
-1.3961176872253418
1.6362091302871704
-1.4211927652359009
1.6905605792999268
-1.4233698844909668
1.6835590600967407
-1.3982932567596436
1.6537327766418457
-1.4264527559280396
1.693182349205017
-1.4433271884918213
1.7083947658538818
-1.4572422504425049
1.6403188705444336
-1.4590305089950562
1.6331217288970947
-1.4683513641357422
1.5922110080718994
-1.448638916015625
1.5905741453170776
-1.4503560066223145
1.58354651927948
-1.463914394378662
1.6210291385650635
-1.4657785892486572
1.6139377355575562
-1.4856284856796265
1.5562690496444702
-1.487515926361084
1.5492589473724365
-1.4758996963500977
1.5838807821273804
-1.4777143001556396
1.5769087076187134
-1.4813274145126343
1.5354032516479492
-1.4859868288040161
1.5810497999191284
-1.4878257513046265
1.5737794637680054
-1.4879809617996216
1.5467718839645386
-1.4943904876708984
1.5116270780563354
-1.4778516292572021
1.5087999105453491
-1.4909782409667969
1.4822944402694702
-1.4926737546920776
1.4751466512680054
-1.4974209070205688
1.5292415618896484
-1.4990761280059814
1.5220959186553955
-1.4923914670944214
1.507677674293518
-1.4609477519989014
1.4835338592529297
-1.4630131721496582
1.4763336181640625
-1.4734209775924683
1.4728392362594604
-1.4866999387741089
1.4579682350158691
-1.4885518550872803
1.450723648071289
-1.481903076171875
1.4485973119735718
-1.483809232711792
1.4413583278656006
-1.4689472913742065
1.4348984956741333
-1.4709727764129639
1.4276471138000488
-1.4729844331741333
1.4203174114227295
-1.4566048383712769
1.4126006364822388
-1.4678888320922852
1.4089009761810303
-1.4699536561965942
1.4015460014343262
-1.4852304458618164
1.3896334171295166
-1.4870964288711548
1.3822392225265503
-1.470600962638855
1.3781577348709106
-1.481361985206604
1.3727513551712036
-1.4832473993301392
1.3653497695922852
-1.4705482721328735
1.3641525506973267
-1.4915298223495483
1.3631155490875244
-1.493398904800415
1.3556638956069946
-1.4995613098144531
1.354077935218811
-1.501394271850586
1.3466647863388062
-1.5065752267837524
1.339679479598999
-1.5107909440994263
1.332798957824707
-1.5143746137619019
1.3248512744903564
-1.5162068605422974
1.3175039291381836
-1.5185189247131348
1.3096381425857544
-1.520210862159729
1.3022395372390747
-1.5407806634902954
1.3320473432540894
-1.5497233867645264
1.3004995584487915
-1.5661007165908813
1.2643978595733643
-1.5586756467819214
1.256536841392517
-1.5596725940704346
1.2490392923355103
-1.5640218257904053
1.234094500541687
-1.5498725175857544
1.2265686988830566
-1.5510252714157104
1.2190943956375122
-1.5680625438690186
1.1888864040374756
-1.5687484741210938
1.181362271308899
-1.5743855237960815
1.1664832830429077
-1.57566499710083
1.1639375686645508
-1.5762972831726074
1.1564323902130127
-1.5642164945602417
1.1590819358825684
-1.56496000289917
1.1515635251998901
-1.5660057067871094
1.1454997062683105
-1.565320611000061
1.1303683519363403
-1.5658342838287354
1.122787356376648
-1.5432716608047485
1.105932354927063
-1.5439361333847046
1.098370909690857
-1.567305088043213
1.0904284715652466
-1.567622423171997
1.0828429460525513
-1.5487620830535889
1.0738224983215332
-1.571187973022461
1.107418179512024
-1.5684157609939575
1.0796563625335693
-1.5686061382293701
1.071963906288147
-1.5512957572937012
1.0474555492401123
-1.54150390625
1.0336815118789673
-1.5419350862503052
1.0260815620422363
-1.5731406211853027
0.9924790263175964
-1.5693984031677246
1.000995397567749
-1.5686510801315308
0.9984490275382996
-1.5686836242675781
0.9906119704246521
-1.553122639656067
0.98270183801651
-1.5672162771224976
0.975044310092926
-1.5671265125274658
0.967420756816864
-1.5517667531967163
0.957757294178009
-1.5517915487289429
0.9498709440231323
-1.5743904113769531
0.9944996237754822
-1.5778979063034058
0.9711547493934631
-1.577544927597046
0.9634035229682922
-1.559851884841919
0.9477882385253906
-1.5727925300598145
0.9481167793273926
-1.5720819234848022
0.9404039978981018
-1.568374514579773
0.9147937893867493
-1.5675702095031738
0.9070520401000977
-1.5667508840560913
0.8993508219718933
-1.5805197954177856
0.8757302165031433
-1.5783307552337646
0.8871810436248779
-1.5771788358688354
0.8794986605644226
-1.5920363664627075
0.8315693736076355
-1.5862940549850464
0.8343433737754822
-1.5609651803970337
0.8327821493148804
-1.5442304611206055
0.8373289108276367
-1.5528476238250732
0.8263373374938965
-1.5518602132797241
0.8187116384506226
-1.5600306987762451
0.8093143105506897
-1.5587925910949707
0.8017099499702454
-1.5710736513137817
0.7782540321350098
-1.5697194337844849
0.770642101764679
-1.582784652709961
0.7370389103889465
-1.5811750888824463
0.729468584060669
-1.583056092262268
0.7278127074241638
-1.5703904628753662
0.7323575019836426
-1.575866937637329
0.7274430394172668
-1.5739954710006714
0.7199018001556396
-1.574755072593689
0.7292388081550598
-1.562971591949463
0.7222984433174133
-1.568207859992981
0.7497200965881348
-1.5661603212356567
0.7421697378158569
-1.5609358549118042
0.7194330096244812
-1.5586938858032227
0.7118757367134094
-1.5564727783203125
0.7043687701225281
-1.566743016242981
0.6621299982070923
-1.5537505149841309
0.6648464798927307
-1.5514764785766602
0.6573947072029114
-1.5492215156555176
0.6499789953231812
-1.544998288154602
0.6605134606361389
-1.5427745580673218
0.6530676484107971
-1.550311803817749
0.6765314340591431
-1.547992467880249
0.6688175201416016
-1.5455812215805054
0.6585459113121033
-1.5425653457641602
0.6463437676429749
-1.5401275157928467
0.6388567090034485
-1.5365508794784546
0.6272140145301819
-1.5340532064437866
0.6197713613510132
-1.536988615989685
0.6118095517158508
-1.534674882888794
0.6043315529823303
-1.5299525260925293
0.6046620011329651
-1.5275192260742188
0.5972014665603638
-1.5262700319290161
0.6015552282333374
-1.5083317756652832
0.537739634513855
-1.5275979042053223
0.5071706771850586
-1.5328866243362427
0.4874112904071808
-1.5224004983901978
0.5165708661079407
-1.5194077491760254
0.5095275044441223
-1.5161206722259521
0.5344651937484741
-1.5132821798324585
0.527272641658783
-1.5108691453933716
0.5194051265716553
-1.5081883668899536
0.5120861530303955
-1.5055137872695923
0.5047553777694702
-1.4977915287017822
0.5106416940689087
-1.491629958152771
0.4998400807380676
-1.486588716506958
0.4899804890155792
-1.484093427658081
0.48267602920532227
-1.4855544567108154
0.46020475029945374
-1.4797903299331665
0.4507065713405609
-1.4856764078140259
0.42556074261665344
-1.4833579063415527
0.41824936866760254
-1.4715142250061035
0.4224405586719513
-1.465386152267456
0.4199884235858917
-1.4610083103179932
0.4041688144207001
-1.4689136743545532
0.3818114995956421
-1.4575246572494507
0.3778482675552368
-1.4555027484893799
0.3705471158027649
-1.4447917938232422
0.3664516508579254
-1.4413599967956543
0.36174502968788147
-1.439713954925537
0.3544435501098633
-1.4452842473983765
0.33128622174263
-1.443461298942566
0.32403305172920227
-1.441614031791687
0.31678348779678345
-1.4363269805908203
0.31515559554100037
-1.4308726787567139
0.31825312972068787
-1.4294301271438599
0.3109407126903534
-1.4269602298736572
0.30426445603370667
-1.4248846769332886
0.2962731420993805
-1.4233677387237549
0.28899863362312317
-1.4282573461532593
0.2693468928337097
-1.4327876567840576
0.25917983055114746
-1.431166410446167
0.251920223236084
-1.4294971227645874
0.2446589171886444
-1.4237924814224243
0.24841199815273285
-1.4280729293823242
0.22528430819511414
-1.427664041519165
0.24690285325050354
-1.4207707643508911
0.23231956362724304
-1.4185792207717896
0.22448739409446716
-1.4238389730453491
0.1990875005722046
-1.4221713542938232
0.19182294607162476
-1.4213507175445557
0.20550189912319183
-1.4197086095809937
0.19822439551353455
-1.4146465063095093
0.1804187297821045
-1.4129993915557861
0.17316946387290955
-1.4147443771362305
0.1619454175233841
-1.4129977226257324
0.15470446646213531
-1.404005765914917
0.14023712277412415
-1.4138306379318237
0.10665897279977798
-1.4102709293365479
0.10229593515396118
-1.4085558652877808
0.09514356404542923
-1.410149097442627
0.08249808102846146
-1.4081259965896606
0.07536044716835022
-1.4045844078063965
0.07892795652151108
-1.4025194644927979
0.07173682749271393
-1.4087027311325073
0.04430897906422615
-1.3962005376815796
0.050095848739147186
-1.3939201831817627
0.04288455843925476
-1.3898088932037354
0.03699120134115219
-1.3874589204788208
0.02985590323805809
-1.3915237188339233
0.018531324341893196
-1.3906354904174805
0.020096786320209503
-1.3931409120559692
0.005729138385504484
-1.3907698392868042
-0.0014622730668634176
-1.3883103132247925
-0.008666167967021465
-1.385114073753357
-0.005214634817093611
-1.382511854171753
-0.012364943511784077
-1.3769341707229614
-0.015005429275333881
-1.374151587486267
-0.0221620611846447
-1.3712859153747559
-0.029321160167455673
-1.3809852600097656
-0.0584259033203125
-1.3776408433914185
-0.06541330367326736
-1.3736717700958252
-0.06575770676136017
-1.3711305856704712
-0.06817803531885147
-1.3676509857177734
-0.07556196302175522
-1.3658502101898193
-0.08901895582675934
-1.3593088388442993
-0.09427688270807266
-1.355515718460083
-0.10125987231731415
-1.3474591970443726
-0.11054153740406036
-1.3438891172409058
-0.11758437752723694
-1.3386515378952026
-0.12599699199199677
-1.3369863033294678
-0.12505057454109192
-1.3390108346939087
-0.14642764627933502
-1.341390609741211
-0.1767181009054184
-1.336444616317749
-0.18318331241607666
-1.3298486471176147
-0.1910049021244049
-1.322702407836914
-0.1881704181432724
-1.3128516674041748
-0.19535720348358154
-1.3078477382659912
-0.2016698122024536
-1.3084022998809814
-0.2114371359348297
-1.3033368587493896
-0.21768933534622192
-1.2939085960388184
-0.22293634712696075
-1.2886501550674438
-0.22904381155967712
-1.280388593673706
-0.22994638979434967
-1.275051236152649
-0.2359241247177124
-1.276512622833252
-0.2543170750141144
-1.2710075378417969
-0.26004812121391296
-1.269614577293396
-0.2638501822948456
-1.262880802154541
-0.26345399022102356
-1.2636114358901978
-0.24165400862693787
-1.2578614950180054
-0.24724625051021576
-1.2444965839385986
-0.26503869891166687
-1.2386760711669922
-0.27043941617012024
-1.2333993911743164
-0.2769688069820404
-1.2275705337524414
-0.2823369801044464
-1.2279859781265259
-0.3017324209213257
-1.2160966396331787
-0.3103350102901459
-1.2083137035369873
-0.310554176568985
-1.206887125968933
-0.32406821846961975
-1.200921893119812
-0.32905834913253784
-1.197749137878418
-0.35160231590270996
-1.1915435791015625
-0.35622864961624146
-1.176131248474121
-0.3427889347076416
-1.172493815422058
-0.35596248507499695
-1.1664742231369019
-0.36061206459999084
-1.1574783325195312
-0.3574046492576599
-1.1550209522247314
-0.3685257136821747
-1.149122714996338
-0.37323832511901855
-1.1476713418960571
-0.3853352665901184
-1.1380598545074463
-0.38625892996788025
-1.1322827339172363
-0.3911997377872467
-1.1270455121994019
-0.403053879737854
-1.1213043928146362
-0.40792301297187805
-1.103271245956421
-0.4126451015472412
-1.097523808479309
-0.4173412024974823
-1.1015633344650269
-0.4333258867263794
-1.0894756317138672
-0.4307248294353485
-1.0805495977401733
-0.43772226572036743
-1.0749132633209229
-0.44236236810684204
-1.0580517053604126
-0.44351452589035034
-1.0525591373443604
-0.44817471504211426
-1.048732042312622
-0.45601686835289
-1.04350745677948
-0.46078863739967346
-1.0382812023162842
-0.46557456254959106
-1.031490445137024
-0.4643576145172119
-1.0187501907348633
-0.46898993849754333
-1.0135208368301392
-0.47371384501457214
-1.0188665390014648
-0.47552603483200073
-1.0137617588043213
-0.4802718162536621
-1.0015161037445068
-0.4839717447757721
-0.9893466830253601
-0.4941026270389557
-0.9826565384864807
-0.4973996877670288
-0.977690577507019
-0.50215744972229
-0.9734656810760498
-0.5076771974563599
-0.9727425575256348
-0.4971759617328644
-0.966113805770874
-0.5171682834625244
-0.9611487984657288
-0.5220173597335815
-0.9482436776161194
-0.5295977592468262
-0.9434715509414673
-0.5343784689903259
-0.9386687874794006
-0.5391745567321777
-0.9385079741477966
-0.5483031868934631
-0.9315534234046936
-0.5554342269897461
-0.9270432591438293
-0.558130145072937
-0.9162464141845703
-0.5635607838630676
-0.9115111231803894
-0.568447470664978
-0.9098269939422607
-0.5799614787101746
-0.9031820297241211
-0.580359697341919
-0.8984709978103638
-0.5852175951004028
-0.90763920545578
-0.5630571842193604
-0.8989150524139404
-0.584291398525238
-0.8890072107315063
-0.5953134298324585
-0.8842365741729736
-0.6002240777015686
-0.8771303296089172
-0.6049889922142029
-0.8724266290664673
-0.6099473834037781
-0.8622909188270569
-0.6165605187416077
-0.8595125675201416
-0.6305771470069885
-0.8605880737304688
-0.6301743984222412
-0.8560077548027039
-0.6351423263549805
-0.8509784936904907
-0.6464279890060425
-0.8449129462242126
-0.6450092196464539
-0.8404116034507751
-0.6501229405403137
-0.8383520245552063
-0.657900869846344
-0.8336885571479797
-0.6628420352935791
-0.8302358388900757
-0.6666813492774963
-0.826251745223999
-0.6714979410171509
-0.821302592754364
-0.67794269323349
-0.8166645765304565
-0.6829931735992432
-0.8093514442443848
-0.6822609305381775
-0.801974356174469
-0.6877159476280212
-0.7987019419670105
-0.6939542889595032
-0.794030487537384
-0.6989269852638245
-0.7907200455665588
-0.7050881385803223
-0.7884645462036133
-0.7204545140266418
-0.7795578837394714
-0.7262389659881592
-0.7748128175735474
-0.7312135696411133
-0.7705919146537781
-0.7369287014007568
-0.7657809853553772
-0.7418672442436218
-0.7598890066146851
-0.7502331733703613
-0.7548949718475342
-0.7550387382507324
-0.7589830756187439
-0.7483530640602112
-0.7539408206939697
-0.7532058954238892
-0.7413409948348999
-0.7676220536231995
-0.7360516786575317
-0.7778737545013428
-0.7311694025993347
-0.7827979922294617
-0.7195497751235962
-0.7881805300712585
-0.7197978496551514
-0.7911377549171448
-0.7148087024688721
-0.7958894371986389
-0.7067642211914062
-0.8070797324180603
-0.7012810707092285
-0.8129594326019287
-0.6906648874282837
-0.8270062208175659
-0.6855189800262451
-0.831621527671814
-0.686599612236023
-0.8358995914459229
-0.6794341206550598
-0.8385459184646606
-0.6652685403823853
-0.8501055836677551
-0.6598647236824036
-0.8545297980308533
-0.6573874354362488
-0.854499876499176
-0.6532576680183411
-0.8638589382171631
-0.6440538763999939
-0.8658140897750854
-0.6383588314056396
-0.8700042366981506
-0.6377063393592834
-0.8748134970664978
-0.6318873167037964
-0.8788875341415405
-0.629156231880188
-0.8836286664009094
-0.623798131942749
-0.8880655765533447
-0.6176114678382874
-0.8919121623039246
-0.6140934824943542
-0.8965715765953064
-0.6136390566825867
-0.8944360017776489
-0.6054889559745789
-0.9014785885810852
-0.5991199016571045
-0.9052608609199524
-0.5974318385124207
-0.9022958278656006
-0.591255784034729
-0.9066302180290222
-0.5845416188240051
-0.9110190868377686
-0.5768721699714661
-0.9185923933982849
-0.5700324773788452
-0.9218140840530396
-0.5667702555656433
-0.9284286499023438
-0.5597505569458008
-0.9312898516654968
-0.5491225123405457
-0.9373296499252319
-0.5510848760604858
-0.9331902861595154
-0.5369065403938293
-0.9468604922294617
-0.5287879705429077
-0.9522873759269714
-0.5179416537284851
-0.9584763050079346
-0.5108906626701355
-0.9610152840614319
-0.5051292181015015
-0.9671871066093445
-0.4981081187725067
-0.9695879817008972
-0.5005473494529724
-0.9616777896881104
-0.48924481868743896
-0.9705064296722412
-0.48211684823036194
-0.9728668928146362
-0.4754496216773987
-0.979060709476471
-0.46816733479499817
-0.9809003472328186
-0.4633854031562805
-0.9871830940246582
-0.45605888962745667
-0.9888879060745239
-0.4475502371788025
-0.9919398427009583
-0.4356829524040222
-0.9976945519447327
-0.4287410378456116
-0.9990339279174805
-0.4198785126209259
-0.9987387657165527
-0.41029196977615356
-1.0026544332504272
-0.4012967348098755
-1.0058081150054932
-0.39413902163505554
-1.0068879127502441
-0.38704296946525574
-1.0078105926513672
-0.38515371084213257
-1.0087878704071045
-0.3780318796634674
-1.0097225904464722
-0.36978065967559814
-1.0094753503799438
-0.35577887296676636
-1.0193601846694946
-0.34866881370544434
-1.0198609828948975
-0.34687158465385437
-1.0174726247787476
-0.33674338459968567
-1.0204057693481445
-0.3296760320663452
-1.0213444232940674
-0.3275142312049866
-1.01532781124115
-0.3230334520339966
-1.0171362161636353
-0.31586790084838867
-1.0179834365844727
-0.3119560480117798
-1.0107041597366333
-0.3059917688369751
-1.0175005197525024
-0.28859010338783264
-1.023006796836853
-0.28139394521713257
-1.023911952972412
-0.28039684891700745
-1.0159313678741455
-0.268054723739624
-1.0247913599014282
-0.25741255283355713
-1.0233092308044434
-0.2506364583969116
-1.0243234634399414
-0.24370458722114563
-1.0253572463989258
-0.24557837843894958
-1.0228151082992554
-0.23741020262241364
-1.0172697305679321
-0.23037192225456238
-1.0184308290481567
-0.2169770896434784
-1.0201603174209595
-0.203876793384552
-1.0270514488220215
-0.1970498114824295
-1.0283277034759521
-0.19159625470638275
-1.0274556875228882
-0.18872381746768951
-1.027093768119812
-0.1819944828748703
-1.0285755395889282
-0.18002226948738098
-1.0288175344467163
-0.16797380149364471
-1.0368139743804932
-0.15220460295677185
-1.045202374458313
-0.1421821564435959
-1.043428659439087
-0.13275057077407837
-1.0441365242004395
-0.12629622220993042
-1.0455721616744995
-0.11568748205900192
-1.049617052078247
-0.10923261195421219
-1.0508500337600708
-0.10879763215780258
-1.0515213012695312
-0.10851801931858063
-1.0547711849212646
-0.10637053102254868
-1.0570610761642456
-0.10389832407236099
-1.058408260345459
-0.10081440955400467
-1.061519742012024
-0.09491468220949173
-1.0666178464889526
-0.08783875405788422
-1.0669565200805664
-0.08668030053377151
-1.071110725402832
-0.08923642337322235
-1.0704063177108765
-0.08952852338552475
-1.0722601413726807
-0.0821215957403183
-1.0722090005874634
-0.07460347563028336
-1.0721590518951416
-0.08089053630828857
-1.0685123205184937
-0.08645321428775787
-1.0754375457763672
-0.08842591196298599
-1.076088309288025
-0.08033101260662079
-1.0758955478668213
-0.07224874198436737
-1.0757049322128296
-0.06414227187633514
-1.0755120515823364
-0.08199241757392883
-1.0753947496414185
-0.08448713272809982
-1.0786192417144775
-0.07581530511379242
-1.0783528089523315
-0.08104715496301651
-1.0803529024124146
-0.07223525643348694
-1.0801490545272827
-0.07659819722175598
-1.0778988599777222
-0.0674571543931961
-1.0776602029800415
-0.08308260142803192
-1.0733296871185303
-0.07359159737825394
-1.0731040239334106
-0.07469817250967026
-1.0735888481140137
-0.0650908425450325
-1.0733665227890015
-0.07001569867134094
-1.0737462043762207
-0.07528502494096756
-1.077382206916809
-0.07756265252828598
-1.077468991279602
-0.08003965765237808
-1.077564001083374
-0.0697362944483757
-1.077316403388977
-0.07523120194673538
-1.0760310888290405
-0.06485245376825333
-1.0757827758789062
-0.07186752557754517
-1.0751515626907349
-0.0739627331495285
-1.0747120380401611
-0.07389400899410248
-1.0761042833328247
-0.062876395881176
-1.075905680656433
-0.06450552493333817
-1.0801401138305664
-0.0666898861527443
-1.0751826763153076
-0.05551229417324066
-1.0750494003295898
-0.05875037983059883
-1.0737801790237427
-0.05200881138443947
-1.0699639320373535
-0.040700070559978485
-1.0703058242797852
-0.029680950567126274
-1.0630786418914795
-0.018532471731305122
-1.0637354850769043
0.006815319415181875
-1.0571990013122559
0.03218439221382141
-1.0682867765426636
0.04246673732995987
-1.0696723461151123
0.06609014421701431
-1.0701557397842407
0.0754997655749321
-1.0716323852539062
0.1071334183216095
-1.0739678144454956
0.14853768050670624
-1.095157265663147
0.15646177530288696
-1.0969504117965698
0.23393021523952484
-1.0953314304351807
0.2416570633649826
-1.0972493886947632
0.2716517150402069
-1.1303939819335938
0.3095455467700958
-1.127584457397461
0.3152424097061157
-1.1289008855819702
0.376337468624115
-1.1099374294281006
0.38088667392730713
-1.1110148429870605
0.38541650772094727
-1.1120316982269287
0.41760480403900146
-1.110194444656372
0.43906736373901367
-1.1214927434921265
0.5038034915924072
-1.1529568433761597
0.5074436664581299
-1.153693437576294
0.5381772518157959
-1.1647820472717285
0.5586223602294922
-1.178514003753662
0.5813060402870178
-1.195877194404602
0.5832579135894775
-1.1961907148361206
0.5928053855895996
-1.2139579057693481
0.6186866164207458
-1.2149269580841064
0.6202287077903748
-1.2151025533676147
0.6342642903327942
-1.2237048149108887
0.6530460715293884
-1.2265207767486572
0.6544589996337891
-1.2265554666519165
0.6717209219932556
-1.225739598274231
0.6806351542472839
-1.2242294549942017
0.6883602142333984
-1.2282518148422241
0.6897934079170227
-1.2280809879302979
0.6988508105278015
-1.2325395345687866
0.7004467248916626
-1.2322901487350464
0.7015593647956848
-1.2344859838485718
0.7033235430717468
-1.2341643571853638
0.6988790035247803
-1.2404347658157349
0.6962876915931702
-1.243990182876587
0.6896848678588867
-1.25259268283844
0.6859395503997803
-1.2574669122695923
0.6933980584144592
-1.2487212419509888
0.6937436461448669
-1.2499561309814453
0.6965715289115906
-1.2494350671768188
0.7006322741508484
-1.2439297437667847
0.6972399950027466
-1.2458925247192383
0.6975424289703369
-1.2506381273269653
0.6966800689697266
-1.2534968852996826
0.6998265981674194
-1.2529661655426025
0.7020611763000488
-1.2460299730300903
0.7033057808876038
-1.2420969009399414
0.6993862390518188
-1.2461963891983032
0.7031109929084778
-1.2454975843429565
0.7030254602432251
-1.2381258010864258
0.6997724175453186
-1.2438501119613647
0.7038893103599548
-1.243059754371643
0.7025782465934753
-1.2498798370361328
0.6941214203834534
-1.2506991624832153
0.6984807252883911
-1.2499836683273315
0.7014207243919373
-1.2443273067474365
0.7060748934745789
-1.2434509992599487
0.7010102868080139
-1.2455174922943115
0.7040778994560242
-1.2415506839752197
0.7035468220710754
-1.2358986139297485
0.708558201789856
-1.2349382638931274
0.7012666463851929
-1.239540457725525
0.7064213156700134
-1.2385209798812866
0.7076692581176758
-1.2364943027496338
0.7130868434906006
-1.235360026359558
0.7086800932884216
-1.2406221628189087
0.7142063975334167
-1.2378979921340942
0.7199230194091797
-1.2364875078201294
0.7205220460891724
-1.2354881763458252
0.7199171185493469
-1.2350140810012817
0.7237155437469482
-1.2351285219192505
0.720982015132904
-1.2358908653259277
0.7270016074180603
-1.2342368364334106
0.7331592440605164
-1.2324724197387695
0.7245533466339111
-1.2396477460861206
0.7191046476364136
-1.2442936897277832
0.7255871891975403
-1.2421784400939941
0.7267637252807617
-1.2374823093414307
0.7334107160568237
-1.2352403402328491
0.7366518974304199
-1.2407675981521606
0.7432202100753784
-1.2379895448684692
0.7435594201087952
-1.2377285957336426
0.7501731514930725
-1.2347283363342285
0.7558950781822205
-1.2318836450576782
0.7625162601470947
-1.2286165952682495
0.7794285416603088
-1.2373040914535522
0.7727616429328918
-1.2417789697647095
0.7781074643135071
-1.2501219511032104
0.7843381762504578
-1.2458430528640747
0.7884660959243774
-1.2495054006576538
0.794370174407959
-1.2447123527526855
0.81121426820755
-1.2323427200317383
0.8169028759002686
-1.2272719144821167
0.823698103427887
-1.2208760976791382
0.8373503684997559
-1.2127997875213623
0.8424798846244812
-1.2074830532073975
0.8319636583328247
-1.2197084426879883
0.8375582695007324
-1.2159554958343506
0.8465651869773865
-1.2103183269500732
0.8512370586395264
-1.2045232057571411
0.8611337542533875
-1.191390037536621
0.8771389722824097
-1.1753878593444824
0.8811219930648804
-1.1692396402359009
0.8850501775741577
-1.163273811340332
0.8913714289665222
-1.1631122827529907
0.901302695274353
-1.149717926979065
0.9049071669578552
-1.1436256170272827
0.902583122253418
-1.1402894258499146
0.9179676175117493
-1.121425747871399
0.9218423962593079
-1.111501932144165
0.9253581762313843
-1.1054304838180542
0.9319897294044495
-1.0951101779937744
0.9353354573249817
-1.0889205932617188
0.9440401196479797
-1.0735911130905151
0.9474021792411804
-1.0674501657485962
0.9485777020454407
-1.0668517351150513
0.9520671367645264
-1.0607467889785767
0.9470024108886719
-1.063878059387207
0.9585956931114197
-1.043020486831665
0.9657767415046692
-1.0277602672576904
0.9693593978881836
-1.0215984582901
0.9788696765899658
-1.0071789026260376
0.9771525859832764
-1.0038858652114868
0.9781444072723389
-1.001758337020874
0.9821804165840149
-0.9957032799720764
0.9919751882553101
-1.0058737993240356
0.9893202781677246
-0.9917656183242798
0.9992099404335022
-0.9705188870429993
1.0037877559661865
-0.9646569490432739
1.001644492149353
-0.9618487358093262
1.0004359483718872
-0.9554353952407837
1.0113781690597534
-0.9398614168167114
1.0160971879959106
-0.933988094329834
1.0322743654251099
-0.9254369735717773
1.0270843505859375
-0.9209262728691101
1.031256914138794
-0.912270188331604
1.0362019538879395
-0.9066352844238281
1.045814871788025
-0.9100983142852783
1.0460606813430786
-0.9023347496986389
1.0511568784713745
-0.8968835473060608
1.056280255317688
-0.8913971185684204
1.0488775968551636
-0.8963153958320618
1.0543445348739624
-0.8910819292068481
1.0611153841018677
-0.8741167783737183
1.0666539669036865
-0.8692101240158081
1.073831558227539
-0.8600061535835266
1.0779112577438354
-0.8566860556602478
1.0836645364761353
-0.8518909215927124
1.0940606594085693
-0.8375867605209351
1.0985592603683472
-0.8342313766479492
1.0945523977279663
-0.8413135409355164
1.1003023386001587
-0.8367078900337219
1.1080493927001953
-0.8290193676948547
1.1137739419937134
-0.8243390321731567
1.1226767301559448
-0.8180277943611145
1.1114996671676636
-0.8258790373802185
1.1173298358917236
-0.8211972117424011
1.1200196743011475
-0.8181362152099609
1.1384577751159668
-0.8030413389205933
1.1441771984100342
-0.7984556555747986
1.1399224996566772
-0.8014659881591797
1.1540035009384155
-0.7912952899932861
1.1682947874069214
-0.8094656467437744
1.1609834432601929
-0.8103702068328857
1.1667059659957886
-0.8060603141784668
1.1823077201843262
-0.7814554572105408
1.1880227327346802
-0.7771041989326477
1.1964316368103027
-0.764474093914032
1.2018121480941772
-0.7600772976875305
1.210464596748352
-0.7552793025970459
1.2122695446014404
-0.7582246661186218
1.2175097465515137
-0.7535836100578308
1.2226877212524414
-0.7489078044891357
1.2360327243804932
-0.7360273003578186
1.2410078048706055
-0.7312380075454712
1.2459187507629395
-0.7264196872711182
1.2580080032348633
-0.7171292901039124
1.2623237371444702
-0.7109745740890503
1.2669055461883545
-0.7059364914894104
1.2714684009552002
-0.7008286714553833
1.2831591367721558
-0.69353187084198
1.2876927852630615
-0.6882197260856628
1.2876877784729004
-0.6937724351882935
1.2968223094940186
-0.6849135160446167
1.3048641681671143
-0.6834060549736023
1.3066740036010742
-0.6818721294403076
1.3139458894729614
-0.6738082766532898
1.316437005996704
-0.668703019618988
1.3205105066299438
-0.6633378863334656
1.3237080574035645
-0.6647241115570068
1.3294919729232788
-0.6548628211021423
1.33408784866333
-0.6487469673156738
1.3388200998306274
-0.6472787261009216
1.3426704406738281
-0.6416280269622803
1.3456296920776367
-0.6389164328575134
1.3485567569732666
-0.6322242617607117
1.3458383083343506
-0.6515696048736572
1.3494696617126465
-0.6456754803657532
1.3583005666732788
-0.6331176161766052
1.3652030229568481
-0.6167631149291992
1.371446132659912
-0.6076967120170593
1.3707616329193115
-0.6244940161705017
1.3741742372512817
-0.618417501449585
1.3799548149108887
-0.5944795608520508
1.3832283020019531
-0.5882790088653564
1.384206771850586
-0.598902702331543
1.3875672817230225
-0.5927392244338989
1.3960872888565063
-0.5798802375793457
1.402516484260559
-0.5690668225288391
1.4054652452468872
-0.5626910924911499
1.408376693725586
-0.5562857985496521
1.4112507104873657
-0.5498560667037964
1.4140946865081787
-0.5433889627456665
1.4144474267959595
-0.5374847650527954
1.4167389869689941
-0.5279420018196106
1.419460415840149
-0.5207350254058838
1.4093762636184692
-0.5276314616203308
1.4119259119033813
-0.5209062695503235
1.4144736528396606
-0.5141048431396484
1.4197919368743896
-0.5229621529579163
1.4302493333816528
-0.5054349899291992
1.4327976703643799
-0.49868932366371155
1.4356906414031982
-0.4818653166294098
1.44233238697052
-0.48132288455963135
1.4449394941329956
-0.4891759157180786
1.4447088241577148
-0.4989512860774994
1.4524986743927002
-0.4669172465801239
1.4589678049087524
-0.4422220289707184
1.4609429836273193
-0.43527260422706604
1.462880253791809
-0.4283454716205597
1.4598991870880127
-0.4401177763938904
1.4615634679794312
-0.4330187439918518
1.4685150384902954
-0.42219439148902893
1.4754154682159424
-0.3932025730609894
1.4735703468322754
-0.40927642583847046
1.4691601991653442
-0.41559332609176636
1.4743406772613525
-0.40981152653694153
1.4830632209777832
-0.37402239441871643
1.4844608306884766
-0.3668578267097473
1.4916439056396484
-0.3464246094226837
1.495783805847168
-0.33457130193710327
1.4970704317092896
-0.32746604084968567
1.4983364343643188
-0.3203461170196533
1.4995834827423096
-0.3132074475288391
1.495020866394043
-0.3055611550807953
1.4994573593139648
-0.30774974822998047
1.5018876791000366
-0.2941546142101288
1.5030137300491333
-0.28697508573532104
1.5038330554962158
-0.28271523118019104
1.5049524307250977
-0.2755141258239746
1.4888206720352173
-0.2928115725517273
1.5048449039459229
-0.2648555636405945
1.5058104991912842
-0.25751933455467224
1.510259985923767
-0.2492029070854187
1.5114798545837402
-0.23727358877658844
1.5123920440673828
-0.23002707958221436
1.514129877090454
-0.22446395456790924
1.507049560546875
-0.24484270811080933
1.5077837705612183
-0.23752863705158234
1.4903818368911743
-0.22665582597255707
1.4910448789596558
-0.21923384070396423
1.5054329633712769
-0.19700399041175842
1.5083889961242676
-0.21446220576763153
1.5182417631149292
-0.19509853422641754
1.494576096534729
-0.18848897516727448
1.5048203468322754
-0.19547145068645477
1.5053390264511108
-0.1878751516342163
1.5163860321044922
-0.17499889433383942
1.5170036554336548
-0.16753554344177246
1.5247124433517456
-0.15324155986309052
1.526183009147644
-0.12152141332626343
1.5060946941375732
-0.12288680672645569
1.5065279006958008
-0.11545602977275848
1.5275416374206543
-0.11815734952688217
1.5279383659362793
-0.1107126995921135
1.5304863452911377
-0.08975449204444885
1.530838966369629
-0.08231698721647263
1.5196943283081055
-0.09678123146295547
1.5199776887893677
-0.08934734761714935
1.5202592611312866
-0.08185135573148727
1.5205398797988892
-0.07434917241334915
1.520817756652832
-0.0668465867638588
1.5348483324050903
-0.027998916804790497
1.54048490524292
-0.02863137237727642
1.5406798124313354
-0.021206475794315338
1.5297943353652954
-0.015528902411460876
1.513145089149475
-0.02497263438999653
1.5133862495422363
-0.01744367554783821
1.5267084836959839
-0.01527743972837925
1.5270183086395264
-0.00777116883546114
1.5273168087005615
-0.0002633697586134076
1.5294564962387085
-0.002712429501116276
1.5298411846160889
0.0048064785078167915
1.5384891033172607
0.029008138924837112
1.5283634662628174
0.04483344405889511
1.5286754369735718
0.05230195075273514
1.5396569967269897
0.08272890001535416
1.547210454940796
0.106934554874897
1.5476915836334229
0.11429987847805023
1.5206009149551392
0.10433351248502731
1.5051016807556152
0.10109824687242508
1.5054680109024048
0.10853397101163864
1.5118972063064575
0.11180467903614044
1.530475378036499
0.14203977584838867
1.5031813383102417
0.14680692553520203
1.5035202503204346
0.15420816838741302
1.518515944480896
0.13478833436965942
1.5357924699783325
0.15171107649803162
1.5362887382507324
0.15913084149360657
1.5159826278686523
0.1542690545320511
1.526766300201416
0.1492810845375061
1.5249696969985962
0.16922162473201752
1.5254864692687988
0.1766800880432129
1.5292842388153076
0.17345498502254486
1.5306384563446045
0.17513948678970337
1.5309479236602783
0.18258845806121826
1.5311379432678223
0.1862172782421112
1.5325428247451782
0.18946953117847443
1.5319513082504272
0.21184928715229034
1.5321450233459473
0.21925248205661774
1.5312374830245972
0.21981148421764374
1.531419038772583
0.2271849513053894
1.5315724611282349
0.23450058698654175
1.5357728004455566
0.23489919304847717
1.5359631776809692
0.24222451448440552
1.5501710176467896
0.2774331569671631
1.5505094528198242
0.2847161889076233
1.5508031845092773
0.2918773889541626
1.550697684288025
0.3054743707180023
1.551008939743042
0.31258392333984375
1.551632285118103
0.2884189784526825
1.5407726764678955
0.2925710380077362
1.541082739830017
0.29971781373023987
1.5413520336151123
0.3068546950817108
1.5410346984863281
0.3083939552307129
1.5351637601852417
0.304657906293869
1.5367532968521118
0.3145473897457123
1.5385034084320068
0.321971595287323
1.5576159954071045
0.34773942828178406
1.5578029155731201
0.35481730103492737
1.5500706434249878
0.377179354429245
1.5474556684494019
0.3953430652618408
1.544313907623291
0.39559197425842285
1.544142484664917
0.4025304615497589
1.5441224575042725
0.3966774642467499
1.537724256515503
0.3996525704860687
1.5384842157363892
0.4301968216896057
1.5380964279174805
0.4370783865451813
1.537699580192566
0.443923681974411
1.5403132438659668
0.4182918965816498
1.542561411857605
0.4308580756187439
1.5419448614120483
0.43774887919425964
1.5405033826828003
0.44482341408729553
1.5431169271469116
0.4545498490333557
1.5455894470214844
0.4645792841911316
1.541573405265808
0.47728443145751953
1.5408884286880493
0.4840564429759979
1.5374339818954468
0.5016122460365295
1.5374339818954468
0.5016122460365295
1.5408457517623901
0.5009481310844421
1.5330876111984253
0.5079511404037476
1.5345189571380615
0.5133818984031677
1.5299080610275269
0.5201172828674316
1.5358266830444336
0.5292401313781738
1.5358266830444336
0.5292401313781738
1.5374600887298584
0.5338156819343567
1.5343276262283325
0.5562353134155273
1.5343276262283325
0.5562353134155273
1.5466195344924927
0.5581099390983582
1.5466195344924927
0.5581099390983582
1.5384008884429932
0.5326204895973206
1.5293538570404053
0.5514407753944397
1.5111268758773804
0.5753583908081055
1.51426100730896
0.5777484774589539
1.51426100730896
0.5777484774589539
1.5234618186950684
0.5788034796714783
1.5234618186950684
0.5788034796714783
1.5404168367385864
0.5786710977554321
1.5391901731491089
0.5800977945327759
1.548926830291748
0.5793284773826599
1.5394089221954346
0.5945538282394409
1.5374282598495483
0.6095914244651794
1.5374282598495483
0.6095914244651794
1.5580763816833496
0.6474520564079285
1.544585108757019
0.6330941319465637
1.5403566360473633
0.6313952803611755
1.5391560792922974
0.6099260449409485
1.5372852087020874
0.6182880997657776
1.5372852087020874
0.6182880997657776
1.536226749420166
0.6230188608169556
1.536226749420166
0.6230188608169556
1.538460373878479
0.6082913279533386
1.538460373878479
0.6082913279533386
1.5485140085220337
0.5952787399291992
1.5442676544189453
0.611752450466156
1.5418652296066284
0.6210723519325256
1.5418652296066284
0.6210723519325256
1.5605865716934204
0.6539472937583923
1.5605865716934204
0.6539472937583923
1.5605865716934204
0.6539472937583923
1.5610318183898926
0.6211082339286804
1.5612835884094238
0.6025298237800598
1.5490491390228271
0.5940555930137634
1.5278457403182983
0.6018319129943848
1.5158501863479614
0.6062313318252563
1.5004698038101196
0.6159268617630005
1.5153987407684326
0.6216830015182495
1.5088083744049072
0.6174619197845459
1.5088083744049072
0.6174619197845459
1.5050798654556274
0.6150738596916199
1.5191985368728638
0.6006923317909241
1.5191985368728638
0.6006923317909241
1.5259944200515747
0.6130642294883728
1.5310307741165161
0.5995553731918335
1.5292842388153076
0.6059970259666443
1.5292842388153076
0.6059970259666443
1.5317003726959229
0.616065263748169
1.533067226409912
0.6217613220214844
1.533067226409912
0.6217613220214844
1.5338404178619385
0.6249837875366211
1.5338404178619385
0.6249837875366211
1.53276789188385
0.5959570407867432
1.555439829826355
0.6397385001182556
1.5325990915298462
0.6267533302307129
1.5325990915298462
0.6267533302307129
1.5335756540298462
0.6278079748153687
1.5335756540298462
0.6278079748153687
1.5333735942840576
0.6083564758300781
1.5201152563095093
0.6089992523193359
1.5265129804611206
0.6177637577056885
1.530132532119751
0.6227222084999084
1.5182816982269287
0.6171265244483948
1.5182816982269287
0.6171265244483948
1.5254757404327393
0.6223617196083069
1.5254757404327393
0.6223617196083069
1.547807216644287
0.6570433378219604
1.547807216644287
0.6570433378219604
1.5639482736587524
0.674297571182251
1.5639482736587524
0.674297571182251
1.5513111352920532
0.6547057628631592
1.5441617965698242
0.6436218023300171
1.5441617965698242
0.6436218023300171
1.5393626689910889
0.6173030138015747
1.5358660221099854
0.6140378713607788
1.5358660221099854
0.6140378713607788
1.5215253829956055
0.6122134327888489
1.5273107290267944
0.6195821762084961
1.5273107290267944
0.6195821762084961
1.5305838584899902
0.6237509846687317
1.5305838584899902
0.6237509846687317
1.518536925315857
0.6177085041999817
1.5256201028823853
0.6226909756660461
1.551396131515503
0.6548629999160767
1.551396131515503
0.6548629999160767
1.5724189281463623
0.6968168020248413
1.5724189281463623
0.6968168020248413
1.5561033487319946
0.6674458384513855
1.5468729734420776
0.6508294343948364
1.5416510105133057
0.6414288282394409
1.5416510105133057
0.6414288282394409
1.5604654550552368
0.6654638051986694
1.5485862493515015
0.6296599507331848
1.5643889904022217
0.6588056683540344
1.5515605211257935
0.6459413170814514
1.5515605211257935
0.6459413170814514
1.5397701263427734
0.6232039332389832
1.5397701263427734
0.6232039332389832
1.5237340927124023
0.6173990368843079
1.5237340927124023
0.6173990368843079
1.5285602807998657
0.6225159168243408
1.553059458732605
0.65476393699646
1.553059458732605
0.65476393699646
1.5443964004516602
0.6236066222190857
1.5402499437332153
0.6260277628898621
1.5379040241241455
0.6273975372314453
1.5365768671035767
0.6281724572181702
1.5365768671035767
0.6281724572181702
1.5358260869979858
0.6286108493804932
1.5354012250900269
0.6288588643074036
1.5354012250900269
0.6288588643074036
1.5569297075271606
0.6583524346351624
1.5419154167175293
0.6385183930397034
1.5419154167175293
0.6385183930397034
1.5419154167175293
0.6385183930397034
1.567055344581604
0.6875699758529663
1.5523144006729126
0.6421663165092468
1.5523144006729126
0.6421663165092468
1.544729471206665
0.6365277767181396
1.5622069835662842
0.662691056728363
1.5622069835662842
0.662691056728363
1.5503261089324951
0.648139476776123
1.5436044931411743
0.6399070024490356
1.539047360420227
0.6152014136314392
1.5372236967086792
0.621272623538971
1.5354374647140503
0.6046591401100159
1.5351814031600952
0.615308403968811
1.5351814031600952
0.615308403968811
1.521138072013855
0.6129322052001953
1.521138072013855
0.6129322052001953
1.5270916223526
0.6199887990951538
1.5270916223526
0.6199887990951538
1.5297054052352905
0.6039328575134277
1.5311840772628784
0.5948493480682373
1.5327750444412231
0.6097586154937744
1.5327750444412231
0.6097586154937744
1.5581896305084229
0.6283612847328186
1.54805326461792
0.6287176609039307
1.5415642261505127
0.6088711619377136
1.5386476516723633
0.6176912784576416
1.5386476516723633
0.6176912784576416
1.5230989456176758
0.6142803430557251
1.5143024921417236
0.612350583076477
1.5143024921417236
0.612350583076477
1.5232244729995728
0.6196597814559937
1.5232244729995728
0.6196597814559937
1.528272032737732
0.6237948536872864
1.5528963804244995
0.6554875373840332
1.5450587272644043
0.6440641283988953
1.5450587272644043
0.6440641283988953
1.562393307685852
0.6669546961784363
1.5722001791000366
0.6799048185348511
1.5420811176300049
0.6494770646095276
1.5250414609909058
0.6322628259658813
1.5250414609909058
0.6322628259658813
1.557508945465088
0.6840309500694275
1.547668218612671
0.6602123379707336
1.5421009063720703
0.6467371582984924
1.5250526666641235
0.6307127475738525
1.5293062925338745
0.6300479769706726
1.5293062925338745
0.6300479769706726
1.5317127704620361
0.6296719312667847
1.5330742597579956
0.6294591426849365
1.5330742597579956
0.6294591426849365
1.5342801809310913
0.6292706727981567
1.5342801809310913
0.6292706727981567
1.5342801809310913
0.6292706727981567
1.5206282138824463
0.6208312511444092
1.5268032550811768
0.6244576573371887
1.552065372467041
0.6558625102043152
1.544588565826416
0.6442762613296509
1.544588565826416
0.6442762613296509
1.540358543395996
0.6377214193344116
1.5240669250488281
0.625612199306488
1.5240669250488281
0.625612199306488
1.5240669250488281
0.625612199306488
1.51485013961792
0.6187614798545837
1.5227798223495483
0.6032385230064392
1.5272659063339233
0.5944565534591675
1.5523271560668945
0.6388896107673645
1.544736623764038
0.6346740126609802
1.544736623764038
0.6346740126609802
1.5265438556671143
0.6238881349563599
1.5301499366760254
0.6261870265007019
1.5301499366760254
0.6261870265007019
1.5182914733886719
0.6190866827964783
1.5254812240600586
0.623470664024353
1.5254812240600586
0.623470664024353
1.5295487642288208
0.6259508728981018
1.5563644170761108
0.6375219225883484
1.547020673751831
0.6339002251625061
1.547020673751831
0.6339002251625061
1.5699435472488403
0.6849573254585266
1.5547029972076416
0.6607363820075989
1.5460807085037231
0.6470336318016052
1.5460807085037231
0.6470336318016052
1.5404481887817383
0.619233250617981
1.5241177082061768
0.6151526570320129
1.514878749847412
0.6128441095352173
1.514878749847412
0.6128441095352173
1.509652018547058
0.6115380525588989
1.509652018547058
0.6115380525588989
1.520593523979187
0.6192000508308411
1.5267835855484009
0.6235347986221313
1.5163869857788086
0.6175862550735474
1.5163869857788086
0.6175862550735474
1.5289392471313477
0.6254706382751465
1.5289392471313477
0.6254706382751465
1.5176066160202026
0.6186813712120056
1.5176066160202026
0.6186813712120056
1.5468624830245972
0.6525946259498596
1.5468624830245972
0.6525946259498596
1.5546523332595825
0.6667197942733765
1.5546523332595825
0.6667197942733765
1.546052098274231
0.6504186987876892
1.5411865711212158
0.6411964893341064
1.5245354175567627
0.6275781393051147
1.5245354175567627
0.6275781393051147
1.5245354175567627
0.6275781393051147
1.5282591581344604
0.608226478099823
1.5303658246994019
0.5972784161567688
1.532312273979187
0.611132800579071
1.532312273979187
0.611132800579071
1.5551820993423462
0.6483240723609924
1.5463517904281616
0.6400114893913269
1.5631248950958252
0.6646619439125061
1.5631248950958252
0.6646619439125061
1.572614073753357
0.678607702255249
1.5779825448989868
0.6864974498748779
1.5837653875350952
0.6717756390571594
1.5837653875350952
0.6717756390571594
1.5842913389205933
0.6826322078704834
1.5842913389205933
0.6826322078704834
1.5910290479660034
0.7125270366668701
1.5910290479660034
0.7125270366668701
1.5884006023406982
0.7056869864463806
1.5643036365509033
0.6702747941017151
1.5643036365509033
0.6702747941017151
1.5515122413635254
0.6524298787117004
1.5442756414413452
0.6423342823982239
1.5442756414413452
0.6423342823982239
1.5401815176010132
0.6366227865219116
1.5371108055114746
0.6133434176445007
1.5371108055114746
0.6133434176445007
1.5606426000595093
0.6303893327713013
1.5606426000595093
0.6303893327713013
1.5712097883224487
0.6592183113098145
1.5554193258285522
0.6461747884750366
1.5682547092437744
0.6681487560272217
1.553747534751892
0.6512271165847778
1.5455402135849
0.641653835773468
1.5455402135849
0.641653835773468
1.5269984006881714
0.6278368830680847
1.5269984006881714
0.6278368830680847
1.5664197206497192
0.6747111082077026
1.5664197206497192
0.6747111082077026
1.5744781494140625
0.6842929124832153
1.5744781494140625
0.6842929124832153
1.585477352142334
0.7134665250778198
1.5852597951889038
0.7062185406684875
1.5851367712020874
0.7021179795265198
1.5851367712020874
0.7021179795265198
1.5850671529769897
0.6997981667518616
1.5850276947021484
0.6984857320785522
1.5850276947021484
0.6984857320785522
1.5493381023406982
0.659989058971405
1.5648143291473389
0.6759641170501709
1.553489327430725
0.6573995351791382
1.553489327430725
0.6573995351791382
1.5453941822052002
0.645145833492279
1.5453941822052002
0.645145833492279
1.542502522468567
0.6399643421173096
1.5241421461105347
0.6278043985366821
1.5241421461105347
0.6278043985366821
1.514648675918579
0.6221638321876526
1.5083839893341064
0.617733895778656
1.5083839893341064
0.617733895778656
1.5198761224746704
0.622705340385437
1.52637779712677
0.6255179047584534
1.551824688911438
0.6564623117446899
1.551824688911438
0.6564623117446899
1.544452428817749
0.6446155905723572
1.5402815341949463
0.6379134058952332
1.5402815341949463
0.6379134058952332
1.5371674299240112
0.6140735745429993
1.5361601114273071
0.6206344962120056
1.5355902910232544
0.6243463158607483
1.5355902910232544
0.6243463158607483
1.535267949104309
0.6264462471008301
1.535267949104309
0.6264462471008301
1.5325332880020142
0.6228730082511902
1.5325332880020142
0.6228730082511902
1.561747431755066
0.6787187457084656
1.5500661134719849
0.6572070121765137
1.5500661134719849
0.6572070121765137
1.5434575080871582
0.6450368762016296
1.5434575080871582
0.6450368762016296
1.5642331838607788
0.648319661617279
1.5514723062515259
0.6400089859962463
1.5660218000411987
0.6646605134010315
1.5385856628417969
0.6408527493476868
1.5385856628417969
0.6408527493476868
1.558731198310852
0.6651378870010376
1.548359751701355
0.6495237350463867
1.5424920320510864
0.6406901478767395
1.5424920320510864
0.6406901478767395
1.560941219329834
0.6650459170341492
1.5713787078857422
0.6788249611854553
1.555514931678772
0.6572670340538025
1.555514931678772
0.6572670340538025
1.5457855463027954
0.6250227093696594
1.5457855463027954
0.6250227093696594
1.5402812957763672
0.6067807674407959
1.5596904754638672
0.6458619236946106
1.5489023923873901
0.638618528842926
1.5489023923873901
0.638618528842926
1.5393462181091309
0.6322022676467896
1.5393462181091309
0.6322022676467896
1.5373927354812622
0.6308906674385071
1.5373927354812622
0.6308906674385071
1.53553307056427
0.610100507736206
1.5352355241775513
0.6183868050575256
1.52116858959198
0.6146737933158875
1.52116858959198
0.6146737933158875
1.5271090269088745
0.6209741234779358
1.5165711641311646
0.6161375045776367
1.5165711641311646
0.6161375045776367
1.5106093883514404
0.6134012937545776
1.5429039001464844
0.6496074199676514
1.5429039001464844
0.6496074199676514
1.5362987518310547
0.5843843817710876
1.5217701196670532
0.595437228679657
1.5135507583618164
0.6016902327537537
1.5227992534637451
0.6136288046836853
1.5227992534637451
0.6136288046836853
1.5280314683914185
0.6203829050064087
1.5170929431915283
0.615803062915802
1.5240486860275269
0.6015648245811462
1.5240486860275269
0.6015648245811462
1.5292563438415527
0.6147565841674805
1.5322024822235107
0.6222197413444519
1.532884955406189
0.6066091656684875
1.5337374210357666
0.616411566734314
1.5337374210357666
0.616411566734314
1.546807885169983
0.6417009830474854
1.546807885169983
0.6417009830474854
1.5277155637741089
0.6278635859489441
1.5308128595352173
0.6284361481666565
1.5186665058135986
0.6203591227531433
1.5186665058135986
0.6203591227531433
1.511794924736023
0.6157895922660828
1.511794924736023
0.6157895922660828
1.5270426273345947
0.613553524017334
1.5270426273345947
0.613553524017334
1.5270426273345947
0.613553524017334
1.5296776294708252
0.6002921462059021
1.5311683416366577
0.5927896499633789
1.5327662229537964
0.6085933446884155
1.5197715759277344
0.609133243560791
1.5197715759277344
0.609133243560791
1.5263186693191528
0.6178395748138428
1.5263186693191528
0.6178395748138428
1.5292680263519287
0.6027169227600098
1.553459882736206
0.6435628533363342
1.5671461820602417
0.666671097278595
1.5776348114013672
0.6605590581893921
1.5808229446411133
0.6762865781784058
1.5826265811920166
0.6851842403411865
1.5618783235549927
0.6608647704124451
1.5618783235549927
0.6608647704124451
1.550140142440796
0.6471062898635864
1.5652680397033691
0.6686757206916809
1.5652680397033691
0.6686757206916809
1.576572299003601
0.6616931557655334
1.5829676389694214
0.6577428579330444
1.5838398933410645
0.6746932864189148
1.562564730644226
0.6549296379089355
1.562564730644226
0.6549296379089355
1.5505284070968628
0.6437484622001648
1.5505284070968628
0.6437484622001648
1.5654877424240112
0.6667761206626892
1.5514276027679443
0.6304023861885071
1.5442277193069458
0.6298724412918091
1.5619231462478638
0.6589258313179016
1.5619231462478638
0.6589258313179016
1.5719342231750488
0.6753625869750977
1.555074691772461
0.6352601051330566
1.555074691772461
0.6352601051330566
1.5708054304122925
0.6427885293960571
1.5551905632019043
0.6368798017501831
1.5463565587997437
0.6335369348526001
1.5463565587997437
0.6335369348526001
1.5631276369094849
0.6609990000724792
1.5508469343185425
0.6471822261810303
1.5508469343185425
0.6471822261810303
1.543144702911377
0.6193172931671143
1.5387872457504272
0.6035529375076294
1.537076473236084
0.6146825551986694
1.535561203956604
0.6245412826538086
1.535561203956604
0.6245412826538086
1.5352513790130615
0.6265565156936646
1.534321665763855
0.607648491859436
1.534321665763855
0.607648491859436
1.531443476676941
0.5606464743614197
1.5329219102859497
0.5904086232185364
1.5329219102859497
0.5904086232185364
1.533758282661438
0.6072462797164917
1.534231424331665
0.6167720556259155
1.534231424331665
0.6167720556259155
1.5206005573272705
0.613760232925415
1.5302878618240356
0.6242460608482361
1.5302878618240356
0.6242460608482361
1.5183695554733276
0.6179885864257812
1.5183695554733276
0.6179885864257812
1.525525450706482
0.6228494048118591
1.52881920337677
0.6055512428283691
1.5314372777938843
0.6158130764961243
1.5314372777938843
0.6158130764961243
1.5329183340072632
0.6216186285018921
1.5329183340072632
0.6216186285018921
1.5330017805099487
0.604854941368103
1.5568147897720337
0.6464871168136597
1.5568147897720337
0.6464871168136597
1.5477933883666992
0.6401709914207458
1.5421717166900635
0.6353989243507385
1.5421717166900635
0.6353989243507385
1.54950749874115
0.6477781534194946
1.54950749874115
0.6477781534194946
1.54950749874115
0.6477781534194946
1.54950749874115
0.6477781534194946
1.5713504552841187
0.6928086280822754
1.5785101652145386
0.6962461471557617
1.5592608451843262
0.6502295136451721
1.5592608451843262
0.6502295136451721
1.5579684972763062
0.6452668309211731
1.5480029582977295
0.639163076877594
1.5480029582977295
0.639163076877594
1.565301537513733
0.6658966541290283
1.5526692867279053
0.6520325541496277
1.5443534851074219
0.6238027811050415
1.5443534851074219
0.6238027811050415
1.5394710302352905
0.6060906052589417
1.5374634265899658
0.6161181926727295
1.5374634265899658
0.6161181926727295
1.536327600479126
0.6217913031578064
1.536327600479126
0.6217913031578064
1.5574537515640259
0.6543540358543396
1.5574537515640259
0.6543540358543396
1.5551016330718994
0.6548150181770325
1.5455517768859863
0.6236355304718018
1.5409035682678223
0.6260440945625305
1.5409035682678223
0.6260440945625305
1.538273811340332
0.6274067759513855
1.538273811340332
0.6274067759513855
1.5482598543167114
0.645220160484314
1.5482598543167114
0.645220160484314
1.5312775373458862
0.629562497138977
1.5312775373458862
0.629562497138977
1.5189294815063477
0.620996356010437
1.5189294815063477
0.620996356010437
1.5189294815063477
0.620996356010437
1.525087594985962
0.6045028567314148
1.528571605682373
0.5951718091964722
1.528571605682373
0.5951718091964722
1.5318150520324707
0.6111398339271545
1.5318150520324707
0.6111398339271545
1.5474135875701904
0.6421825289726257
1.5474135875701904
0.6421825289726257
1.5396807193756104
0.6352199912071228
1.5396807193756104
0.6352199912071228
1.538100004196167
0.6337966918945312
1.558456540107727
0.6611459851264954
1.5482043027877808
0.6472653150558472
1.541649580001831
0.619364321231842
1.5352917909622192
0.6172037720680237
1.5352917909622192
0.6172037720680237
1.5212005376815796
0.6140044927597046
1.5212005376815796
0.6140044927597046
1.5283186435699463
0.6000873446464539
1.5283186435699463
0.6000873446464539
1.5328422784805298
0.6144729256629944
1.5303090810775757
0.6144365072250366
1.5322800874710083
0.6208398342132568
1.5299911499023438
0.618038535118103
1.5299911499023438
0.618038535118103
1.517063856124878
0.6154000759124756
1.517063856124878
0.6154000759124756
1.5529956817626953
0.6744909882545471
1.5668835639953613
0.6841683983802795
1.5747405290603638
0.6896433234214783
1.5574167966842651
0.6633874773979187
1.5574167966842651
0.6633874773979187
1.5758250951766968
0.7016394734382629
1.558030366897583
0.6701741814613342
1.558030366897583
0.6701741814613342
1.5340646505355835
0.6439720392227173
1.5344047546386719
0.6375493407249451
1.5311931371688843
0.6274917721748352
1.5327802896499634
0.6282257437705994
1.5327802896499634
0.6282257437705994
1.5554468631744385
0.657994270324707
1.5430974960327148
0.6390583515167236
1.5430974960327148
0.6390583515167236
1.5158847570419312
0.6344984769821167
1.5264239311218262
0.6345356106758118
1.5264239311218262
0.6345356106758118
1.5297647714614868
0.6134521961212158
1.5297647714614868
0.6134521961212158
1.5324901342391968
0.6214817762374878
1.5324901342391968
0.6214817762374878
1.5458306074142456
0.603022575378418
1.5433655977249146
0.6167283654212952
1.5364454984664917
0.6169285774230957
1.5364454984664917
0.6169285774230957
1.5315314531326294
0.6089274287223816
1.5315314531326294
0.6089274287223816
1.5329716205596924
0.6177231073379517
1.5343043804168701
0.6238980293273926
1.531136393547058
0.6197686791419983
1.531136393547058
0.6197686791419983
1.5332660675048828
0.6250552535057068
1.5305489301681519
0.6204233765602112
1.5305489301681519
0.6204233765602112
1.5173794031143188
0.6167492866516113
1.525483250617981
0.6233470439910889
1.525483250617981
0.6233470439910889
1.5059195756912231
0.6256099343299866
1.5102189779281616
0.6081660389900208
1.5070157051086426
0.608891487121582
1.5070157051086426
0.608891487121582
1.5186357498168945
0.599068820476532
1.5271490812301636
0.5922237634658813
1.5273855924606323
0.5519201159477234
1.5273855924606323
0.5519201159477234
1.531144142150879
0.5866705179214478
1.5322861671447754
0.5864974856376648
1.5322861671447754
0.5864974856376648
1.5195001363754272
0.5966326594352722
1.52668297290802
0.6119662523269653
1.52668297290802
0.6119662523269653
1.52668297290802
0.6119662523269653
1.556237816810608
0.6322904825210571
1.546482801437378
0.6123065948486328
1.5644415616989136
0.6507028341293335
1.5515902042388916
0.6413571834564209
1.5448377132415771
0.6372687816619873
1.5448377132415771
0.6372687816619873
1.539922833442688
0.6154503226280212
1.5369645357131958
0.6013652682304382
1.536637783050537
0.6155244708061218
1.558871865272522
0.6525232791900635
1.570207953453064
0.6717403531074524
1.570207953453064
0.6717403531074524
1.5766212940216064
0.6826122999191284
1.5584808588027954
0.6594097018241882
1.5584808588027954
0.6594097018241882
1.5588889122009277
0.6700998544692993
1.5588889122009277
0.6700998544692993
1.5345503091812134
0.6439300179481506
1.556448221206665
0.6668788194656372
1.556448221206665
0.6668788194656372
1.5475860834121704
0.6517074108123779
1.52815580368042
0.6335246562957764
1.52815580368042
0.6335246562957764
1.5305956602096558
0.6130048036575317
1.554210901260376
0.6493831276893616
1.554210901260376
0.6493831276893616
1.554210901260376
0.6493831276893616
1.5675711631774902
0.6699638962745667
1.5763720273971558
0.6833218932151794
1.558857798576355
0.6610099673271179
1.558857798576355
0.6610099673271179
1.5714426040649414
0.6782563328742981
1.5815602540969849
0.6697935461997986
1.5842863321304321
0.6832255721092224
1.5842863321304321
0.6832255721092224
1.5910261869430542
0.7128626704216003
1.5671483278274536
0.6777223944664001
1.5671483278274536
0.6777223944664001
1.5748902559280396
0.6859965920448303
1.5580195188522339
0.6625231504440308
1.5580195188522339
0.6625231504440308
1.547202467918396
0.6279962658882141
1.5410828590393066
0.6084630489349365
1.5410828590393066
0.6084630489349365
1.5383752584457397
0.6174604296684265
1.5700610876083374
0.6713899374008179
1.5700610876083374
0.6713899374008179
1.5408709049224854
0.6446598768234253
1.5408709049224854
0.6446598768234253
1.5382553339004517
0.6379384398460388
1.5363093614578247
0.615501880645752
1.5363093614578247
0.615501880645752
1.5363093614578247
0.615501880645752
1.5363093614578247
0.615501880645752
1.563883662223816
0.6745485663414001
1.5707749128341675
0.6790865063667297
1.5707749128341675
0.6790865063667297
1.5707749128341675
0.6790865063667297
1.5412747859954834
0.6490141153335571
1.5390018224716187
0.6416006088256836
1.5602092742919922
0.6672756671905518
1.5602092742919922
0.6672756671905518
1.5497138500213623
0.6519319415092468
1.5497138500213623
0.6519319415092468
1.5714671611785889
0.6951586008071899
1.5714671611785889
0.6951586008071899
1.5550986528396606
0.6478736996650696
1.5790551900863647
0.673501193523407
1.5790551900863647
0.673501193523407
1.5790551900863647
0.673501193523407
1.585866928100586
0.6671033501625061
1.5872069597244263
0.6899635791778564
1.5872069597244263
0.6899635791778564
1.587480902671814
0.6946365833282471
1.587480902671814
0.6946365833282471
1.590633749961853
0.6790605187416077
1.5924173593521118
0.6702485084533691
1.566951036453247
0.6337810158729553
1.566951036453247
0.6337810158729553
1.5760213136672974
0.6628517508506775
1.5576751232147217
0.6295963525772095
1.548280119895935
0.6306151747703552
1.548280119895935
0.6306151747703552
1.5654584169387817
0.6610607504844666
1.5526834726333618
0.6484159231185913
1.5454561710357666
0.6412621736526489
1.5454561710357666
0.6412621736526489
1.5413674116134644
0.6372150182723999
1.539054274559021
0.6349254250526428
1.539054274559021
0.6349254250526428
1.5367612838745117
0.6137972474098206
1.5367612838745117
0.6137972474098206
1.5354640483856201
0.6018441915512085
1.5727708339691162
0.6587688326835632
1.5727708339691162
0.6587688326835632
1.5472397804260254
0.6293084025382996
1.5472397804260254
0.6293084025382996
1.527959942817688
0.6208525896072388
1.527959942817688
0.6208525896072388
1.5539624691009521
0.6555376052856445
1.5686731338500977
0.6751604080200195
1.5686731338500977
0.6751604080200195
1.5400856733322144
0.6467929482460022
1.5383291244506836
0.6403440237045288
1.5229188203811646
0.6270958781242371
1.5229188203811646
0.6270958781242371
1.5142005681991577
0.6196008920669556
1.5142005681991577
0.6196008920669556
1.5231667757034302
0.6237615346908569
1.5231667757034302
0.6237615346908569
1.539861798286438
0.6040309071540833
1.534003734588623
0.6156986951828003
1.534003734588623
0.6156986951828003
1.5318477153778076
0.606840193271637
1.5318477153778076
0.606840193271637
1.5323960781097412
0.5964941382408142
1.5564720630645752
0.641757071018219
1.5475995540618896
0.6374949812889099
1.5650733709335327
0.6649529337882996
1.5749590396881104
0.6804870367050171
1.5749590396881104
0.6804870367050171
1.5805517435073853
0.689275324344635
1.5612224340438843
0.6643780469894409
1.5612224340438843
0.6643780469894409
1.5779780149459839
0.7021998763084412
1.559766411781311
0.6716899871826172
1.5494632720947266
0.6544293165206909
1.5436344146728516
0.6446642279624939
1.5436344146728516
0.6446642279624939
1.5398187637329102
0.6379409432411194
1.5398187637329102
0.6379409432411194
1.5369056463241577
0.6140891313552856
1.5577807426452637
0.6499965786933899
1.54951012134552
0.6427085995674133
1.54951012134552
0.6427085995674133
1.5649117231369019
0.6661878228187561
1.5736249685287476
0.679470956325531
1.5567857027053833
0.6576325297355652
1.5567857027053833
0.6576325297355652
1.5690277814865112
0.674630880355835
1.5759536027908325
0.6842475533485413
1.5863120555877686
0.7134408950805664
1.585732102394104
0.7062039971351624
1.585732102394104
0.7062039971351624
1.5918442010879517
0.7258625626564026
1.5888618230819702
0.7132314443588257
1.5888618230819702
0.7132314443588257
1.5871745347976685
0.7060855031013489
