0.9732107520103455
0.01165449246764183
0.9719554781913757
0.010952860116958618
0.9715440273284912
0.010697207413613796
0.9713909029960632
0.010588451288640499
0.9732677936553955
0.011635540053248405
0.9689455628395081
0.009371467866003513
0.9706261157989502
0.006223638076335192
0.9699564576148987
0.006693377625197172
0.9690436124801636
0.006634782068431377
0.968551516532898
0.006540865637362003
0.9680585265159607
0.006356365978717804
0.9689289331436157
0.004064969718456268
0.9680238962173462
0.005014462396502495
0.9627392888069153
0.0022402736358344555
0.9704514741897583
0.007202686741948128
0.9677332639694214
0.006927459966391325
0.9645955562591553
0.016503922641277313
0.9592692255973816
0.018654143437743187
0.9564357399940491
0.008122794330120087
0.9568673372268677
0.005266656633466482
0.9491620063781738
0.011350728571414948
0.9387937784194946
-0.00020447153656277806
0.9324659705162048
0.00843906868249178
0.9302686452865601
0.01695224456489086
0.9141263365745544
0.005492144264280796
0.9079387187957764
0.006960718426853418
0.9072492122650146
0.013926082290709019
0.89462810754776
0.006470417138189077
0.8828229904174805
-0.0036854466889053583
0.8783169984817505
-0.006523170508444309
0.8651977181434631
-0.007712138816714287
0.8449065685272217
-0.02442275360226631
0.8397822380065918
-0.02955128252506256
0.8237483501434326
-0.04262334853410721
0.8190500736236572
-0.04157045856118202
0.8137381672859192
-0.03967221453785896
0.8042060732841492
-0.04060466215014458
0.793641984462738
-0.05268320068717003
0.790838897228241
-0.054979439824819565
0.7894424200057983
-0.06291763484477997
0.7847414612770081
-0.06650158762931824
0.7802326679229736
-0.06996924430131912
0.7750690579414368
-0.06804954260587692
0.7724639773368835
-0.07143551111221313
0.7694845199584961
-0.07379863411188126
0.7682843208312988
-0.07533927261829376
0.7713093757629395
-0.07800088077783585
0.7716735601425171
-0.0847623199224472
0.7721326947212219
-0.0849054828286171
0.7712042331695557
-0.08811012655496597
0.7697696685791016
-0.08178234100341797
0.7690144181251526
-0.07884872704744339
0.7699010968208313
-0.08575208485126495
0.7660488486289978
-0.0888650044798851
0.7631270885467529
-0.08479193598031998
0.7599782347679138
-0.0833507552742958
0.7560771703720093
-0.08657868951559067
0.7540075778961182
-0.08385397493839264
0.7564642429351807
-0.08694813400506973
0.7517232298851013
-0.08882909268140793
0.7502772808074951
-0.09666544198989868
0.745841383934021
-0.10182231664657593
0.7417563199996948
-0.1052434965968132
0.7400372624397278
-0.10502031445503235
0.7351005673408508
-0.1085820347070694
0.7312195897102356
-0.1114254742860794
0.7207475900650024
-0.112388975918293
0.7138593196868896
-0.11099666357040405
0.7072865962982178
-0.11707304418087006
0.7006127238273621
-0.12078268080949783
0.6951934695243835
-0.13315416872501373
0.6918268799781799
-0.1366412341594696
0.688208281993866
-0.13750416040420532
0.6849306225776672
-0.14116984605789185
0.6816329956054688
-0.14485228061676025
0.688838541507721
-0.13679856061935425
0.6760916113853455
-0.14363300800323486
0.6652742624282837
-0.16101084649562836
0.6599536538124084
-0.16799120604991913
0.6502224206924438
-0.1773524433374405
0.6436893343925476
-0.1763186901807785
0.6379382014274597
-0.18202762305736542
0.6355971097946167
-0.18412114679813385
0.6324437260627747
-0.18713197112083435
0.6293659806251526
-0.1923748403787613
0.6288363933563232
-0.20019416511058807
0.6272183060646057
-0.20488852262496948
0.6251371502876282
-0.20268283784389496
0.623672604560852
-0.2027931809425354
0.6217330098152161
-0.20405443012714386
0.6182892322540283
-0.20313619077205658
0.6162753701210022
-0.2025323212146759
0.6133071780204773
-0.20828409492969513
0.6121548414230347
-0.21475255489349365
0.6084631681442261
-0.21749576926231384
0.6020549535751343
-0.22904270887374878
0.5992975831031799
-0.23003171384334564
0.5960096120834351
-0.23714293539524078
0.5904915928840637
-0.24366377294063568
0.5849555730819702
-0.24473363161087036
0.5806839466094971
-0.24712610244750977
0.5756131410598755
-0.25313428044319153
0.5656095743179321
-0.2606876790523529
0.5611138939857483
-0.2670995891094208
0.5581485033035278
-0.27036866545677185
0.5551503896713257
-0.2800065279006958
0.5513809323310852
-0.2803957760334015
0.5490497946739197
-0.2866031527519226
0.5464032292366028
-0.2925622761249542
0.5419424772262573
-0.29352691769599915
0.5385813117027283
-0.2929530739784241
0.5355311036109924
-0.2913682758808136
0.5370924472808838
-0.29557961225509644
0.5376428961753845
-0.29792824387550354
0.5357069969177246
-0.3011471927165985
0.5371018648147583
-0.30037108063697815
0.535843014717102
-0.30195531249046326
0.5351325273513794
-0.30281928181648254
0.5301839709281921
-0.299121230840683
0.5267425775527954
-0.3028780519962311
0.5260778069496155
-0.3034707307815552
0.5264636278152466
-0.3087046146392822
0.5244089961051941
-0.3087249994277954
0.5222473740577698
-0.30951905250549316
0.5186313986778259
-0.3146243691444397
0.5159295201301575
-0.31862205266952515
0.5125556588172913
-0.3202866315841675
0.5147125720977783
-0.3154955804347992
0.5074586868286133
-0.32162314653396606
0.5017077922821045
-0.3286852538585663
0.49571675062179565
-0.3336311876773834
0.4857213795185089
-0.34466227889060974
0.4824526607990265
-0.34832242131233215
0.4777604639530182
-0.34958598017692566
0.47450825572013855
-0.3533213436603546
0.46498334407806396
-0.36213749647140503
0.4598653018474579
-0.3711521625518799
0.454529732465744
-0.3749326467514038
0.44971591234207153
-0.38016149401664734
0.4467836618423462
-0.38358762860298157
0.449550986289978
-0.37652823328971863
0.4399757385253906
-0.38702392578125
0.43686360120773315
-0.3886977732181549
0.43331846594810486
-0.39671215415000916
0.43085259199142456
-0.3973749279975891
0.426548570394516
-0.40179750323295593
0.42555832862854004
-0.40259239077568054
0.42196959257125854
-0.4063492715358734
0.41912606358528137
-0.4098246395587921
0.417950302362442
-0.4088294208049774
0.41736653447151184
-0.4092744290828705
0.41359323263168335
-0.4138248562812805
0.41354668140411377
-0.4167015254497528
0.41159728169441223
-0.41789108514785767
0.40792450308799744
-0.41935232281684875
0.4050997495651245
-0.4231377840042114
0.405965119600296
-0.42109423875808716
0.4035552144050598
-0.4240531921386719
0.3990373909473419
-0.42866769433021545
0.3947684168815613
-0.4343382716178894
0.39026740193367004
-0.4398878812789917
0.3839256763458252
-0.44293782114982605
0.38003018498420715
-0.44839027523994446
0.37699732184410095
-0.45354530215263367
0.371348112821579
-0.4588278830051422
0.3688959777355194
-0.46247172355651855
0.3646266758441925
-0.4700864851474762
0.3598930537700653
-0.4753018021583557
0.35290056467056274
-0.48387637734413147
0.35067862272262573
-0.48728734254837036
0.34535229206085205
-0.49372220039367676
0.33986663818359375
-0.5013673305511475
0.33410802483558655
-0.5065252780914307
0.33214816451072693
-0.5093041658401489
0.32942283153533936
-0.5126146674156189
0.3273880183696747
-0.5158236026763916
0.32402175664901733
-0.5197654366493225
0.32064077258110046
-0.52357417345047
0.31759387254714966
-0.5271216034889221
0.3161469101905823
-0.5288775563240051
0.31402087211608887
-0.5323063731193542
0.31211018562316895
-0.5357243418693542
0.31462547183036804
-0.5325892567634583
0.31142929196357727
-0.5345619320869446
0.31065982580184937
-0.5370321869850159
0.3093358874320984
-0.5394888520240784
0.3072781264781952
-0.5423347353935242
0.3060213625431061
-0.5433254241943359
0.30369144678115845
-0.546497642993927
0.30169740319252014
-0.5501899719238281
0.29773765802383423
-0.5536460876464844
0.2944323420524597
-0.5588005185127258
0.2927342653274536
-0.5625854730606079
0.2910561263561249
-0.5664918422698975
0.291831910610199
-0.5596663951873779
0.28913435339927673
-0.5653894543647766
0.2847359776496887
-0.5715699791908264
0.2803414463996887
-0.5774763822555542
0.27698570489883423
-0.5825046896934509
0.2744646370410919
-0.5861972570419312
0.2705743908882141
-0.590257465839386
0.2662002742290497
-0.5924779772758484
0.26574578881263733
-0.5966569781303406
0.260808527469635
-0.6049649119377136
0.25884810090065
-0.6079258918762207
0.25699055194854736
-0.6134638786315918
0.25404030084609985
-0.6197333335876465
0.25489407777786255
-0.6206939816474915
0.252584308385849
-0.6235946416854858
0.24823959171772003
-0.6296177506446838
0.24371860921382904
-0.6353039145469666
0.23926377296447754
-0.6408648490905762
0.23659932613372803
-0.6471061706542969
0.23268641531467438
-0.6515305638313293
0.22861263155937195
-0.6582835912704468
0.22815361618995667
-0.6634395122528076
0.22792203724384308
-0.6718500852584839
0.22696350514888763
-0.6786220669746399
0.2275460660457611
-0.684535801410675
0.22524148225784302
-0.6952409148216248
0.22378934919834137
-0.7018148899078369
0.22202211618423462
-0.7121974229812622
0.2202099710702896
-0.7219541072845459
0.2211567908525467
-0.7289322018623352
0.22170782089233398
-0.7389150857925415
0.22149263322353363
-0.7464525699615479
0.2198033332824707
-0.7543497085571289
0.22202235460281372
-0.7658185958862305
0.22527001798152924
-0.7743946313858032
0.22859753668308258
-0.7808891534805298
0.22705140709877014
-0.7838917970657349
0.22811247408390045
-0.7929350137710571
0.2321648746728897
-0.8030235767364502
0.2333548218011856
-0.8136606216430664
0.23917251825332642
-0.8215337991714478
0.2424624115228653
-0.8330327272415161
0.243895024061203
-0.838583767414093
0.24826228618621826
-0.8447858095169067
0.2495882511138916
-0.8517073392868042
0.24976302683353424
-0.8552162051200867
0.25576546788215637
-0.8582842350006104
0.2561255395412445
-0.8622391223907471
0.26018431782722473
-0.8705859780311584
0.26421523094177246
-0.8766455054283142
0.2697408199310303
-0.8829965591430664
0.2717187702655792
-0.8911085724830627
0.2735954225063324
-0.8961594104766846
0.2773449420928955
-0.9012330174446106
0.2820836305618286
-0.9072112441062927
0.28671467304229736
-0.9126387238502502
0.29554566740989685
-0.9153682589530945
0.2974567413330078
-0.9216219782829285
0.30103999376296997
-0.9285178780555725
0.3033943176269531
-0.9351040720939636
0.30795690417289734
-0.9419317245483398
0.31254246830940247
-0.9463690519332886
0.31753191351890564
-0.9535741806030273
0.322003036737442
-0.9589149355888367
0.33111318945884705
-0.9618265628814697
0.3355806767940521
-0.97090744972229
0.3397979736328125
-0.9771283864974976
0.34644654393196106
-0.9834908246994019
0.35317522287368774
-0.9876478314399719
0.3598233759403229
-0.9917626976966858
0.35421693325042725
-0.9864473342895508
0.37459835410118103
-0.9994397759437561
0.38028088212013245
-1.0126057863235474
0.39249545335769653
-1.0152848958969116
0.39791879057884216
-1.03241765499115
0.40432286262512207
-1.03609299659729
0.4093639552593231
-1.0362939834594727
0.4158046543598175
-1.0373146533966064
0.4222725033760071
-1.0424007177352905
0.42781156301498413
-1.0468887090682983
0.4358309507369995
-1.0486387014389038
0.4411017596721649
-1.0519171953201294
0.45028460025787354
-1.051141381263733
0.4609726071357727
-1.0573519468307495
0.4629528522491455
-1.0602872371673584
0.4668353796005249
-1.0644241571426392
0.4668492078781128
-1.062695860862732
0.48032820224761963
-1.0657957792282104
0.48815199732780457
-1.066258430480957
0.4934017062187195
-1.0684797763824463
0.4991696774959564
-1.071323275566101
0.499552458524704
-1.0799975395202637
0.5033811330795288
-1.0850764513015747
0.5071636438369751
-1.0895854234695435
0.5148736238479614
-1.0931135416030884
0.5206462144851685
-1.1000851392745972
0.5259957909584045
-1.1040490865707397
0.5308467149734497
-1.109987497329712
0.5395996570587158
-1.110227108001709
0.5474843978881836
-1.1120628118515015
0.5540893077850342
-1.1163724660873413
0.5593993067741394
-1.114378809928894
0.5645440220832825
-1.1181410551071167
0.5712103843688965
-1.1226345300674438
0.5768569707870483
-1.1267215013504028
0.5804147124290466
-1.130162239074707
0.5838602781295776
-1.1408867835998535
0.5879667401313782
-1.152753472328186
0.5912865996360779
-1.1572929620742798
0.6041408777236938
-1.1587281227111816
0.615942120552063
-1.162979006767273
0.6211263537406921
-1.1652196645736694
0.6242631077766418
-1.176130771636963
0.6286981701850891
-1.1871761083602905
0.6354023218154907
-1.1785376071929932
0.643319308757782
-1.1802676916122437
0.6503650546073914
-1.195786714553833
0.6588294506072998
-1.2104997634887695
0.6648103594779968
-1.2175588607788086
0.6779028177261353
-1.2183386087417603
0.6837669014930725
-1.2262403964996338
0.6933748126029968
-1.2265393733978271
0.6994127035140991
-1.235528588294983
0.7035696506500244
-1.241418719291687
0.7108144164085388
-1.2470544576644897
0.724969208240509
-1.2486270666122437
0.7355700135231018
-1.2549937963485718
0.7425704598426819
-1.2661229372024536
0.7528831362724304
-1.2785743474960327
0.7643115520477295
-1.2720065116882324
0.7802528738975525
-1.2718226909637451
0.7787490487098694
-1.2817026376724243
0.7907208800315857
-1.2792037725448608
0.7966468334197998
-1.2941038608551025
0.8159173727035522
-1.2899565696716309
0.8182351589202881
-1.3024190664291382
0.8212405443191528
-1.3071993589401245
0.8295714855194092
-1.314467430114746
0.8319287300109863
-1.31489098072052
0.8393430709838867
-1.3134238719940186
0.8486948609352112
-1.3151177167892456
0.8577720522880554
-1.3161884546279907
0.8623506426811218
-1.3186291456222534
0.8812074065208435
-1.3052024841308594
0.8951482772827148
-1.304547667503357
0.8914371728897095
-1.314104676246643
0.8927521109580994
-1.3143943548202515
0.9044390320777893
-1.3072761297225952
0.8971519470214844
-1.3189094066619873
0.9109553694725037
-1.3084180355072021
0.926155149936676
-1.3062294721603394
0.9369015097618103
-1.3059453964233398
0.946638822555542
-1.30588698387146
0.9552134275436401
-1.3051307201385498
0.9644071459770203
-1.305773377418518
0.9729938507080078
-1.3093303442001343
0.9824362397193909
-1.31014883518219
0.987007737159729
-1.3055304288864136
0.9975910782814026
-1.3059552907943726
1.0039660930633545
-1.3222283124923706
1.0133512020111084
-1.3227365016937256
1.0343767404556274
-1.3203740119934082
1.04599928855896
-1.3213212490081787
1.054732084274292
-1.3213677406311035
1.0620075464248657
-1.316301703453064
1.0664860010147095
-1.3318649530410767
1.0927729606628418
-1.322677731513977
1.1005549430847168
-1.3217647075653076
1.1087762117385864
-1.321512222290039
1.1178346872329712
-1.3192473649978638
1.1187063455581665
-1.3352370262145996
1.123650312423706
-1.3458160161972046
1.1396076679229736
-1.33554208278656
1.164898157119751
-1.3262640237808228
1.1606675386428833
-1.3465856313705444
1.1621838808059692
-1.351737380027771
1.1773862838745117
-1.3374872207641602
1.1986892223358154
-1.3268648386001587
1.1932532787322998
-1.3433878421783447
1.2029902935028076
-1.3356250524520874
1.2108032703399658
-1.3346284627914429
1.2279609441757202
-1.323876142501831
1.2296383380889893
-1.3251703977584839
1.2363125085830688
-1.323510766029358
1.243438720703125
-1.3222213983535767
1.2604446411132812
-1.3188422918319702
1.2604376077651978
-1.3218570947647095
1.2662314176559448
-1.320947527885437
1.27181077003479
-1.318768858909607
1.269694447517395
-1.3419190645217896
1.2817260026931763
-1.3299667835235596
1.2790935039520264
-1.3419755697250366
1.283064842224121
-1.347410798072815
1.2888116836547852
-1.349628210067749
1.3046061992645264
-1.327785849571228
1.3158392906188965
-1.319167971611023
1.3146274089813232
-1.333350658416748
1.3170371055603027
-1.3387686014175415
1.3249863386154175
-1.3461577892303467
1.3414506912231445
-1.3233397006988525
1.353195309638977
-1.3128060102462769
1.3623590469360352
-1.303545594215393
1.3629616498947144
-1.3194704055786133
1.380491852760315
-1.304251790046692
1.384334683418274
-1.3254718780517578
1.3985862731933594
-1.3071717023849487
1.3966848850250244
-1.3186242580413818
1.4042075872421265
-1.3320269584655762
1.4112606048583984
-1.3370847702026367
1.42903470993042
-1.3075122833251953
1.4414446353912354
-1.2923609018325806
1.4512643814086914
-1.2827849388122559
1.4594388008117676
-1.276743769645691
1.4674086570739746
-1.2713499069213867
1.4730459451675415
-1.268694519996643
1.4769772291183472
-1.269792079925537
1.4826658964157104
-1.2670091390609741
1.4899489879608154
-1.2619149684906006
1.4638395309448242
-1.2881852388381958
1.4896751642227173
-1.295178771018982
1.4919968843460083
-1.2952011823654175
1.5070796012878418
-1.2731376886367798
1.5099965333938599
-1.2632744312286377
1.5032726526260376
-1.2645468711853027
1.52069890499115
-1.2547937631607056
1.5330222845077515
-1.250955581665039
1.5334928035736084
-1.2500697374343872
1.5169219970703125
-1.2666893005371094
1.5394346714019775
-1.2523612976074219
1.5510783195495605
-1.242721438407898
1.5620368719100952
-1.2385361194610596
1.5665857791900635
-1.2341129779815674
1.5688811540603638
-1.2390996217727661
1.5774974822998047
-1.2293052673339844
1.5829155445098877
-1.2235466241836548
1.5883824825286865
-1.223332166671753
1.5953038930892944
-1.2167167663574219
1.5986831188201904
-1.2133604288101196
1.6027107238769531
-1.2086255550384521
1.6048381328582764
-1.2073895931243896
1.6099307537078857
-1.2033599615097046
1.6125731468200684
-1.2007150650024414
1.6169875860214233
-1.1964466571807861
1.6214064359664917
-1.1939159631729126
1.6258466243743896
-1.1897000074386597
1.6287236213684082
-1.1838346719741821
1.6330715417861938
-1.1791443824768066
1.6375374794006348
-1.1737136840820312
1.6609559059143066
-1.1550077199935913
1.6726930141448975
-1.1457045078277588
1.664105772972107
-1.149501085281372
1.661616325378418
-1.1503562927246094
1.6805040836334229
-1.1317999362945557
1.6757737398147583
-1.1397297382354736
1.6787298917770386
-1.1349222660064697
1.6762539148330688
-1.131553053855896
1.6814285516738892
-1.1245574951171875
1.6733362674713135
-1.1262977123260498
1.6761993169784546
-1.1210801601409912
1.6658196449279785
-1.1221983432769775
1.6805922985076904
-1.1378589868545532
1.6846147775650024
-1.1314395666122437
1.6960705518722534
-1.1093734502792358
1.7034858465194702
-1.0965490341186523
1.7092115879058838
-1.0926679372787476
1.706174612045288
-1.0983471870422363
1.708402156829834
-1.092826008796692
1.7105321884155273
-1.087272047996521
1.7177472114562988
-1.0791095495224
1.723839282989502
-1.0718204975128174
1.7258543968200684
-1.0666203498840332
1.72003972530365
-1.075046181678772
1.7179023027420044
-1.0788570642471313
1.7198196649551392
-1.0730392932891846
1.7237803936004639
-1.0849307775497437
1.7491986751556396
-1.0376423597335815
1.7436851263046265
-1.0349212884902954
1.743811845779419
-1.0306921005249023
1.7453001737594604
-1.031225323677063
1.7459763288497925
-1.0237451791763306
1.7472761869430542
-1.0179777145385742
1.7448546886444092
-1.0328782796859741
1.74415922164917
-1.0350250005722046
1.7537689208984375
-1.01658296585083
1.7544885873794556
-1.0102403163909912
1.7550987005233765
-1.0037585496902466
1.7779428958892822
-0.9852214455604553
1.770809531211853
-0.9953061938285828
1.7751158475875854
-0.9763545989990234
1.7919925451278687
-0.9423505663871765
1.7855241298675537
-0.9438583850860596
1.7810794115066528
-0.934966504573822
1.776418685913086
-0.9581389427185059
1.7778619527816772
-0.9360292553901672
1.7774323225021362
-0.9246198534965515
1.7755428552627563
-0.9174008965492249
1.7617764472961426
-0.9168707132339478
1.7701034545898438
-0.9090895056724548
1.77125883102417
-0.9320895075798035
1.7749391794204712
-0.9197204113006592
1.767042636871338
-0.9238068461418152
1.7710206508636475
-0.9033980965614319
1.765152931213379
-0.9094114303588867
1.770757794380188
-0.8964501023292542
1.7744470834732056
-0.8833227157592773
1.768624186515808
-0.898231565952301
1.7656891345977783
-0.8907293677330017
1.7582708597183228
-0.8856375217437744
1.7624350786209106
-0.8658191561698914
1.760230302810669
-0.8497475385665894
1.7585591077804565
-0.8372701406478882
1.7488943338394165
-0.8372538089752197
1.7503124475479126
-0.8222318291664124
1.7467154264450073
-0.8153245449066162
1.743939757347107
-0.8196861147880554
1.7402554750442505
-0.8127937316894531
1.736567497253418
-0.8060172200202942
1.7588735818862915
-0.8373555541038513
1.742224097251892
-0.8158349394798279
1.7363418340682983
-0.7777916193008423
1.729880690574646
-0.7846017479896545
1.7255613803863525
-0.7780787348747253
1.7254414558410645
-0.7420070171356201
1.7201423645019531
-0.7558538913726807
1.7175027132034302
-0.7314518690109253
1.7129946947097778
-0.725465714931488
1.7116572856903076
-0.7129102349281311
1.7123286724090576
-0.7048237323760986
1.7093111276626587
-0.705832302570343
1.70667564868927
-0.7028785943984985
1.6956828832626343
-0.7059013247489929
1.68912672996521
-0.705010712146759
1.6932682991027832
-0.6855669617652893
1.688276767730713
-0.6801385879516602
1.694274663925171
-0.6602567434310913
1.679980754852295
-0.6727356910705566
1.6789406538009644
-0.6615523099899292
1.6798269748687744
-0.6631298661231995
1.6775596141815186
-0.6617323756217957
1.6800490617752075
-0.6371458172798157
1.67477548122406
-0.6320003867149353
1.6676939725875854
-0.632253110408783
1.6603455543518066
-0.6450121402740479
1.6554112434387207
-0.6398161053657532
1.650477409362793
-0.6552385091781616
1.646966814994812
-0.6612234711647034
1.6440740823745728
-0.6331958770751953
1.6414514780044556
-0.6159947514533997
1.6373250484466553
-0.605239748954773
1.6329364776611328
-0.6262145042419434
1.6287031173706055
-0.6111589074134827
1.623570442199707
-0.6015217304229736
1.6162893772125244
-0.5859585404396057
1.619331955909729
-0.6180825233459473
1.6071486473083496
-0.6143658757209778
1.5995275974273682
-0.5833044648170471
1.6037532091140747
-0.6064324975013733
1.5909446477890015
-0.5639714002609253
1.5866954326629639
-0.5594462156295776
1.5823227167129517
-0.5543164014816284
1.5765682458877563
-0.5672716498374939
1.5677785873413086
-0.5679760575294495
1.5657325983047485
-0.5518225431442261
1.5555360317230225
-0.5469361543655396
1.5522013902664185
-0.5322149395942688
1.5481517314910889
-0.5281156301498413
1.5398544073104858
-0.5271092057228088
1.5347323417663574
-0.5245422720909119
1.5373926162719727
-0.5091791152954102
1.537420392036438
-0.5098280906677246
1.5372740030288696
-0.49911418557167053
1.5267630815505981
-0.5030264854431152
1.524990439414978
-0.48974907398223877
1.5300588607788086
-0.5180239677429199
1.525107741355896
-0.4969877600669861
1.5203768014907837
-0.50458163022995
1.5180168151855469
-0.4901445508003235
1.5076042413711548
-0.48609164357185364
1.5061612129211426
-0.4635818302631378
1.5021474361419678
-0.47953253984451294
1.4973011016845703
-0.4849030375480652
1.487822413444519
-0.47408002614974976
1.4873096942901611
-0.45619481801986694
1.4839190244674683
-0.44153693318367004
1.4746036529541016
-0.4460909962654114
1.4735215902328491
-0.45460304617881775
1.4711753129959106
-0.45687735080718994
1.4685167074203491
-0.44195881485939026
1.4717479944229126
-0.4566959738731384
1.468173861503601
-0.4394560754299164
1.4548683166503906
-0.4297243058681488
1.4552264213562012
-0.42376086115837097
1.4524134397506714
-0.42123112082481384
1.441835880279541
-0.41192376613616943
1.4389549493789673
-0.4075357913970947
1.4338499307632446
-0.39570435881614685
1.4272576570510864
-0.3931547999382019
1.4294588565826416
-0.3784284293651581
1.4290745258331299
-0.39335542917251587
1.4278980493545532
-0.3960675299167633
1.425117015838623
-0.3913489878177643
1.4255625009536743
-0.38337263464927673
1.4173223972320557
-0.3769976794719696
1.411974549293518
-0.3713432252407074
1.414255142211914
-0.35543525218963623
1.4145961999893188
-0.34606948494911194
1.4153029918670654
-0.3510889410972595
1.4136847257614136
-0.3592962324619293
1.4121752977371216
-0.3533843457698822
1.4080129861831665
-0.35759902000427246
1.405045986175537
-0.3526983857154846
1.39878249168396
-0.34370264410972595
1.4000262022018433
-0.3463989794254303
1.3979436159133911
-0.3452695310115814
1.395163655281067
-0.3432615101337433
1.3917104005813599
-0.3354962170124054
1.3904659748077393
-0.33135420083999634
1.3870446681976318
-0.299660325050354
1.383639931678772
-0.30413246154785156
1.3802828788757324
-0.2993069887161255
1.3797024488449097
-0.29262784123420715
1.3762201070785522
-0.2927071452140808
1.3761982917785645
-0.28290101885795593
1.3723926544189453
-0.2781294286251068
1.3713477849960327
-0.2808201313018799
1.3644671440124512
-0.2684555947780609
1.3580747842788696
-0.2600889205932617
1.353884220123291
-0.25476157665252686
1.3599406480789185
-0.2663315236568451
1.357934594154358
-0.2634156346321106
1.3565961122512817
-0.2393975704908371
1.3553526401519775
-0.2272215187549591
1.352128267288208
-0.24010257422924042
1.3453574180603027
-0.23401793837547302
1.3446345329284668
-0.23077045381069183
1.3345980644226074
-0.22306327521800995
1.3299922943115234
-0.2186446189880371
1.3359922170639038
-0.22229212522506714
1.334434151649475
-0.22567687928676605
1.3244303464889526
-0.200771301984787
1.3194901943206787
-0.19643810391426086
1.3181489706039429
-0.18390293419361115
1.3172781467437744
-0.1868826001882553
1.3067338466644287
-0.17997561395168304
1.3046038150787354
-0.18735702335834503
1.2989054918289185
-0.16789960861206055
1.2985970973968506
-0.1449933797121048
1.29471755027771
-0.15588554739952087
1.2861926555633545
-0.16069070994853973
1.272539496421814
-0.1408960074186325
1.267055869102478
-0.1380975842475891
1.258244276046753
-0.12534798681735992
1.2478759288787842
-0.12637634575366974
1.2425835132598877
-0.11684314906597137
1.2373257875442505
-0.11451619863510132
1.2292166948318481
-0.12163049727678299
1.2204746007919312
-0.11574248224496841
1.213658094406128
-0.11232919245958328
1.2087843418121338
-0.11022280901670456
1.2091193199157715
-0.11201106011867523
1.2048662900924683
-0.10403801500797272
1.1916948556900024
-0.10077930986881256
1.1869912147521973
-0.09864012897014618
1.1867414712905884
-0.09245720505714417
1.1831194162368774
-0.0882050096988678
1.1785742044448853
-0.08290182799100876
1.1727954149246216
-0.09104809910058975
1.1707881689071655
-0.10080410540103912
1.164252758026123
-0.09482266753911972
1.1595854759216309
-0.09241969883441925
1.152840256690979
-0.08642701804637909
1.1488858461380005
-0.08447497338056564
1.1388555765151978
-0.0790838748216629
1.1345500946044922
-0.07672461122274399
1.136630654335022
-0.07161683589220047
1.1320942640304565
-0.06908910721540451
1.1242518424987793
-0.06783696264028549
1.1263028383255005
-0.0639263242483139
1.1216779947280884
-0.06139177829027176
1.1193585395812988
-0.05680394172668457
1.116191029548645
-0.052110038697719574
1.1092760562896729
-0.06124667823314667
1.102088212966919
-0.06354298442602158
1.0980273485183716
-0.05282430723309517
1.0940734148025513
-0.04398008808493614
1.0868635177612305
-0.048805538564920425
1.0802485942840576
-0.04341275990009308
1.0721098184585571
-0.038701627403497696
1.066987156867981
-0.03210980445146561
1.0721490383148193
-0.014427544549107552
1.0658236742019653
-0.015186897478997707
1.0594288110733032
-0.030758416280150414
1.047426462173462
-0.021868903189897537
1.0442956686019897
-0.02486778236925602
1.0337828397750854
-0.014775211922824383
1.0350489616394043
-0.02037610486149788
1.0348297357559204
-0.02233954146504402
1.0325242280960083
-0.021357038989663124
1.025407314300537
-0.009844444692134857
1.0214283466339111
-0.007257986348122358
1.012873888015747
-0.00010057746840175241
1.01655113697052
-0.006800612900406122
1.0179451704025269
-0.009848644025623798
1.0169416666030884
0.0021609787363559008
1.0135341882705688
0.009383480064570904
1.0090283155441284
0.012027979828417301
1.006293773651123
0.01077327597886324
1.0018506050109863
0.013625266961753368
0.9988293051719666
0.01677951216697693
0.9968862533569336
0.022644687443971634
0.9914476871490479
0.024792540818452835
0.9893679618835449
0.019684623926877975
0.9844738245010376
0.020469428971409798
0.9798678755760193
0.023294121026992798
0.9709107875823975
0.030989302322268486
0.9612453579902649
0.041139185428619385
0.9506956338882446
0.051467835903167725
0.9464744329452515
0.05382918193936348
0.938340425491333
0.0583021342754364
0.9358116388320923
0.06480611860752106
0.93025803565979
0.0644213855266571
0.9262824654579163
0.06668587774038315
0.9261493682861328
0.07096729427576065
0.9235475659370422
0.062226079404354095
0.9225599765777588
0.05924544855952263
0.9111771583557129
0.0740273967385292
0.9094449877738953
0.07083035260438919
0.9053018689155579
0.07327360659837723
0.9050121903419495
0.07273975759744644
0.9034140110015869
0.0714152529835701
0.899695873260498
0.07220785319805145
0.8988398313522339
0.0731518417596817
0.8940534591674805
0.07667271792888641
0.8904041647911072
0.0844128355383873
0.8904294371604919
0.08016019314527512
0.8857914805412292
0.08288426697254181
0.8855147361755371
0.08181588351726532
0.8816935420036316
0.09310316294431686
0.8822123408317566
0.0878911241889
0.8779751658439636
0.08790653198957443
0.8743249177932739
0.09921808540821075
0.8695573210716248
0.10212408751249313
0.8641552329063416
0.1047733873128891
0.859642505645752
0.10006097704172134
0.8548740148544312
0.10290539264678955
0.8551256656646729
0.10347498208284378
0.8481272459030151
0.11165191978216171
0.8375332951545715
0.12721461057662964
0.8348973989486694
0.12331873178482056
0.826678991317749
0.12122704088687897
0.817625880241394
0.13061082363128662
0.8091776967048645
0.13785627484321594
0.8037698864936829
0.13650181889533997
0.7975510954856873
0.14907433092594147
0.7898208498954773
0.15432904660701752
0.7862249612808228
0.16312827169895172
0.7816203236579895
0.1699478030204773
0.7722662091255188
0.17091979086399078
0.7665120959281921
0.16610150039196014
0.762801468372345
0.16831450164318085
0.7597028017044067
0.1678304821252823
0.753154456615448
0.16853895783424377
0.7449458241462708
0.1910460889339447
0.7349217534065247
0.1978745311498642
0.7310876846313477
0.19630080461502075
0.7277578115463257
0.1988711804151535
0.7225038409233093
0.20121066272258759
0.716661810874939
0.20524613559246063
0.7134099006652832
0.20707128942012787
0.7100768685340881
0.20896002650260925
0.7101640701293945
0.20591987669467926
0.7100775241851807
0.20227152109146118
0.705040693283081
0.20017628371715546
0.6979184746742249
0.20795150101184845
0.6945422291755676
0.20999684929847717
0.690112829208374
0.22101667523384094
0.6835548877716064
0.2300935834646225
0.6804705858230591
0.22842556238174438
0.6774581670761108
0.23196730017662048
0.6738313436508179
0.2355489581823349
0.668128252029419
0.2339618057012558
0.6645488739013672
0.23411382734775543
0.6671940088272095
0.23153120279312134
0.6621631979942322
0.24390225112438202
0.6565617322921753
0.24261943995952606
0.6545513868331909
0.23826153576374054
0.6510646939277649
0.24059978127479553
0.6510331630706787
0.2339758723974228
0.6469319462776184
0.23430068790912628
0.6440631151199341
0.2359478920698166
0.6411898136138916
0.23829662799835205
0.6405000686645508
0.24316895008087158
0.636802077293396
0.24587854743003845
0.6314625144004822
0.24954955279827118
0.6296362280845642
0.24904045462608337
0.6258999109268188
0.25171777606010437
0.6180103421211243
0.2630198895931244
0.611813485622406
0.2653519809246063
0.6108595728874207
0.260801762342453
0.6072608828544617
0.26097753643989563
0.601825475692749
0.2589624226093292
0.6008996367454529
0.2621726095676422
0.5973891019821167
0.2650867998600006
0.5935556292533875
0.26875367760658264
0.5895084142684937
0.2740415036678314
0.5845050811767578
0.2775830328464508
0.5819450616836548
0.2808173894882202
0.5785251259803772
0.2837737798690796
0.5710539221763611
0.2902369201183319
0.5701028108596802
0.29357412457466125
0.5645173788070679
0.29983747005462646
0.5586406588554382
0.3042365610599518
0.5535163283348083
0.3088977038860321
0.5485754609107971
0.3135705888271332
0.545489490032196
0.3164025545120239
0.5471246242523193
0.3256157338619232
0.5458216071128845
0.32206961512565613
0.5402465462684631
0.3232899606227875
0.5372160077095032
0.3264801502227783
0.5382510423660278
0.3309307396411896
0.5334270000457764
0.3425719439983368
0.5284974575042725
0.35035228729248047
0.5208242535591125
0.35134100914001465
0.5185112357139587
0.35787269473075867
0.513485312461853
0.3576508164405823
0.5109675526618958
0.3575766086578369
0.5101178288459778
0.35804736614227295
0.5106233954429626
0.36449483036994934
0.5074700713157654
0.3676752746105194
0.5114708542823792
0.3548189699649811
0.5082725286483765
0.35424482822418213
0.5074411034584045
0.3608969748020172
0.5045614242553711
0.35919907689094543
0.5011575222015381
0.36041027307510376
0.49920234084129333
0.36237528920173645
0.4963250458240509
0.36558374762535095
0.4940875172615051
0.36588528752326965
0.4963286519050598
0.37032049894332886
0.4927250146865845
0.3718985915184021
0.48916053771972656
0.37553274631500244
0.48806270956993103
0.3928278982639313
0.4785023033618927
0.3934462368488312
0.47513696551322937
0.3968934118747711
0.47420087456703186
0.40430358052253723
0.475008100271225
0.39578041434288025
0.4677017331123352
0.4116910994052887
0.4542178809642792
0.41988250613212585
0.4511316120624542
0.42300546169281006
0.4504021108150482
0.42966142296791077
0.4467536509037018
0.4302007853984833
0.4432949125766754
0.4277136027812958
0.44006162881851196
0.4309115707874298
0.4361106753349304
0.43209153413772583
0.43288183212280273
0.43412598967552185
0.4256235957145691
0.43916672468185425
0.42344948649406433
0.45517173409461975
0.4250550866127014
0.4599081873893738
0.4185463488101959
0.45867496728897095
0.41220447421073914
0.47557753324508667
0.40937429666519165
0.47844502329826355
0.39509281516075134
0.49081090092658997
0.3925414979457855
0.49328330159187317
0.39227327704429626
0.49945780634880066
0.38771650195121765
0.49690210819244385
0.38177600502967834
0.499535471200943
0.3805008828639984
0.4951578378677368
0.3714083135128021
0.49649959802627563
0.37093380093574524
0.5119013786315918
0.3684876263141632
0.5141720175743103
0.3628303110599518
0.5110586881637573
0.3651489019393921
0.5062125325202942
0.3636324107646942
0.5106992721557617
0.3642129898071289
0.5176321864128113
0.36040571331977844
0.5199952721595764
0.3573460876941681
0.5204483866691589
0.3548837900161743
0.5230197310447693
0.35658740997314453
0.5176544785499573
0.3619947135448456
0.5206928253173828
0.35880258679389954
0.5306084752082825
0.35621511936187744
0.5334669351577759
0.35319066047668457
0.5393351316452026
0.345776230096817
0.535581648349762
0.34291955828666687
0.5414463877677917
0.3405517041683197
0.5443924069404602
0.3356938362121582
0.5417740941047668
0.33105558156967163
0.5371617674827576
0.32410067319869995
0.552712082862854
0.3169362246990204
0.5575018525123596
0.3150106370449066
0.5605441927909851
0.3106997013092041
0.5590020418167114
0.3045211434364319
0.568253219127655
0.30183789134025574
0.5756974220275879
0.29797428846359253
0.5817288756370544
0.2959706485271454
0.5886191129684448
0.29327017068862915
0.594327449798584
0.2852177023887634
0.5905956625938416
0.2829756438732147
0.5882543921470642
0.28248509764671326
0.5988412499427795
0.27077949047088623
0.5968518257141113
0.26983392238616943
0.6021018624305725
0.27068209648132324
0.6160407662391663
0.2746853828430176
0.6180329322814941
0.2707589864730835
0.6122247576713562
0.26991182565689087
0.6165602207183838
0.27228042483329773
0.6213791966438293
0.26009631156921387
0.6101965308189392
0.26757046580314636
0.6266106963157654
0.26670318841934204
0.6309438943862915
0.26319560408592224
0.6446080207824707
0.2649456262588501
0.6462674736976624
0.26855069398880005
0.6487431526184082
0.26094764471054077
0.6494758129119873
0.25820574164390564
0.6482644081115723
0.2568114399909973
0.650225818157196
0.2541833519935608
0.6544212102890015
0.2516302168369293
0.6595732569694519
0.2506345510482788
0.6657224893569946
0.2504996061325073
0.6714799404144287
0.24931341409683228
0.6752576231956482
0.24920612573623657
0.6803954243659973
0.2517247498035431
0.697333812713623
0.24883227050304413
0.7103176712989807
0.2458312064409256
0.7060847878456116
0.24101249873638153
0.7161769866943359
0.241530179977417
0.7216290831565857
0.24784481525421143
0.7346363067626953
0.24873608350753784
0.7402051687240601
0.24415424466133118
0.7471042275428772
0.24087688326835632
0.7561492323875427
0.24686288833618164
0.7746948003768921
0.24958115816116333
0.7864595055580139
0.24510356783866882
0.7781737446784973
0.24268923699855804
0.7853732109069824
0.24923524260520935
0.8038604855537415
0.2533542513847351
0.814714789390564
0.23627372086048126
0.7949355244636536
0.24021227657794952
0.7990545630455017
0.2497938573360443
0.8188391923904419
0.24111324548721313
0.8119716644287109
0.24441996216773987
0.8182819485664368
0.26003751158714294
0.8360019326210022
0.2604931890964508
0.8365333676338196
0.2620736062526703
0.8399658799171448
0.26502561569213867
0.8460803627967834
0.27088281512260437
0.8458688259124756
0.27119091153144836
0.8519336581230164
0.2619238793849945
0.8480406403541565
0.2705271542072296
0.8581997752189636
0.2794775664806366
0.8770686984062195
0.2837461829185486
0.8828075528144836
0.29948848485946655
0.9007765054702759
0.30376482009887695
0.9060896635055542
0.29954734444618225
0.9049156308174133
0.30667176842689514
0.9185835123062134
0.31462806463241577
0.9258980751037598
0.31224626302719116
0.9214882254600525
0.31711602210998535
0.9268128275871277
0.3121025562286377
0.9293970465660095
0.3266732692718506
0.9509343504905701
0.3304748237133026
0.9528703093528748
0.34476780891418457
0.9691154956817627
0.355874627828598
0.9821489453315735
0.36048510670661926
0.9866058826446533
0.36889562010765076
0.9890684485435486
0.3734854459762573
0.9935423135757446
0.36328068375587463
0.9819896817207336
0.3578636944293976
0.9748180508613586
0.36338624358177185
0.9798984527587891
0.3688097298145294
0.9848474264144897
0.3711546063423157
0.9802939295768738
0.3877708613872528
0.9921370148658752
0.4005317687988281
0.9976364374160767
0.4041985869407654
1.0235556364059448
0.4184231758117676
1.0363762378692627
0.4285581111907959
1.0356701612472534
0.43713200092315674
1.0377821922302246
0.4417744278907776
1.0419820547103882
0.42523980140686035
1.0238280296325684
0.4380344748497009
1.0394506454467773
0.445153146982193
1.0489017963409424
0.4429566562175751
1.04240083694458
0.4429822564125061
1.0414128303527832
0.45442667603492737
1.045580506324768
0.45930179953575134
1.0505938529968262
0.46431148052215576
1.055662989616394
0.452647864818573
1.0310167074203491
0.46475082635879517
1.0460247993469238
0.4695550501346588
1.0614335536956787
0.4708483815193176
1.0637990236282349
0.475902795791626
1.0605942010879517
0.4796147346496582
1.0669338703155518
0.4923263490200043
1.0749173164367676
0.4945206642150879
1.073050856590271
0.4986477196216583
1.0749613046646118
0.5116000771522522
1.0898168087005615
0.5202962756156921
1.0994340181350708
0.5198816061019897
1.1058343648910522
0.5240582823753357
1.105555534362793
0.5306395888328552
1.1034187078475952
0.5338435769081116
1.1117464303970337
0.5398629307746887
1.12115478515625
0.552887499332428
1.1477298736572266
0.555209219455719
1.1448185443878174
0.5617226958274841
1.1498152017593384
0.5760237574577332
1.1752543449401855
0.5695900321006775
1.1648672819137573
0.5822232365608215
1.1685333251953125
0.5925299525260925
1.1739652156829834
0.6000270843505859
1.1776338815689087
0.6145738363265991
1.190414547920227
0.619368851184845
1.1797780990600586
0.6274104118347168
1.1945786476135254
0.6332867741584778
1.214077353477478
0.6217649579048157
1.2030173540115356
0.6305426955223083
1.2060599327087402
0.6349082589149475
1.2010090351104736
0.6427633166313171
1.2016557455062866
0.6499863862991333
1.2021878957748413
0.6624321937561035
1.221934199333191
0.6662373542785645
1.2145041227340698
0.6753149032592773
1.2167845964431763
0.6892096400260925
1.2349554300308228
0.6979267597198486
1.237157940864563
0.7056920528411865
1.244534969329834
0.7108163237571716
1.2225207090377808
0.7301559448242188
1.2287830114364624
0.728955864906311
1.2293096780776978
0.737898051738739
1.2314590215682983
0.7346729040145874
1.2259067296981812
0.7581514716148376
1.2331162691116333
0.7775455713272095
1.2351434230804443
0.7894921898841858
1.250156044960022
0.791621744632721
1.2373837232589722
0.798821747303009
1.2315428256988525
0.8071772456169128
1.2340606451034546
0.8121991753578186
1.232474684715271
0.8160043358802795
1.2414313554763794
0.8246117234230042
1.2372777462005615
0.8319944739341736
1.2355386018753052
0.8398568034172058
1.2341700792312622
0.8557174801826477
1.2439485788345337
0.8590769171714783
1.2432714700698853
0.8676926493644714
1.2458851337432861
0.8758772015571594
1.252859115600586
0.8867216110229492
1.2591838836669922
0.8933731317520142
1.2595198154449463
0.9024696946144104
1.262338638305664
0.9113704562187195
1.2638909816741943
0.9166584014892578
1.265629529953003
0.9185546040534973
1.2864680290222168
0.9332377314567566
1.281263828277588
0.9423911571502686
1.2818773984909058
0.9530303478240967
1.2768316268920898
0.9646157622337341
1.2764347791671753
0.9736540913581848
1.2760316133499146
0.9809690117835999
1.272129774093628
0.9900405406951904
1.2713888883590698
0.9979490637779236
1.2802600860595703
1.0056205987930298
1.2722406387329102
1.011849045753479
1.259074330329895
1.0284312963485718
1.2653288841247559
1.047468662261963
1.2644771337509155
1.0625640153884888
1.2635823488235474
1.0732375383377075
1.281101107597351
1.0725009441375732
1.259097695350647
1.0922993421554565
1.2594256401062012
1.1049423217773438
1.2608294486999512
1.1198554039001465
1.2564074993133545
1.1344430446624756
1.252690076828003
1.1435792446136475
1.2500886917114258
1.1352035999298096
1.2378088235855103
1.1430892944335938
1.2372862100601196
1.1525099277496338
1.2633012533187866
1.1573930978775024
1.249313235282898
1.165098786354065
1.2493644952774048
1.1789968013763428
1.2465455532073975
1.1762951612472534
1.2405171394348145
1.1772609949111938
1.2505096197128296
1.2013314962387085
1.2434182167053223
1.2130610942840576
1.2407852411270142
1.2205173969268799
1.2418737411499023
1.2141497135162354
1.2376952171325684
1.221914291381836
1.237896203994751
1.2338041067123413
1.2394521236419678
1.241066575050354
1.2395966053009033
1.24772310256958
1.2380585670471191
1.2492958307266235
1.2616691589355469
1.2617419958114624
1.2438983917236328
1.2690167427062988
1.2439318895339966
1.261291742324829
1.2373172044754028
1.2768570184707642
1.2388696670532227
1.2849974632263184
1.2626845836639404
1.2874464988708496
1.2496356964111328
1.2951141595840454
1.2493863105773926
1.308418869972229
1.2407103776931763
1.306370735168457
1.23873770236969
1.3131134510040283
1.2367786169052124
1.3232431411743164
1.249624252319336
1.331150770187378
1.243778109550476
1.3367670774459839
1.2495671510696411
1.350315809249878
1.2437567710876465
1.3587514162063599
1.24033784866333
1.3602792024612427
1.2473191022872925
1.3708784580230713
1.2428784370422363
1.393876314163208
1.2403302192687988
1.391667366027832
1.237486481666565
1.4121851921081543
1.2365363836288452
1.4284688234329224
1.2360836267471313
1.4387447834014893
1.2333471775054932
1.4443467855453491
1.2310292720794678
1.4503206014633179
1.2284749746322632
1.4362086057662964
1.234371304512024
1.4362086057662964
1.234371304512024
1.4514820575714111
1.2295711040496826
1.448331594467163
1.2238805294036865
1.4472049474716187
1.2215396165847778
1.4493848085403442
1.218753457069397
1.4546022415161133
1.21525239944458
1.47881281375885
1.2124311923980713
1.4787583351135254
1.207750916481018
1.4970345497131348
1.20729398727417
1.502259373664856
1.2038625478744507
1.5080955028533936
1.2056668996810913
1.5144089460372925
1.2039839029312134
1.5196093320846558
1.2003201246261597
1.5246829986572266
1.1991552114486694
1.5287433862686157
1.197412133216858
1.535946249961853
1.1926332712173462
1.5415152311325073
1.1891288757324219
1.5516297817230225
1.182377815246582
1.5562684535980225
1.1786525249481201
1.5414068698883057
1.1757231950759888
1.546618938446045
1.171358585357666
1.5655395984649658
1.1663402318954468
1.580245018005371
1.1598540544509888
1.5843546390533447
1.156221866607666
1.548173427581787
1.152680516242981
1.5581163167953491
1.1450105905532837
1.5873886346817017
1.1377705335617065
1.6050859689712524
1.1322240829467773
1.6156504154205322
1.128053903579712
1.6031087636947632
1.1251821517944336
1.6002575159072876
1.1175537109375
1.6042640209197998
1.1131649017333984
1.6373107433319092
1.10541570186615
1.6228177547454834
1.1043980121612549
1.6265710592269897
1.1002269983291626
1.599063515663147
1.0980041027069092
1.6035076379776
1.0931038856506348
1.6376861333847046
1.0850967168807983
1.6407676935195923
1.0816136598587036
1.6334115266799927
1.0943169593811035
1.6606982946395874
1.0761650800704956
1.6294158697128296
1.07025945186615
1.6379684209823608
1.0640963315963745
1.6545149087905884
1.0880045890808105
1.631514072418213
1.0691492557525635
1.6698625087738037
1.0529605150222778
1.6927512884140015
1.0396952629089355
1.6562832593917847
1.0365372896194458
1.6868644952774048
1.027044653892517
1.6901639699935913
1.0195302963256836
1.6928026676177979
1.0160815715789795
1.668229103088379
1.0184506177902222
1.6713067293167114
1.0142968893051147
1.7050609588623047
1.0046584606170654
1.6766694784164429
0.9983634948730469
1.6797071695327759
0.9941242337226868
1.7040352821350098
0.9936505556106567
1.71262526512146
0.9908033609390259
1.709609031677246
0.9866634607315063
1.7098686695098877
0.9824255704879761
1.71101713180542
0.9793078303337097
1.7130000591278076
0.9760569334030151
1.7374571561813354
0.9709325432777405
1.7393627166748047
0.9675757884979248
1.7295384407043457
0.9690608978271484
1.747563123703003
0.9655887484550476
1.7580132484436035
0.9630491137504578
1.7647567987442017
0.9607683420181274
1.7701900005340576
0.9583617448806763
1.772875428199768
0.9571660161018372
1.7750566005706787
0.9549344778060913
1.7778511047363281
0.9523684978485107
1.7572941780090332
0.9514952301979065
1.7440085411071777
0.955723762512207
1.7663911581039429
0.9453466534614563
1.7781696319580078
0.9370095729827881
1.7925961017608643
0.9276418089866638
1.769205927848816
0.945146381855011
1.7646338939666748
0.9303491711616516
1.7628973722457886
0.9214888215065002
1.7874161005020142
0.9088187217712402
1.800476312637329
0.9007061719894409
1.8009685277938843
0.8951427936553955
1.8095777034759521
0.8906153440475464
1.7906147241592407
0.8891264200210571
1.7833962440490723
0.8852695822715759
1.7468249797821045
0.9053362011909485
1.7944384813308716
0.8759185075759888
1.7873854637145996
0.8686453700065613
1.7793846130371094
0.8798171877861023
1.7756375074386597
0.8834981918334961
1.7737610340118408
0.8762045502662659
1.7776936292648315
0.8584041595458984
1.7768181562423706
0.8471983671188354
1.7790851593017578
0.8389298915863037
1.800362467765808
0.8704245686531067
1.7966907024383545
0.8625129461288452
1.788063645362854
0.8391214609146118
1.7816407680511475
0.8238468170166016
1.7789866924285889
0.8127025961875916
1.775773048400879
0.8023514151573181
1.7961137294769287
0.7910773158073425
1.7809698581695557
0.7842128276824951
1.77107572555542
0.7815274596214294
1.7655831575393677
0.7750917673110962
1.761244535446167
0.7701411843299866
1.7512155771255493
0.7606256008148193
1.7317194938659668
0.7598831057548523
1.7505241632461548
0.7500128746032715
1.740062952041626
0.7429072260856628
1.7323946952819824
0.7370505332946777
1.7265909910202026
0.7319303750991821
1.7209447622299194
0.7269154787063599
1.7245125770568848
0.7324469685554504
1.738481044769287
0.7191152572631836
1.7190617322921753
0.7139782905578613
1.7034279108047485
0.7091137766838074
1.6913270950317383
0.7033723592758179
1.6859188079833984
0.6989812850952148
1.6828216314315796
0.6974780559539795
1.6739928722381592
0.6909480690956116
1.6706981658935547
0.6878873109817505
1.6617809534072876
0.6826397776603699
1.6568291187286377
0.6784498691558838
1.6519778966903687
0.6742815971374512
1.6579055786132812
0.681143045425415
1.6504639387130737
0.6746871471405029
1.642261266708374
0.6727409958839417
1.6383216381072998
0.6652039289474487
1.6319897174835205
0.660271406173706
1.6250762939453125
0.6546072959899902
1.6207633018493652
0.6501207947731018
1.6120814085006714
0.6457012295722961
1.596088171005249
0.6421797275543213
1.5959440469741821
0.6374497413635254
1.5945773124694824
0.6318845748901367
1.5797072649002075
0.6281110048294067
1.583630084991455
0.6260478496551514
1.5829334259033203
0.6222601532936096
1.579553246498108
0.6174097061157227
1.578924298286438
0.6138473749160767
1.5773470401763916
0.6121058464050293
1.573056697845459
0.6132336854934692
1.572759985923767
0.6106763482093811
1.561038851737976
0.6104497313499451
1.5579279661178589
0.6055166125297546
1.566898226737976
0.6063889861106873
1.5667779445648193
0.603635311126709
1.555991768836975
0.6025855541229248
1.5604469776153564
0.6005781292915344
1.5497534275054932
0.597646951675415
1.554231882095337
0.5942246317863464
1.5507420301437378
0.5889521241188049
1.5454082489013672
0.5868436098098755
1.5498661994934082
0.5838952660560608
1.5505274534225464
0.582306981086731
1.5483092069625854
0.5783548951148987
1.545525074005127
0.5765135288238525
1.5416301488876343
0.570805013179779
1.5383214950561523
0.5653121471405029
1.5282466411590576
0.5772303938865662
1.5259803533554077
0.5634692907333374
1.5169737339019775
0.5572856068611145
1.5259417295455933
0.5479713678359985
1.518456220626831
0.5386922955513
1.5147029161453247
0.5334177017211914
1.5180743932724
0.5261359810829163
1.5107070207595825
0.5177001953125
1.5116320848464966
0.5097148418426514
1.5023173093795776
0.5025457143783569
1.4998207092285156
0.49719637632369995
1.493950605392456
0.49283549189567566
1.4909037351608276
0.48780468106269836
1.4884752035140991
0.4824695587158203
1.4859822988510132
0.4771164655685425
1.4835102558135986
0.5005212426185608
1.4782211780548096
0.4707682430744171
1.4756741523742676
0.4601507782936096
1.472998857498169
0.4547225534915924
1.4681724309921265
0.4458329975605011
1.4659407138824463
0.43866148591041565
1.4633110761642456
0.43499937653541565
1.4599450826644897
0.43001967668533325
1.4596279859542847
0.42699265480041504
1.4504061937332153
0.42894476652145386
1.4583321809768677
0.4217793941497803
1.452446699142456
0.4137977957725525
1.4505031108856201
0.40880563855171204
1.4555891752243042
0.4060809314250946
1.4496468305587769
0.40281668305397034
1.4496208429336548
0.3928767144680023
1.437555193901062
0.3905739188194275
1.434775471687317
0.38493359088897705
1.4298264980316162
0.37871989607810974
1.4218860864639282
0.37671810388565063
1.4195605516433716
0.36988565325737
1.416778564453125
0.3664114773273468
1.4146614074707031
0.3625113368034363
1.4111487865447998
0.3579600155353546
1.402417540550232
0.3688979148864746
1.3992443084716797
0.35906609892845154
1.3974218368530273
0.350097119808197
1.3891664743423462
0.34576696157455444
1.3884698152542114
0.3422746956348419
1.3804876804351807
0.3486958146095276
1.3835506439208984
0.33575037121772766
1.3740192651748657
0.3274330794811249
1.3673619031906128
0.3194736838340759
1.3602044582366943
0.31763607263565063
1.357015609741211
0.31208205223083496
1.3511747121810913
0.3099311888217926
1.345518946647644
0.3047683537006378
1.34120512008667
0.30107954144477844
1.3368998765945435
0.2973979711532593
1.3360674381256104
0.2993972897529602
1.3286075592041016
0.29482194781303406
1.3200187683105469
0.2909052073955536
1.314002513885498
0.2838508188724518
1.3064886331558228
0.2967686057090759
1.296576738357544
0.28503748774528503
1.2952629327774048
0.27913084626197815
1.292847752571106
0.2732849717140198
1.291003942489624
0.2702391743659973
1.2885551452636719
0.26476195454597473
1.285231113433838
0.2633205056190491
1.2823963165283203
0.26003026962280273
1.27873957157135
0.2582271099090576
1.2776702642440796
0.2571163475513458
1.2759101390838623
0.25504064559936523
1.271915316581726
0.25438588857650757
1.2705965042114258
0.25317302346229553
1.2681028842926025
0.24909129738807678
1.2637392282485962
0.24408531188964844
1.2560940980911255
0.25354111194610596
1.2519851922988892
0.24963271617889404
1.2494701147079468
0.2507762908935547
1.2456066608428955
0.24053865671157837
1.2425951957702637
0.22800754010677338
1.2343907356262207
0.22267001867294312
1.2250850200653076
0.2215965986251831
1.2226808071136475
0.21205897629261017
1.2187976837158203
0.20829293131828308
1.2132261991500854
0.20428484678268433
1.2053229808807373
0.19911541044712067
1.200950026512146
0.1926940232515335
1.1922998428344727
0.1879834234714508
1.1903432607650757
0.18435761332511902
1.1862741708755493
0.17834822833538055
1.1805012226104736
0.17410215735435486
1.1768972873687744
0.1706273853778839
1.1688003540039062
0.16272413730621338
1.1652491092681885
0.1593843698501587
1.1590784788131714
0.17087484896183014
1.1555227041244507
0.16744503378868103
1.1535112857818604
0.15207594633102417
1.1496260166168213
0.14477063715457916
1.1453979015350342
0.14331096410751343
1.1419025659561157
0.13888616859912872
1.1378326416015625
0.13781872391700745
1.1357132196426392
0.1333824247121811
1.1327067613601685
0.13226082921028137
1.1294041872024536
0.13161642849445343
1.1256712675094604
0.1282467544078827
1.1222057342529297
0.13864263892173767
1.1207785606384277
0.12809230387210846
1.1171976327896118
0.12086942046880722
1.115065336227417
0.11818398535251617
1.1213282346725464
0.14293649792671204
1.111493706703186
0.13825176656246185
1.1058810949325562
0.12083714455366135
1.1014727354049683
0.11067996174097061
1.0987129211425781
0.10469354689121246
1.093672752380371
0.11564832180738449
1.08863365650177
0.11109387874603271
1.0876587629318237
0.10030656307935715
1.0858505964279175
0.09253273159265518
1.0805120468139648
0.08852001279592514
1.0756399631500244
0.08367089182138443
1.072940468788147
0.07929162681102753
1.0694905519485474
0.0743577629327774
1.0650544166564941
0.07281389087438583
1.0629483461380005
0.07020116597414017
1.0564829111099243
0.06412549316883087
1.0505738258361816
0.060869473963975906
1.0465521812438965
0.05734599381685257
1.0391945838928223
0.0543297715485096
1.0334616899490356
0.04675203561782837
1.0292807817459106
0.04364519566297531
1.022693157196045
0.04031119868159294
1.016952395439148
0.039316512644290924
1.0127583742141724
0.03512006625533104
1.009832501411438
0.030745722353458405
1.004734992980957
0.024797670543193817
0.9992966055870056
0.02028023824095726
0.9995579719543457
0.017947424203157425
0.9964887499809265
0.01696823351085186
0.9949540495872498
0.016478735953569412
0.9963880181312561
0.011457519605755806
0.988751232624054
0.016261406242847443
0.9862140417098999
0.019061842933297157
0.9862140417098999
0.019061842933297157
0.9813095331192017
0.02017904631793499
0.9831939339637756
0.010836093686521053
0.9831939339637756
0.010836093686521053
0.9799222946166992
0.017897985875606537
0.9781216382980347
0.01881728507578373
0.9778215289115906
0.01897050067782402
0.9814499616622925
0.010231820866465569
0.983264148235321
0.00586248142644763
0.983264148235321
0.00586248142644763
0.9789571166038513
0.015808409079909325
0.9789571166038513
0.015808409079909325
0.9782392382621765
0.017466062679886818
0.9774832129478455
0.02016834355890751
0.977945864200592
0.01634936034679413
0.977945864200592
0.01634936034679413
0.9753077626228333
0.019933246076107025
0.9752248525619507
0.019570058211684227
0.9751834273338318
0.019388465210795403
0.9755390286445618
0.01996445097029209
0.9790250062942505
0.012056338600814342
0.9763168692588806
0.019880028441548347
0.9761057496070862
0.020210230723023415
0.9761057496070862
0.020210230723023415
0.976000189781189
0.020375333726406097
0.9759474396705627
0.020457884296774864
0.9775619506835938
0.016421744599938393
0.9767283201217651
0.018481090664863586
0.9763115048408508
0.01951076276600361
0.9761030673980713
0.020025597885251045
0.9761030673980713
0.020025597885251045
0.9759988784790039
0.020283017307519913
0.9759467840194702
0.020411726087331772
0.9767341017723083
0.019767722114920616
0.9763143658638
0.02015407755970955
0.9761044979095459
0.02034725621342659
0.9759995937347412
0.02044384554028511
0.9759471416473389
0.02049214020371437
0.9759209156036377
0.020516287535429
0.9763448238372803
0.01915324106812477
