0.9686859250068665
-0.03893807902932167
0.9677470326423645
-0.03484031558036804
0.9662671685218811
-0.02821926958858967
0.9671627283096313
-0.027747688814997673
0.9675987958908081
-0.027518954128026962
0.9678332209587097
-0.027349038049578667
0.9656936526298523
-0.032741792500019073
0.9657759070396423
-0.03272530809044838
0.9621977210044861
-0.03128870204091072
0.964056670665741
-0.03191489353775978
0.9677282571792603
-0.040089402347803116
0.9690364599227905
-0.044735923409461975
0.9696166515350342
-0.04704407602548599
0.9720789790153503
-0.0434219166636467
0.9696482419967651
-0.04972399026155472
0.9701101183891296
-0.04662664979696274
0.9674701690673828
-0.05318056792020798
0.9646909236907959
-0.04411700367927551
0.958441972732544
-0.04062382131814957
0.962512731552124
-0.04078444093465805
0.9574118852615356
-0.0390087366104126
0.9628807902336121
-0.05245618149638176
0.9661111235618591
-0.056346192955970764
0.9674410820007324
-0.060065384954214096
0.9659001231193542
-0.0658966600894928
0.9646389484405518
-0.07278245687484741
0.9595938920974731
-0.08131783455610275
0.9542166590690613
-0.08985021710395813
0.9678387641906738
-0.07393283396959305
0.958247184753418
-0.08721103519201279
0.9506838917732239
-0.09571422636508942
0.9436408281326294
-0.1174306645989418
0.9349449872970581
-0.12195022404193878
0.9256695508956909
-0.12942275404930115
0.9201074242591858
-0.1374989002943039
0.9136817455291748
-0.15243802964687347
0.9058387875556946
-0.1553390473127365
0.9019621014595032
-0.165601909160614
0.8904526829719543
-0.17005585134029388
0.881071925163269
-0.18456943333148956
0.8613018989562988
-0.18478254973888397
0.858681857585907
-0.1925598382949829
0.8449670076370239
-0.18994870781898499
0.8333176374435425
-0.19006682932376862
0.822129487991333
-0.18981009721755981
0.8100544810295105
-0.19125720858573914
0.8037351369857788
-0.189222052693367
0.7951047420501709
-0.19255754351615906
0.7852932810783386
-0.18848954141139984
0.7735708355903625
-0.18789951503276825
0.7625311017036438
-0.19282962381839752
0.7560158371925354
-0.18915987014770508
0.7402657866477966
-0.18868207931518555
0.7327084541320801
-0.19059379398822784
0.7236575484275818
-0.18131503462791443
0.7060760259628296
-0.18295027315616608
0.6908713579177856
-0.18423312902450562
0.6781904697418213
-0.1868038773536682
0.6660106182098389
-0.18836167454719543
0.6588129997253418
-0.1931668519973755
0.6466044187545776
-0.1934957206249237
0.6407598853111267
-0.19610701501369476
0.6310226321220398
-0.19660724699497223
0.6228092312812805
-0.20501752197742462
0.609046459197998
-0.20451602339744568
0.6040250658988953
-0.20740006864070892
0.5978816151618958
-0.20690986514091492
0.5926575064659119
-0.21019347012043
0.5823839902877808
-0.21322713792324066
0.5773995518684387
-0.21659016609191895
0.5625784397125244
-0.21986176073551178
0.5579739809036255
-0.22324404120445251
0.5545896291732788
-0.22480162978172302
0.5492696762084961
-0.22754928469657898
0.5446528792381287
-0.23138248920440674
0.541923999786377
-0.22752022743225098
0.5374241471290588
-0.23222753405570984
0.5327784419059753
-0.23633037507534027
0.5304231643676758
-0.23714575171470642
0.5267736911773682
-0.23905713856220245
0.5220096111297607
-0.2434912472963333
0.5283063650131226
-0.23551045358181
0.518179714679718
-0.24229100346565247
0.5152359008789062
-0.2454380840063095
0.5170758962631226
-0.2450939416885376
0.5130344033241272
-0.25038057565689087
0.5076495409011841
-0.25427141785621643
0.5042056441307068
-0.2562910318374634
0.49767541885375977
-0.25703200697898865
0.49413424730300903
-0.26202335953712463
0.4892762005329132
-0.2673853933811188
0.4936129152774811
-0.2592046856880188
0.48849377036094666
-0.26480141282081604
0.4842522442340851
-0.27502211928367615
0.4802432358264923
-0.2782726585865021
0.4752991497516632
-0.28027430176734924
0.46799856424331665
-0.2870934009552002
0.46309801936149597
-0.29260361194610596
0.46253401041030884
-0.29936274886131287
0.45615309476852417
-0.29913681745529175
0.44640401005744934
-0.30597513914108276
0.4381866753101349
-0.31422197818756104
0.4337713122367859
-0.31985658407211304
0.42623060941696167
-0.32700762152671814
0.4187363386154175
-0.33485308289527893
0.4102025330066681
-0.3437096178531647
0.4005492925643921
-0.34751468896865845
0.39698776602745056
-0.3547854721546173
0.3934900164604187
-0.3606243431568146
0.3889804482460022
-0.3658396005630493
0.3797055780887604
-0.37573301792144775
0.3746907114982605
-0.3851762115955353
0.37043341994285583
-0.39233556389808655
0.36943286657333374
-0.39588162302970886
0.3658396303653717
-0.4016003906726837
0.3597385287284851
-0.4066210091114044
0.3567736744880676
-0.412610799074173
0.3560628294944763
-0.4170922338962555
0.349859356880188
-0.4207606315612793
0.34677982330322266
-0.4222133457660675
0.34406909346580505
-0.4285258948802948
0.34076154232025146
-0.4363357424736023
0.33641815185546875
-0.43899115920066833
0.33512961864471436
-0.4442414939403534
0.33261528611183167
-0.4508427679538727
0.3304053246974945
-0.4543190002441406
0.3264278769493103
-0.46024802327156067
0.3210211992263794
-0.4671690762042999
0.31774207949638367
-0.4722028374671936
0.31542807817459106
-0.47877949476242065
0.3087405264377594
-0.49270471930503845
0.3029780089855194
-0.5035025477409363
0.30032557249069214
-0.5120983123779297
0.2970314025878906
-0.5197258591651917
0.2953200936317444
-0.5265412926673889
0.2943626642227173
-0.5284696817398071
0.2879793643951416
-0.539969801902771
0.283433735370636
-0.5515233874320984
0.2806340754032135
-0.5627356171607971
0.27570676803588867
-0.5725005865097046
0.273751825094223
-0.5832559466362
0.27102506160736084
-0.5909607410430908
0.268931120634079
-0.6019887924194336
0.26659247279167175
-0.6116794943809509
0.26568448543548584
-0.6186639070510864
0.26037493348121643
-0.6275503039360046
0.2587530314922333
-0.6326515674591064
0.2573299705982208
-0.6390496492385864
0.2546446621417999
-0.6504497528076172
0.25177323818206787
-0.6583756804466248
0.2512649893760681
-0.6656708121299744
0.24619397521018982
-0.6748809218406677
0.24451801180839539
-0.6841045618057251
0.24225306510925293
-0.6919196844100952
0.24278533458709717
-0.6985630989074707
0.24118800461292267
-0.7027701735496521
0.23907312750816345
-0.7105259299278259
0.23933130502700806
-0.7152872085571289
0.23935610055923462
-0.7254661321640015
0.2372685670852661
-0.7365521788597107
0.23669512569904327
-0.7433972954750061
0.23780041933059692
-0.7466267347335815
0.23436015844345093
-0.759823203086853
0.2340344339609146
-0.7704309821128845
0.23311518132686615
-0.7825204730033875
0.23487284779548645
-0.791178286075592
0.23452502489089966
-0.7955617308616638
0.23698686063289642
-0.804571807384491
0.23993684351444244
-0.8133531808853149
0.23999539017677307
-0.8200689554214478
0.23504231870174408
-0.8379625678062439
0.23761291801929474
-0.8499811887741089
0.24174678325653076
-0.8594425916671753
0.24743209779262543
-0.8692662715911865
0.24858041107654572
-0.8847537040710449
0.24871961772441864
-0.8961594700813293
0.2527884542942047
-0.9087527394294739
0.25919345021247864
-0.9182076454162598
0.26059240102767944
-0.925953209400177
0.26129940152168274
-0.9352341890335083
0.26986315846443176
-0.9420629739761353
0.27720800042152405
-0.9505426287651062
0.27654755115509033
-0.9615476131439209
0.28248289227485657
-0.973467230796814
0.2908312678337097
-0.9819954633712769
0.2966775596141815
-0.9915249943733215
0.30578985810279846
-0.9963725209236145
0.3126642405986786
-1.007481336593628
0.31525155901908875
-1.0113157033920288
0.3230831027030945
-1.0224934816360474
0.3343665897846222
-1.0286551713943481
0.34539997577667236
-1.034700870513916
0.3401221036911011
-1.0303515195846558
0.36017706990242004
-1.0388460159301758
0.3761698305606842
-1.0482195615768433
0.38351935148239136
-1.055764079093933
0.4017268717288971
-1.0683567523956299
0.41409116983413696
-1.077934980392456
0.43040770292282104
-1.0785213708877563
0.43927934765815735
-1.0848639011383057
0.4495745003223419
-1.0930191278457642
0.4601967930793762
-1.0971208810806274
0.46993595361709595
-1.1048290729522705
0.48076367378234863
-1.1060869693756104
0.498933881521225
-1.1036003828048706
0.5054371953010559
-1.1099473237991333
0.513293981552124
-1.1204049587249756
0.5235327482223511
-1.1254278421401978
0.5321866869926453
-1.1289459466934204
0.54722660779953
-1.1320359706878662
0.5569344162940979
-1.1373188495635986
0.5528075695037842
-1.147309422492981
0.5692241191864014
-1.145951747894287
0.5798839330673218
-1.1484870910644531
0.5855850577354431
-1.145426869392395
0.5926691293716431
-1.1583219766616821
0.6069088578224182
-1.1643891334533691
0.6079337000846863
-1.1690365076065063
0.61972975730896
-1.1705012321472168
0.623440682888031
-1.1804720163345337
0.6352198719978333
-1.181793451309204
0.6413086652755737
-1.1948539018630981
0.6486008763313293
-1.1949021816253662
0.6629103422164917
-1.2036348581314087
0.6709238886833191
-1.223827838897705
0.6851806044578552
-1.24246084690094
0.6944763660430908
-1.2496254444122314
0.6992513537406921
-1.259461522102356
0.7037602066993713
-1.2684162855148315
0.7119150161743164
-1.2753870487213135
0.729917049407959
-1.2746357917785645
0.7262158393859863
-1.291158676147461
0.7441946864128113
-1.308310866355896
0.7654510140419006
-1.3098188638687134
0.7792722582817078
-1.313596487045288
0.7838641405105591
-1.328491449356079
0.796760082244873
-1.333099126815796
0.8034996390342712
-1.3449184894561768
0.81636643409729
-1.3602378368377686
0.8318086862564087
-1.3584249019622803
0.850613534450531
-1.3582504987716675
0.8638857007026672
-1.3599326610565186
0.8675054311752319
-1.3761768341064453
0.8676209449768066
-1.3754783868789673
0.8864564299583435
-1.3703742027282715
0.8947022557258606
-1.3801567554473877
0.9126565456390381
-1.3767461776733398
0.9202571511268616
-1.3853445053100586
0.9371736645698547
-1.374856948852539
0.9501073956489563
-1.3711670637130737
0.9627429246902466
-1.3684383630752563
0.9765617251396179
-1.3653590679168701
0.9814030528068542
-1.3656944036483765
1.0016579627990723
-1.3643321990966797
1.009321689605713
-1.374803066253662
1.023322343826294
-1.3731017112731934
1.0458345413208008
-1.3662699460983276
1.0661917924880981
-1.3591227531433105
1.0774247646331787
-1.3705724477767944
1.0981683731079102
-1.3623892068862915
1.108454704284668
-1.3711652755737305
1.123833417892456
-1.380831241607666
1.135886311531067
-1.3794283866882324
1.1508758068084717
-1.3850120306015015
1.168859839439392
-1.3641775846481323
1.1793409585952759
-1.371334433555603
1.2036547660827637
-1.358078956604004
1.2122269868850708
-1.3642165660858154
1.228305459022522
-1.3513075113296509
1.2384891510009766
-1.350348949432373
1.264420509338379
-1.3374707698822021
1.2744722366333008
-1.3394248485565186
1.2792024612426758
-1.360971450805664
1.2826708555221558
-1.3720595836639404
1.2869399785995483
-1.3724544048309326
1.2990825176239014
-1.35594642162323
1.3242441415786743
-1.3376189470291138
1.346075177192688
-1.330771565437317
1.3361408710479736
-1.353519320487976
1.3676226139068604
-1.3315893411636353
1.376292109489441
-1.3294267654418945
1.383358359336853
-1.327359676361084
1.3782426118850708
-1.3350905179977417
1.3793410062789917
-1.3592411279678345
1.3822658061981201
-1.3489439487457275
1.3890951871871948
-1.3450044393539429
1.3967299461364746
-1.3405208587646484
1.4067994356155396
-1.3387891054153442
1.417910099029541
-1.3394463062286377
1.4304323196411133
-1.337876319885254
1.438920021057129
-1.339097261428833
1.448009967803955
-1.335868000984192
1.4647572040557861
-1.33042311668396
1.4678202867507935
-1.3326733112335205
1.4755613803863525
-1.33377206325531
1.4841303825378418
-1.329659342765808
1.4924739599227905
-1.325467586517334
1.4970148801803589
-1.3244481086730957
1.5071182250976562
-1.3251888751983643
1.5173801183700562
-1.3235830068588257
1.5254971981048584
-1.335453987121582
1.5364255905151367
-1.3212077617645264
1.5434684753417969
-1.313848853111267
1.5497766733169556
-1.3086719512939453
1.557026982307434
-1.3031699657440186
1.5549547672271729
-1.318238615989685
1.5848904848098755
-1.292681336402893
1.5975793600082397
-1.2816749811172485
1.6032980680465698
-1.2759026288986206
1.5957508087158203
-1.278070092201233
1.5907961130142212
-1.279241681098938
1.596448540687561
-1.2753407955169678
1.597874402999878
-1.2730568647384644
1.6029152870178223
-1.2690544128417969
1.6094721555709839
-1.263562798500061
1.6193790435791016
-1.2546359300613403
1.6249815225601196
-1.2478545904159546
1.6304020881652832
-1.241054892539978
1.6493715047836304
-1.2313154935836792
1.6520158052444458
-1.2253674268722534
1.6534384489059448
-1.221584439277649
1.6583877801895142
-1.215112328529358
1.6811903715133667
-1.1983416080474854
1.6771466732025146
-1.1994061470031738
1.6845465898513794
-1.1899229288101196
1.688772439956665
-1.1836388111114502
1.6807167530059814
-1.1968727111816406
1.6855288743972778
-1.2090559005737305
1.6894522905349731
-1.202919840812683
1.6992700099945068
-1.1759357452392578
1.6987261772155762
-1.1796218156814575
1.7113447189331055
-1.1557776927947998
1.7194470167160034
-1.1417902708053589
1.7292672395706177
-1.1332790851593018
1.7343124151229858
-1.1238527297973633
1.732032299041748
-1.1183689832687378
1.7348524332046509
-1.111303448677063
1.7450963258743286
-1.1013447046279907
1.749483585357666
-1.1242281198501587
1.7745840549468994
-1.084311842918396
1.7696672677993774
-1.0773653984069824
1.7692807912826538
-1.0778658390045166
1.7909618616104126
-1.1257216930389404
1.7825472354888916
-1.0932261943817139
1.7971500158309937
-1.0568526983261108
1.7850455045700073
-1.0801571607589722
1.7813160419464111
-1.0823136568069458
1.7821133136749268
-1.073248267173767
1.7639001607894897
-1.0575087070465088
1.775019645690918
-1.0402237176895142
1.78175950050354
-1.0412144660949707
1.7870784997940063
-1.0240217447280884
1.790001630783081
-1.0076780319213867
1.8097227811813354
-0.9838446974754333
1.8022602796554565
-0.9832683205604553
1.7988102436065674
-0.975004255771637
1.8134689331054688
-0.9481936097145081
1.8059829473495483
-0.9544085264205933
1.8020268678665161
-0.9452965259552002
1.8159656524658203
-0.9296486377716064
1.8087022304534912
-0.9277328252792358
1.8029364347457886
-0.9229604601860046
1.7984708547592163
-0.9122586250305176
1.7954435348510742
-0.907092273235321
1.8112940788269043
-0.9489650726318359
1.796517014503479
-0.9408338069915771
1.79172682762146
-0.9133813381195068
1.7860575914382935
-0.8920714259147644
1.781664252281189
-0.8586812019348145
1.773806095123291
-0.8490070700645447
1.7678983211517334
-0.8417075276374817
1.759352207183838
-0.8329228162765503
1.7456023693084717
-0.8354589343070984
1.7433600425720215
-0.8171467185020447
1.7395983934402466
-0.8039910197257996
1.7331364154815674
-0.7948254346847534
1.7243958711624146
-0.7873640656471252
1.720191240310669
-0.7825333476066589
1.7049916982650757
-0.7858976721763611
1.7036032676696777
-0.772861659526825
1.691677212715149
-0.760069727897644
1.6969611644744873
-0.7381162643432617
1.6986855268478394
-0.726563036441803
1.682223916053772
-0.7264408469200134
1.6681411266326904
-0.7211548089981079
1.6600615978240967
-0.7161504626274109
1.6473159790039062
-0.7105227112770081
1.6303515434265137
-0.7317967414855957
1.6352126598358154
-0.6989286541938782
1.621825933456421
-0.6913377642631531
1.6109559535980225
-0.6945518255233765
1.6038726568222046
-0.688736081123352
1.5892366170883179
-0.694957435131073
1.592608094215393
-0.6968702077865601
1.580305814743042
-0.6719543933868408
1.5743486881256104
-0.6656491160392761
1.5667849779129028
-0.6847421526908875
1.5598859786987305
-0.6596093773841858
1.5450396537780762
-0.6606478691101074
1.5430995225906372
-0.6422606110572815
1.5377620458602905
-0.6357191801071167
1.5324938297271729
-0.6292040348052979
1.5372236967086792
-0.6500734686851501
1.531561255455017
-0.6359890103340149
1.5255881547927856
-0.6181704998016357
1.5140266418457031
-0.6213482022285461
1.517783761024475
-0.6167041659355164
1.5120519399642944
-0.6256225109100342
1.5098127126693726
-0.6012037992477417
1.5184040069580078
-0.6274682879447937
1.5135389566421509
-0.6195347309112549
1.4996395111083984
-0.5992457270622253
1.5007926225662231
-0.5902572870254517
1.4969122409820557
-0.5944698452949524
1.4919520616531372
-0.5658591389656067
1.4883294105529785
-0.5483905076980591
1.4779688119888306
-0.5496717095375061
1.4796178340911865
-0.5343188047409058
1.469201922416687
-0.5304218530654907
1.4671334028244019
-0.5101255178451538
1.4621505737304688
-0.5029945969581604
1.4623781442642212
-0.49212774634361267
1.4571632146835327
-0.484356164932251
1.4526797533035278
-0.46376702189445496
1.4494279623031616
-0.4658159613609314
1.4419455528259277
-0.45891037583351135
1.437146544456482
-0.452301561832428
1.4292460680007935
-0.4371536374092102
1.4235414266586304
-0.43078339099884033
1.422833800315857
-0.4298247694969177
1.4147199392318726
-0.4150938093662262
1.4088733196258545
-0.4037107825279236
1.396127462387085
-0.4059187173843384
1.3971794843673706
-0.40386295318603516
1.3914717435836792
-0.40866681933403015
1.387810230255127
-0.3808060884475708
1.3816932439804077
-0.3747844099998474
1.377219319343567
-0.3848816752433777
1.3744349479675293
-0.37805864214897156
1.3689862489700317
-0.3822394907474518
1.366456151008606
-0.3731257915496826
1.360838770866394
-0.35464367270469666
1.3565531969070435
-0.34271201491355896
1.3506964445114136
-0.33402514457702637
1.344893455505371
-0.326889306306839
1.3388948440551758
-0.3411276638507843
1.3349440097808838
-0.34987547993659973
1.3300546407699585
-0.32602688670158386
1.3230408430099487
-0.33231037855148315
1.3171225786209106
-0.33224907517433167
1.3122187852859497
-0.30752813816070557
1.298892855644226
-0.30166909098625183
1.2937991619110107
-0.30575230717658997
1.2909153699874878
-0.3061208128929138
1.2874518632888794
-0.30369922518730164
1.2819010019302368
-0.29715439677238464
1.2775405645370483
-0.2921082079410553
1.2669477462768555
-0.2753940522670746
1.266876459121704
-0.265651136636734
1.256643533706665
-0.2481929361820221
1.253485083580017
-0.22951321303844452
1.2482033967971802
-0.22323381900787354
1.2493324279785156
-0.24486257135868073
1.244850993156433
-0.24380257725715637
1.2394598722457886
-0.23712261021137238
1.2361174821853638
-0.23099924623966217
1.2320371866226196
-0.20441627502441406
1.2276521921157837
-0.19381769001483917
1.223539113998413
-0.1877545565366745
1.2173798084259033
-0.1813158392906189
1.2072672843933105
-0.17620538175106049
1.201434850692749
-0.17154060304164886
1.1999856233596802
-0.17317670583724976
1.1929677724838257
-0.16722097992897034
1.1850076913833618
-0.15866060554981232
1.1703444719314575
-0.138257697224617
1.160843849182129
-0.1232868880033493
1.1621053218841553
-0.12201923131942749
1.1536329984664917
-0.11338724941015244
1.148766040802002
-0.09960927069187164
1.1464989185333252
-0.10782688111066818
1.1422703266143799
-0.11022024601697922
1.1344324350357056
-0.10624513775110245
1.1267820596694946
-0.10234344750642776
1.1355013847351074
-0.09151109308004379
1.111977219581604
-0.07743443548679352
1.1010199785232544
-0.07341266423463821
1.0924276113510132
-0.06673099845647812
1.085567593574524
-0.0654473826289177
1.078255295753479
-0.062497466802597046
1.0718661546707153
-0.06064743548631668
1.0640451908111572
-0.05769452452659607
1.058605432510376
-0.05575130507349968
1.051432728767395
-0.05260195583105087
1.0444241762161255
-0.049478013068437576
1.050145149230957
-0.04838482663035393
1.04140305519104
-0.055128030478954315
1.0339497327804565
-0.05182940885424614
1.0258259773254395
-0.04923802986741066
1.0165162086486816
-0.047323815524578094
1.0092418193817139
-0.04617678001523018
1.0022810697555542
-0.042537882924079895
1.0015201568603516
-0.01833813078701496
0.9913293123245239
-0.015929121524095535
0.9809097051620483
-0.01686774380505085
0.9708045721054077
-0.013511013239622116
0.964073657989502
-0.011580860242247581
0.9565817713737488
-0.008025772869586945
0.9489713907241821
-0.003658285830169916
0.9432477951049805
0.0039018739480525255
0.9351938366889954
0.011762814596295357
0.9292558431625366
0.015555939637124538
0.9252634644508362
0.015834469348192215
0.9266787767410278
0.0050060623325407505
0.9250025749206543
0.0014594069216400385
0.9197552800178528
0.00416546082124114
0.9070804119110107
0.02263098955154419
0.9043594598770142
0.02016102336347103
0.896360456943512
0.02351905219256878
0.8897346258163452
0.038725778460502625
0.8731637001037598
0.047493163496255875
0.8589368462562561
0.05546469986438751
0.8651456832885742
0.04694407805800438
0.8610104918479919
0.05783035606145859
0.858107328414917
0.054640308022499084
0.8566756248474121
0.054651305079460144
0.8505721688270569
0.059192825108766556
0.8344252109527588
0.07532918453216553
0.8292453289031982
0.07924297451972961
0.8295905590057373
0.07743450254201889
0.8234695196151733
0.09035180509090424
0.8187555074691772
0.09786631911993027
0.8171041011810303
0.09458493441343307
0.8110761642456055
0.09936467558145523
0.8058887720108032
0.10121344774961472
0.7985507249832153
0.10882027447223663
0.7926508784294128
0.11338549107313156
0.7974381446838379
0.13216766715049744
0.7910773754119873
0.13674919307231903
0.7858095169067383
0.12587414681911469
0.7690348625183105
0.13656918704509735
0.7631565928459167
0.14098753035068512
0.7597850561141968
0.1504877507686615
0.764779269695282
0.1404370218515396
0.7570900917053223
0.1534709483385086
0.7452848553657532
0.16122692823410034
0.7411099076271057
0.15500704944133759
0.7348819971084595
0.15753048658370972
0.7277157306671143
0.15615776181221008
0.7202545404434204
0.16220296919345856
0.7047799229621887
0.18123582005500793
0.6953535079956055
0.1928953230381012
0.6951020956039429
0.1872447282075882
0.6747341156005859
0.19785650074481964
0.661775529384613
0.20301400125026703
0.6496413350105286
0.22030237317085266
0.640654981136322
0.23207442462444305
0.6361932754516602
0.23493483662605286
0.6250109672546387
0.24319295585155487
0.6177818179130554
0.25580987334251404
0.6120849847793579
0.26279276609420776
0.6097842454910278
0.2604285478591919
0.5999706387519836
0.2636987864971161
0.5988735556602478
0.2658746838569641
0.5928235650062561
0.26325884461402893
0.5922457575798035
0.26438140869140625
0.589198648929596
0.26739177107810974
0.5845251679420471
0.26603755354881287
0.578498899936676
0.2711130380630493
0.5741613507270813
0.28330254554748535
0.5702014565467834
0.2910383939743042
0.565798819065094
0.294846773147583
0.5625322461128235
0.2828294634819031
0.5583910942077637
0.2823895215988159
0.5540031790733337
0.2946756184101105
0.5498865842819214
0.294429212808609
0.5481887459754944
0.2918090522289276
0.5436626076698303
0.29622238874435425
0.5374547839164734
0.30573657155036926
0.5307950377464294
0.3130273222923279
0.5243765711784363
0.3180164396762848
0.5191051363945007
0.322892427444458
0.5150571465492249
0.3275337219238281
0.5156763195991516
0.32454732060432434
0.509907603263855
0.32803434133529663
0.5058304667472839
0.33295518159866333
0.501850426197052
0.34593895077705383
0.49962863326072693
0.3411582112312317
0.5017780661582947
0.35195520520210266
0.49533116817474365
0.35225653648376465
0.4937422275543213
0.369210422039032
0.4886641204357147
0.37477806210517883
0.480619877576828
0.3750566840171814
0.47774139046669006
0.3855423331260681
0.47016745805740356
0.384520560503006
0.4677636921405792
0.3954475522041321
0.4668889343738556
0.38772374391555786
0.4660933017730713
0.39284947514533997
0.46035245060920715
0.40446195006370544
0.4532751739025116
0.397935688495636
0.45215174555778503
0.41253793239593506
0.4444023370742798
0.4026874899864197
0.4427321255207062
0.4119786322116852
0.43866240978240967
0.4174259901046753
0.43530210852622986
0.42483314871788025
0.43169790506362915
0.4428221583366394
0.41826075315475464
0.46017324924468994
0.41466081142425537
0.46492713689804077
0.41192349791526794
0.45887666940689087
0.4033665359020233
0.45998695492744446
0.39983758330345154
0.46454188227653503
0.40425771474838257
0.47931239008903503
0.3941783010959625
0.49006861448287964
0.39047470688819885
0.49545997381210327
0.3828236758708954
0.5017063617706299
0.3823469281196594
0.5220749974250793
0.38412749767303467
0.5262606143951416
0.3762128949165344
0.5395532250404358
0.3766053020954132
0.5391656160354614
0.3623718023300171
0.5336370468139648
0.35902222990989685
0.5377183556556702
0.35293957591056824
0.5556961894035339
0.3480081558227539
0.572040855884552
0.3447861969470978
0.5761850476264954
0.34542855620384216
0.5818057656288147
0.3369700014591217
0.5808267593383789
0.3343966603279114
0.5743399858474731
0.3315484821796417
0.5739902853965759
0.3286755383014679
0.5880383253097534
0.32407933473587036
0.5982387661933899
0.3251495361328125
0.598404586315155
0.3220105767250061
0.6031453013420105
0.3191893696784973
0.6088892221450806
0.3156983256340027
0.6169270277023315
0.3112635016441345
0.6238542199134827
0.3129177689552307
0.6213698983192444
0.31126871705055237
0.6221939325332642
0.3084120452404022
0.6251260042190552
0.2963711619377136
0.6240586638450623
0.2875532805919647
0.6286261677742004
0.28052380681037903
0.6380054354667664
0.28218281269073486
0.6488154530525208
0.28062519431114197
0.6565037369728088
0.27385711669921875
0.6550237536430359
0.26602277159690857
0.6625695824623108
0.26957136392593384
0.6696821451187134
0.2624068856239319
0.675654947757721
0.26026785373687744
0.6881318092346191
0.2637680470943451
0.6934799551963806
0.2604360282421112
0.6909173130989075
0.2565312683582306
0.6922204494476318
0.2536205053329468
0.7083995938301086
0.2531176209449768
0.7152852416038513
0.24879172444343567
0.7122780680656433
0.24206103384494781
0.7219324111938477
0.2421988546848297
0.7215481400489807
0.24227619171142578
0.7290266156196594
0.24790731072425842
0.7448878884315491
0.24329450726509094
0.7449504137039185
0.2393912374973297
0.7497575879096985
0.2365945726633072
0.7575803995132446
0.23581621050834656
0.7699487209320068
0.23297666013240814
0.7870213389396667
0.23323757946491241
0.8013553023338318
0.235549658536911
0.8147106170654297
0.2396998107433319
0.8196813464164734
0.24009159207344055
0.8312098979949951
0.23494304716587067
0.8316046595573425
0.24285319447517395
0.8408063650131226
0.24747198820114136
0.8498823642730713
0.25210559368133545
0.8554279804229736
0.2596855163574219
0.8708978891372681
0.2606687545776367
0.8827481269836426
0.27114248275756836
0.8976975679397583
0.2741052508354187
0.9022106528282166
0.2832030951976776
0.9173572659492493
0.2749136984348297
0.9130486845970154
0.28453120589256287
0.9214578866958618
0.2927965521812439
0.9327694177627563
0.30089226365089417
0.955515444278717
0.3081640601158142
0.9656351804733276
0.3189559876918793
0.9831086993217468
0.3256785273551941
0.9908199906349182
0.32888510823249817
0.9967658519744873
0.3396250903606415
1.0004336833953857
0.3502291738986969
1.0124150514602661
0.3608998954296112
1.0173572301864624
0.3691421151161194
1.0331199169158936
0.3851031959056854
1.0482845306396484
0.38823577761650085
1.0559542179107666
0.40509289503097534
1.0716363191604614
0.41406649351119995
1.0855194330215454
0.41808170080184937
1.078637719154358
0.42219018936157227
1.0838494300842285
0.4280230402946472
1.0894569158554077
0.43555930256843567
1.0961410999298096
0.44683030247688293
1.1023259162902832
0.44941776990890503
1.1065001487731934
0.4549688398838043
1.1038368940353394
0.46655434370040894
1.1299265623092651
0.4664538502693176
1.1270534992218018
0.4737199544906616
1.122154712677002
0.47994041442871094
1.1297065019607544
0.4956408441066742
1.1392303705215454
0.49912625551223755
1.1370469331741333
0.5072884559631348
1.1442646980285645
0.509353518486023
1.1436976194381714
0.5137259364128113
1.154162049293518
0.5210314989089966
1.1561977863311768
0.5267918705940247
1.167780876159668
0.5335782766342163
1.1675776243209839
0.5419820547103882
1.1807489395141602
0.5590770244598389
1.1913597583770752
0.5736609697341919
1.2018016576766968
0.5654074549674988
1.212077260017395
0.5749714374542236
1.2193132638931274
0.5785192847251892
1.2192754745483398
0.5893547534942627
1.219388723373413
0.5911012291908264
1.216845154762268
0.5938984155654907
1.220917820930481
0.6213714480400085
1.2507686614990234
0.6325751543045044
1.2560932636260986
0.6506026983261108
1.2630292177200317
0.6607080698013306
1.2614595890045166
0.6731573939323425
1.266007423400879
0.6938099265098572
1.2769110202789307
0.7012267708778381
1.2717775106430054
0.7135107517242432
1.275040864944458
0.7257276177406311
1.278233528137207
0.700214147567749
1.2715067863464355
0.700214147567749
1.2715067863464355
0.7264240980148315
1.276381254196167
0.7691318392753601
1.302951693534851
0.7957454323768616
1.3015367984771729
0.8039482831954956
1.2940434217453003
0.8162087798118591
1.295823097229004
0.8235161900520325
1.2829680442810059
0.8296154737472534
1.2855759859085083
0.8394451141357422
1.2942432165145874
0.8541604280471802
1.2962031364440918
0.8668937087059021
1.2980555295944214
0.8557596802711487
1.2914050817489624
0.8679074048995972
1.2812623977661133
0.8840611577033997
1.2944841384887695
0.8974363803863525
1.2964997291564941
0.8977906703948975
1.318912386894226
0.9213398098945618
1.3532755374908447
0.934481680393219
1.3556010723114014
0.9366708397865295
1.3340579271316528
0.9444726705551147
1.3171132802963257
0.961110532283783
1.3192614316940308
0.9599193334579468
1.3130086660385132
0.974946141242981
1.3307080268859863
0.9966990947723389
1.3249671459197998
1.0139780044555664
1.3233563899993896
1.0284091234207153
1.3142993450164795
1.0416864156723022
1.3153082132339478
1.0148903131484985
1.3131191730499268
1.072218656539917
1.3348283767700195
1.0863945484161377
1.3356375694274902
1.1054375171661377
1.3397600650787354
1.1303125619888306
1.3364261388778687
1.1516985893249512
1.3344005346298218
1.164642333984375
1.350813388824463
1.1801754236221313
1.3381773233413696
1.1907849311828613
1.3381590843200684
1.2179514169692993
1.3571077585220337
1.2276555299758911
1.3571703433990479
1.237528920173645
1.357062578201294
1.2236849069595337
1.3625057935714722
1.2648547887802124
1.4038851261138916
1.260425090789795
1.3660930395126343
1.2650737762451172
1.3451415300369263
1.2758759260177612
1.3440512418746948
1.2631725072860718
1.343098521232605
1.2369085550308228
1.3435211181640625
1.2662185430526733
1.3327828645706177
1.280527949333191
1.3297175168991089
1.2931174039840698
1.3259270191192627
1.3045251369476318
1.3253058195114136
1.3160769939422607
1.3225148916244507
1.3273255825042725
1.3196384906768799
1.3232189416885376
1.32050621509552
1.34451425075531
1.3142896890640259
1.3531140089035034
1.3126564025878906
1.3497868776321411
1.3064663410186768
1.3486868143081665
1.3089849948883057
1.36039137840271
1.3040931224822998
1.371053695678711
1.2952806949615479
1.4009194374084473
1.2885098457336426
1.3951677083969116
1.2819873094558716
1.405864953994751
1.27701735496521
1.4415699243545532
1.2680679559707642
1.4629018306732178
1.2611167430877686
1.4708681106567383
1.2569847106933594
1.4972736835479736
1.2484076023101807
1.5105280876159668
1.2415167093276978
1.5258983373641968
1.235639214515686
1.5260006189346313
1.261025309562683
1.5001667737960815
1.2369707822799683
1.5394169092178345
1.2216426134109497
1.562193512916565
1.2123862504959106
1.5332595109939575
1.2111402750015259
1.540683388710022
1.2063274383544922
1.5760258436203003
1.1971031427383423
1.582066535949707
1.1929179430007935
1.5965492725372314
1.1922502517700195
1.6116704940795898
1.1842162609100342
1.621297001838684
1.178874135017395
1.6262364387512207
1.1750354766845703
1.6312999725341797
1.1709283590316772
1.6336946487426758
1.1712098121643066
1.6555522680282593
1.155784249305725
1.642257571220398
1.151167869567871
1.6471216678619385
1.146981954574585
1.6518890857696533
1.1426862478256226
1.641836166381836
1.1515215635299683
1.6605784893035889
1.1470606327056885
1.6537717580795288
1.1414790153503418
1.6470401287078857
1.1455615758895874
1.673518180847168
1.1360259056091309
1.6865928173065186
1.128719687461853
1.6903741359710693
1.1251174211502075
1.6693886518478394
1.1327600479125977
1.6667593717575073
1.1260359287261963
1.6633273363113403
1.12458336353302
1.6924591064453125
1.1151872873306274
1.6960874795913696
1.111411213874817
1.7104012966156006
1.1073710918426514
1.6937448978424072
1.1080771684646606
1.7134329080581665
1.1035157442092896
1.7256141901016235
1.0990259647369385
1.7289578914642334
1.0948795080184937
1.7324424982070923
1.0903023481369019
1.705928087234497
1.1035292148590088
1.7061342000961304
1.0953117609024048
1.7107430696487427
1.08779776096344
1.7144496440887451
1.0822348594665527
1.7415664196014404
1.0745861530303955
1.7578924894332886
1.0678232908248901
1.7606595754623413
1.0625355243682861
1.7700666189193726
1.0610299110412598
1.7775870561599731
1.0554832220077515
1.787570834159851
1.0455979108810425
1.789717674255371
1.0391108989715576
1.7951606512069702
1.0352939367294312
1.8008614778518677
1.029826283454895
1.7808507680892944
1.0265772342681885
1.7722357511520386
1.0197614431381226
1.769155740737915
1.0135791301727295
1.7710813283920288
1.0067670345306396
1.7712030410766602
0.9976422190666199
1.7960784435272217
0.9897515177726746
1.8099061250686646
0.9805653095245361
1.8151211738586426
0.9769533276557922
1.794310450553894
0.9739215970039368
1.7858994007110596
0.9706183075904846
1.7760519981384277
0.9682338237762451
1.8192626237869263
1.0372707843780518
1.7956653833389282
0.9870104193687439
1.817984700202942
0.9426165819168091
1.8135087490081787
0.9312995672225952
1.8168591260910034
0.9172837734222412
1.8117865324020386
0.906345009803772
1.8114418983459473
0.8941513299942017
1.804668664932251
0.8830512762069702
1.7704548835754395
0.8864573240280151
1.7595105171203613
0.8734249472618103
1.7526335716247559
0.8641306757926941
1.7435142993927002
0.8611550331115723
1.7380355596542358
0.8492584228515625
1.7294903993606567
0.8453698754310608
1.7504754066467285
0.8311281204223633
1.755916714668274
0.8213144540786743
1.7336455583572388
0.8123360872268677
1.736415982246399
0.7993094325065613
1.711129069328308
0.7955294847488403
1.719500184059143
0.7887060642242432
1.7196245193481445
0.7796500325202942
1.6964592933654785
0.7669076323509216
1.6878494024276733
0.7609750628471375
1.6576281785964966
0.7583710551261902
1.6403549909591675
0.7563592195510864
1.6297837495803833
0.7508425116539001
1.6189008951187134
0.7513179183006287
1.5966987609863281
0.7574239373207092
1.5890542268753052
0.742225706577301
1.5803124904632568
0.7301292419433594
1.5728447437286377
0.7225713133811951
1.5670527219772339
0.7173282504081726
1.5446717739105225
0.7134405970573425
1.5432758331298828
0.7046148777008057
1.5383681058883667
0.699041485786438
1.534012794494629
0.6922111511230469
1.5277193784713745
0.703421950340271
1.522072196006775
0.6907110214233398
1.5153453350067139
0.6824554204940796
1.4999306201934814
0.6762354373931885
1.4962031841278076
0.6701920628547668
1.4973304271697998
0.6669458746910095
1.4962286949157715
0.661692202091217
1.4925135374069214
0.6548160910606384
1.5037204027175903
0.6509849429130554
1.4952569007873535
0.6486387848854065
1.487013816833496
0.6472601294517517
1.4839586019515991
0.6434710621833801
1.4795221090316772
0.6624822020530701
1.477715015411377
0.6725133061408997
1.476780652999878
0.6531379222869873
1.4889456033706665
0.640114963054657
1.4793860912322998
0.6302127242088318
1.4762210845947266
0.6225628852844238
1.4722330570220947
0.6176231503486633
1.4668502807617188
0.6126958727836609
1.4631541967391968
0.6091421246528625
1.4550490379333496
0.6154955625534058
1.4562968015670776
0.5976477265357971
1.4542018175125122
0.5849036574363708
1.4496471881866455
0.5745315551757812
1.4372233152389526
0.5669119358062744
1.4383463859558105
0.5579217076301575
1.4354687929153442
0.5480120182037354
1.427170991897583
0.544374942779541
1.4265071153640747
0.5343039631843567
1.425017237663269
0.5244703888893127
1.421714425086975
0.5169447064399719
1.4111497402191162
0.5089881420135498
1.4122856855392456
0.5044259428977966
1.406543493270874
0.5067949891090393
1.4031671285629272
0.4992677867412567
1.4026983976364136
0.48074576258659363
1.3987908363342285
0.47064000368118286
1.3955284357070923
0.46207037568092346
1.3921910524368286
0.4546104967594147
1.3868950605392456
0.4601511061191559
1.3773159980773926
0.4471832811832428
1.37566339969635
0.43475350737571716
1.3733677864074707
0.4264189898967743
1.369634747505188
0.4190021753311157
1.3691356182098389
0.4118330478668213
1.361191749572754
0.4244554936885834
1.3538799285888672
0.40868139266967773
1.354871153831482
0.3869881331920624
1.3502919673919678
0.37960928678512573
1.3423962593078613
0.3793559670448303
1.337589144706726
0.37220436334609985
1.332676649093628
0.3650818467140198
1.337759017944336
0.36531323194503784
1.3277291059494019
0.34110552072525024
1.3325291872024536
0.33157339692115784
1.3168623447418213
0.3330904245376587
1.3108168840408325
0.31772956252098083
1.3065922260284424
0.30769774317741394
1.3005008697509766
0.3011631369590759
1.296230673789978
0.2971004545688629
1.2890011072158813
0.30427640676498413
1.2866448163986206
0.29169368743896484
1.2831120491027832
0.2868262231349945
1.2759720087051392
0.29173022508621216
1.269622564315796
0.292967826128006
1.2694882154464722
0.28005436062812805
1.2646186351776123
0.2941584885120392
1.2604436874389648
0.27726998925209045
1.2576360702514648
0.2628132402896881
1.2498958110809326
0.27224600315093994
1.2451051473617554
0.25940486788749695
1.2371094226837158
0.26237818598747253
1.229621171951294
0.2599007785320282
1.2227145433425903
0.26103004813194275
1.2149676084518433
0.2556045353412628
1.2072910070419312
0.23612099885940552
1.1961565017700195
0.23145820200443268
1.1887917518615723
0.21591401100158691
1.1798449754714966
0.2061339020729065
1.1750805377960205
0.1949576884508133
1.163543462753296
0.19250673055648804
1.1563103199005127
0.18813426792621613
1.1478829383850098
0.1865106076002121
1.1338789463043213
0.18170253932476044
1.1271835565567017
0.17744256556034088
1.115463137626648
0.17248809337615967
1.1014196872711182
0.17625121772289276
1.095159649848938
0.17242011427879333
1.0853703022003174
0.17375217378139496
1.0740327835083008
0.16949230432510376
1.060473918914795
0.16791823506355286
1.0549705028533936
0.1634615659713745
1.0488125085830688
0.15875989198684692
1.0399829149246216
0.1543239951133728
1.028051733970642
0.15131987631320953
1.0272823572158813
0.14599910378456116
1.0258433818817139
0.132877379655838
1.0227454900741577
0.12454619258642197
1.0190271139144897
0.11821527034044266
1.0132673978805542
0.11442665755748749
1.0068657398223877
0.12260164320468903
1.0008527040481567
0.12548159062862396
0.9985141158103943
0.11570517718791962
0.9913352727890015
0.11837059259414673
0.9915608167648315
0.11117015779018402
0.9858459830284119
0.10715070366859436
0.9846690893173218
0.10219096392393112
0.9812047481536865
0.1118229478597641
0.9796274304389954
0.11666397005319595
0.9750559329986572
0.11445878446102142
0.973621129989624
0.10233446955680847
0.9719468951225281
0.10806582123041153
0.9721473455429077
0.09767001122236252
0.9619595408439636
0.09955421090126038
0.9567579030990601
0.10041270405054092
0.9545848369598389
0.09239212423563004
0.944895327091217
0.09046734124422073
0.9409105181694031
0.08734121918678284
0.9353974461555481
0.07779347151517868
0.9266790151596069
0.0797194242477417
0.9180186986923218
0.07804633677005768
0.9150978326797485
0.07549551874399185
0.9077544808387756
0.06598472595214844
0.8957125544548035
0.06307064741849899
0.891474723815918
0.053380146622657776
