0.973766028881073
-0.03464793041348457
0.9713595509529114
-0.033370599150657654
0.9729639887809753
-0.047825995832681656
0.9690945744514465
-0.0335504449903965
0.9696885347366333
-0.03521009162068367
0.9744601845741272
-0.052560705691576004
0.9743452668190002
-0.055729303508996964
0.974843442440033
-0.05726870149374008
0.9772197008132935
-0.05613843351602554
0.9752917885780334
-0.056793954223394394
0.9757502675056458
-0.058204758912324905
0.9727647304534912
-0.047444313764572144
0.9764637351036072
-0.04286625608801842
0.976983368396759
-0.055098842829465866
0.9858651757240295
-0.033975739032030106
0.9828770160675049
-0.05420008674263954
0.9831799268722534
-0.055194880813360214
0.9846073389053345
-0.06361588090658188
0.9849486351013184
-0.06477516144514084
0.9854465126991272
-0.06668221950531006
0.9860730767250061
-0.0694100558757782
0.9846165180206299
-0.06364511698484421
1.0027461051940918
-0.05406590551137924
1.0031452178955078
-0.05654138699173927
1.0063683986663818
-0.086802177131176
1.0116217136383057
-0.07620492577552795
1.011328935623169
-0.0824587270617485
1.022394061088562
-0.08911862969398499
1.0218461751937866
-0.09496251493692398
1.0175892114639282
-0.12078253924846649
1.0195221900939941
-0.1385670304298401
1.0183526277542114
-0.1465083658695221
1.0163179636001587
-0.15423977375030518
1.0136576890945435
-0.16301517188549042
1.0232337713241577
-0.14822296798229218
1.0182197093963623
-0.1634088158607483
1.018423318862915
-0.17488929629325867
1.0152990818023682
-0.185560405254364
1.0125432014465332
-0.19214895367622375
1.0079137086868286
-0.17669005692005157
1.001034140586853
-0.18774403631687164
0.9934292435646057
-0.19906851649284363
1.0147157907485962
-0.19578394293785095
1.006838321685791
-0.20670078694820404
0.9979102611541748
-0.21819369494915009
0.9882732629776001
-0.22979070246219635
1.0047227144241333
-0.21768316626548767
0.9931492209434509
-0.21923518180847168
0.9797751307487488
-0.22953522205352783
0.9719539284706116
-0.2606993019580841
0.9674076437950134
-0.24840357899665833
0.962158739566803
-0.24874475598335266
0.956689715385437
-0.27753329277038574
0.9395994544029236
-0.2830612361431122
0.9304611682891846
-0.27456897497177124
0.9134676456451416
-0.27851593494415283
0.9076050519943237
-0.28404247760772705
0.9217796325683594
-0.2983540892601013
0.9096388220787048
-0.3266734778881073
0.8939250111579895
-0.306639701128006
0.8638943433761597
-0.30651596188545227
0.8477377891540527
-0.30070021748542786
0.8256394267082214
-0.3024699091911316
0.8130610585212708
-0.2997864782810211
0.7911893129348755
-0.2986080050468445
0.7806453108787537
-0.28022515773773193
0.7669058442115784
-0.2795412838459015
0.7554845809936523
-0.2792569398880005
0.749456524848938
-0.2518134117126465
0.7418016195297241
-0.24449867010116577
0.7435415387153625
-0.24654541909694672
0.7093620896339417
-0.26250335574150085
0.6965948939323425
-0.2711711823940277
0.6839821934700012
-0.2632892429828644
0.67271888256073
-0.2676071226596832
0.6618481278419495
-0.2718910574913025
0.6827051639556885
-0.26347044110298157
0.6690474152565002
-0.2732851803302765
0.6576687097549438
-0.27854788303375244
0.6483604311943054
-0.2753008306026459
0.6399634480476379
-0.2861160635948181
0.6332178711891174
-0.2804357409477234
0.625586748123169
-0.2774941921234131
0.6196643114089966
-0.2797371447086334
0.6101347804069519
-0.29779258370399475
0.6017588973045349
-0.3037571310997009
0.5916883945465088
-0.30889594554901123
0.5814585089683533
-0.3115803599357605
0.5663466453552246
-0.31117191910743713
0.5568694472312927
-0.3159831762313843
0.548607349395752
-0.3239220976829529
0.5344849824905396
-0.3260897099971771
0.5122494697570801
-0.32803675532341003
0.5020334124565125
-0.33696889877319336
0.48285791277885437
-0.3391653597354889
0.47538691759109497
-0.3436802327632904
0.46756061911582947
-0.34620192646980286
0.46114301681518555
-0.35210147500038147
0.4476838707923889
-0.3602999150753021
0.43692779541015625
-0.3631061613559723
0.43457934260368347
-0.3642519414424896
0.4262627363204956
-0.36696043610572815
0.41997894644737244
-0.37158524990081787
0.41345807909965515
-0.37980785965919495
0.40590110421180725
-0.3834567666053772
0.40350037813186646
-0.3785776197910309
0.3967275619506836
-0.3773776888847351
0.3908621370792389
-0.38232699036598206
0.38698968291282654
-0.38440966606140137
0.3823149800300598
-0.38897958397865295
0.3771056830883026
-0.39228150248527527
0.3750123977661133
-0.39435192942619324
0.3694797456264496
-0.39955294132232666
0.3640891909599304
-0.4048317074775696
0.3586804270744324
-0.4014057219028473
0.35376840829849243
-0.3990979492664337
0.34878987073898315
-0.40513846278190613
0.34140342473983765
-0.41235265135765076
0.3368302881717682
-0.4187179505825043
0.3305719196796417
-0.42394423484802246
0.3246525526046753
-0.42713361978530884
0.32052624225616455
-0.43362191319465637
0.3087143898010254
-0.4421517848968506
0.30497780442237854
-0.44874438643455505
0.2945030927658081
-0.45912715792655945
0.28628847002983093
-0.4727824926376343
0.27802687883377075
-0.48040497303009033
0.2715747654438019
-0.48490357398986816
0.26468396186828613
-0.4935860335826874
0.25945845246315
-0.5041088461875916
0.2572682201862335
-0.5146525502204895
0.25433966517448425
-0.5219692587852478
0.2471412867307663
-0.5334652662277222
0.24172647297382355
-0.5398638844490051
0.23761475086212158
-0.5480990409851074
0.2360237091779709
-0.5562664866447449
0.23196636140346527
-0.5611101984977722
0.2270478755235672
-0.5723667144775391
0.2202983796596527
-0.5859309434890747
0.21823816001415253
-0.5902624130249023
0.21661445498466492
-0.5972229838371277
0.21563613414764404
-0.6055944561958313
0.2127283364534378
-0.6182453632354736
0.2123439460992813
-0.6246880292892456
0.21210509538650513
-0.6332699656486511
0.2083796262741089
-0.6425077319145203
0.20385341346263885
-0.6536999940872192
0.2048773616552353
-0.664385199546814
0.2057313621044159
-0.6740186214447021
0.19523298740386963
-0.6815177202224731
0.19652576744556427
-0.6916940212249756
0.19737356901168823
-0.7049946784973145
0.19963790476322174
-0.7156858444213867
0.20225651562213898
-0.7265658378601074
0.19580429792404175
-0.6965339779853821
0.1943461000919342
-0.7318080067634583
0.20029905438423157
-0.7673802971839905
0.2035951316356659
-0.7833370566368103
0.20816773176193237
-0.7945073246955872
0.20926924049854279
-0.8015006184577942
0.21467728912830353
-0.8128921985626221
0.20832598209381104
-0.826831579208374
0.21534577012062073
-0.8361298441886902
0.2111767828464508
-0.8449631333351135
0.21915555000305176
-0.8492514491081238
0.21524015069007874
-0.855317234992981
0.22497230768203735
-0.8658316731452942
0.22210732102394104
-0.8823431730270386
0.23234450817108154
-0.8862673044204712
0.23159050941467285
-0.9044846296310425
0.24024106562137604
-0.916222870349884
0.24531190097332
-0.9173039197921753
0.25564274191856384
-0.9290462732315063
0.26020562648773193
-0.9393743276596069
0.271668404340744
-0.95011305809021
0.28304311633110046
-0.972768247127533
0.2882364094257355
-0.9839893579483032
0.29366111755371094
-1.0006378889083862
0.30900153517723083
-1.0081061124801636
0.32207146286964417
-1.0175341367721558
0.33687689900398254
-1.0359439849853516
0.35501551628112793
-1.0429939031600952
0.3763236701488495
-1.0536329746246338
0.39083993434906006
-1.0592286586761475
0.388720840215683
-1.0823794603347778
0.41052788496017456
-1.0789979696273804
0.4282661974430084
-1.0768017768859863
0.43562379479408264
-1.0901565551757812
0.4667341113090515
-1.0970577001571655
0.48094406723976135
-1.1004830598831177
0.4952270984649658
-1.1040759086608887
0.5131994485855103
-1.1050927639007568
0.5197279453277588
-1.114006757736206
0.5340737104415894
-1.1175459623336792
0.5459879636764526
-1.130255103111267
0.5563283562660217
-1.1346501111984253
0.5761315226554871
-1.1279942989349365
0.590220034122467
-1.131847858428955
0.609992265701294
-1.1299175024032593
0.6148847341537476
-1.1409579515457153
0.6303724646568298
-1.132594108581543
0.6370552182197571
-1.1431231498718262
0.6623919010162354
-1.1419918537139893
0.6660276651382446
-1.1533094644546509
0.6822936534881592
-1.171240210533142
0.7005913257598877
-1.1655055284500122
0.6981862783432007
-1.1913104057312012
0.6982466578483582
-1.197965145111084
0.7238425612449646
-1.1900171041488647
0.7437342405319214
-1.1939740180969238
0.7620880603790283
-1.201306700706482
0.7463098168373108
-1.2187923192977905
0.7704429626464844
-1.220516324043274
0.7906560301780701
-1.2267343997955322
0.8096998333930969
-1.2356090545654297
0.8276802897453308
-1.2503434419631958
0.8236156105995178
-1.2596569061279297
0.8368193507194519
-1.2662254571914673
0.8472771644592285
-1.2782102823257446
0.8557556867599487
-1.2901287078857422
0.8865224123001099
-1.290090560913086
0.9002902507781982
-1.3225961923599243
0.914595901966095
-1.3261793851852417
0.8967525362968445
-1.3388503789901733
0.9339814782142639
-1.3250731229782104
0.9435468912124634
-1.3184106349945068
0.9588772654533386
-1.320091962814331
0.9740658402442932
-1.3215678930282593
0.9675559997558594
-1.3346030712127686
0.9636972546577454
-1.357793927192688
0.9808472394943237
-1.3585208654403687
1.0213192701339722
-1.3315925598144531
1.0362974405288696
-1.3307640552520752
1.0460970401763916
-1.3353675603866577
1.0615184307098389
-1.3333653211593628
1.0955333709716797
-1.3203791379928589
1.090928554534912
-1.3408714532852173
1.1064811944961548
-1.3385461568832397
1.1342549324035645
-1.318288803100586
1.1424169540405273
-1.31149423122406
1.135581612586975
-1.3432024717330933
1.166121244430542
-1.319116234779358
1.1796303987503052
-1.316377878189087
1.1928470134735107
-1.3172237873077393
1.228090763092041
-1.3067069053649902
1.259503960609436
-1.2986438274383545
1.2906111478805542
-1.289381742477417
1.3018232583999634
-1.2870466709136963
1.3129171133041382
-1.2846035957336426
1.326029658317566
-1.2797863483428955
1.3588824272155762
-1.341239333152771
1.3773517608642578
-1.3636269569396973
1.386865496635437
-1.3622280359268188
1.3429633378982544
-1.3415138721466064
1.3560891151428223
-1.3389543294906616
1.401849389076233
-1.2871673107147217
1.410569429397583
-1.2847634553909302
1.4203767776489258
-1.281891107559204
1.3919591903686523
-1.2897279262542725
1.388672947883606
-1.2896817922592163
1.40846848487854
-1.2847506999969482
1.4139310121536255
-1.2814435958862305
1.4248366355895996
-1.278287649154663
1.4507074356079102
-1.269960880279541
1.479712724685669
-1.2559516429901123
1.4753820896148682
-1.2645915746688843
1.4920165538787842
-1.2545080184936523
1.4558523893356323
-1.2920284271240234
1.4954383373260498
-1.258690595626831
1.4935976266860962
-1.2605997323989868
1.5211844444274902
-1.324763536453247
1.529404878616333
-1.3214378356933594
1.5401721000671387
-1.268907904624939
1.548529028892517
-1.2644145488739014
1.544630765914917
-1.2574691772460938
1.5477114915847778
-1.254632592201233
1.5716861486434937
-1.2335621118545532
1.5630358457565308
-1.2401657104492188
1.5710221529006958
-1.2345997095108032
1.60232412815094
-1.2194546461105347
1.6090754270553589
-1.2137887477874756
1.58003830909729
-1.2296876907348633
1.6033005714416504
-1.2506451606750488
1.6101552248001099
-1.2438668012619019
1.6453675031661987
-1.1994085311889648
1.6506268978118896
-1.1934700012207031
1.621261477470398
-1.199975848197937
1.658382534980774
-1.1753628253936768
1.6636689901351929
-1.1689494848251343
1.6898829936981201
-1.1522585153579712
1.6946613788604736
-1.1462056636810303
1.6817563772201538
-1.1601650714874268
1.6586133241653442
-1.1612780094146729
1.6295814514160156
-1.1828323602676392
1.6600031852722168
-1.1766570806503296
1.6811712980270386
-1.1855131387710571
1.6952604055404663
-1.1797951459884644
1.7312589883804321
-1.2141145467758179
1.6965066194534302
-1.1641051769256592
1.7406507730484009
-1.1004056930541992
1.744323968887329
-1.0942754745483398
1.7381272315979004
-1.0936708450317383
1.741791009902954
-1.0871241092681885
1.7452934980392456
-1.080438256263733
1.765769124031067
-1.0645627975463867
1.7593783140182495
-1.0705097913742065
1.7379764318466187
-1.0702612400054932
1.7412097454071045
-1.0627679824829102
1.7775161266326904
-1.0386680364608765
1.796175479888916
-1.024827003479004
1.7983098030090332
-1.0176270008087158
1.8003093004226685
-1.0100477933883667
1.802157998085022
-1.002102017402649
1.7881771326065063
-1.0354737043380737
1.7916284799575806
-1.0217289924621582
1.8110804557800293
-0.999709963798523
1.8203022480010986
-0.9923955798149109
1.8042383193969727
-0.9991884827613831
1.8217661380767822
-0.9827286601066589
1.822333574295044
-0.9738686680793762
1.786919116973877
-0.9884560704231262
1.7874867916107178
-0.9793508648872375
1.8199989795684814
-0.9581672549247742
1.8119821548461914
-0.973572850227356
1.8116933107376099
-0.9638928174972534
1.811091661453247
-0.9538378119468689
1.810172438621521
-0.9434386491775513
1.8165262937545776
-0.9638887047767639
1.7667983770370483
-0.9688715934753418
1.7647143602371216
-0.9581509828567505
1.7700544595718384
-0.9629472494125366
1.7791424989700317
-0.9271737933158875
1.8007580041885376
-0.913097620010376
1.8269195556640625
-0.8758417367935181
1.8235642910003662
-0.8716662526130676
1.8343387842178345
-0.8510978817939758
1.827818512916565
-0.8396790027618408
1.8210175037384033
-0.8283460736274719
1.8019964694976807
-0.8596455454826355
1.8031703233718872
-0.8523718118667603
1.8116167783737183
-0.815360426902771
1.8025726079940796
-0.8043662905693054
1.7851730585098267
-0.8064818978309631
1.7766674757003784
-0.7961267232894897
1.7681537866592407
-0.7860038876533508
1.7664587497711182
-0.7939323782920837
1.7526650428771973
-0.7785426378250122
1.7440605163574219
-0.7690980434417725
1.7664587497711182
-0.7939323782920837
1.743829607963562
-0.7869493961334229
1.732278823852539
-0.7582678198814392
1.6961230039596558
-0.7496415376663208
1.6854735612869263
-0.7162549495697021
1.6759119033813477
-0.7095010280609131
1.6903932094573975
-0.7463089227676392
1.6796454191207886
-0.7384364604949951
1.6837209463119507
-0.6840456128120422
1.6562517881393433
-0.7122662663459778
1.6468877792358398
-0.7052907347679138
1.651076316833496
-0.6873699426651001
1.6356016397476196
-0.6646444201469421
1.6505151987075806
-0.639703094959259
1.6402199268341064
-0.6330797672271729
1.6302282810211182
-0.6265676617622375
1.6506177186965942
-0.639768660068512
1.6279398202896118
-0.6391641497612
1.6038730144500732
-0.615135669708252
1.5950186252593994
-0.6075031161308289
1.586300253868103
-0.5999993085861206
1.5553054809570312
-0.6172541975975037
1.5513982772827148
-0.5998409390449524
1.5551855564117432
-0.6023970246315002
1.5530422925949097
-0.5963211059570312
1.5455814599990845
-0.5879541039466858
1.5374879837036133
-0.5719231963157654
1.530992865562439
-0.5634467601776123
1.5262126922607422
-0.58465576171875
1.5062073469161987
-0.5799700021743774
1.4997409582138062
-0.5718426704406738
1.5140459537506104
-0.5404632091522217
1.5169535875320435
-0.5728229880332947
1.5094611644744873
-0.5641390085220337
1.5019205808639526
-0.5186143517494202
1.4973493814468384
-0.49592411518096924
1.4937801361083984
-0.5079092979431152
1.4859429597854614
-0.49959608912467957
1.4775257110595703
-0.49528756737709045
1.4695603847503662
-0.47673049569129944
1.4608447551727295
-0.4511832892894745
1.452899694442749
-0.4439086318016052
1.44913911819458
-0.4550462067127228
1.4389456510543823
-0.4232843816280365
1.4157792329788208
-0.4314996898174286
1.4026027917861938
-0.4319644272327423
1.395012617111206
-0.4254409670829773
1.387425422668457
-0.4189480245113373
1.4105298519134521
-0.4484196901321411
1.3913739919662476
-0.3882491886615753
1.3820339441299438
-0.36037158966064453
1.3692783117294312
-0.3827229142189026
1.3351103067398071
-0.3759564459323883
1.3482452630996704
-0.36981001496315
1.3395999670028687
-0.36432671546936035
1.33152174949646
-0.3591466546058655
1.3536992073059082
-0.3732437193393707
1.3383815288543701
-0.3277322053909302
1.3292032480239868
-0.3226570188999176
1.3165385723114014
-0.35529640316963196
1.3081165552139282
-0.34977975487709045
1.2783159017562866
-0.3404676616191864
1.2960700988769531
-0.35660916566848755
1.2873042821884155
-0.3504299521446228
1.289347767829895
-0.31744807958602905
1.2824070453643799
-0.34087008237838745
1.2836098670959473
-0.34718599915504456
1.2751420736312866
-0.34087812900543213
1.2707104682922363
-0.3422776460647583
1.2613251209259033
-0.3362582325935364
1.253845453262329
-0.3292323350906372
1.2463198900222778
-0.32223114371299744
1.2671191692352295
-0.34178513288497925
1.2331701517105103
-0.30081355571746826
1.2211476564407349
-0.2889842689037323
1.221550703048706
-0.2967304587364197
1.2171005010604858
-0.2803347110748291
1.2080271244049072
-0.266966313123703
1.1995482444763184
-0.25727272033691406
1.1644186973571777
-0.24463246762752533
1.1587539911270142
-0.23837946355342865
1.1743543148040771
-0.21288147568702698
1.1743488311767578
-0.2336764931678772
1.167881965637207
-0.2262958586215973
1.1613192558288574
-0.21898725628852844
1.151232123374939
-0.20735520124435425
1.1432089805603027
-0.20327280461788177
1.1364918947219849
-0.19629701972007751
1.1297128200531006
-0.18939080834388733
1.1427685022354126
-0.16036629676818848
1.1262321472167969
-0.141445592045784
1.1193407773971558
-0.15580236911773682
1.1112637519836426
-0.14970999956130981
1.09645414352417
-0.13402897119522095
1.0887296199798584
-0.12860149145126343
1.0893620252609253
-0.11300778388977051
1.090457558631897
-0.12475991994142532
1.081452488899231
-0.11955907195806503
1.0742849111557007
-0.10390143096446991
1.074061632156372
-0.10963058471679688
1.0685646533966064
-0.10490325093269348
1.0601569414138794
-0.0892380103468895
1.031373143196106
-0.07963534444570541
1.0379780530929565
-0.08985134214162827
1.0286335945129395
-0.08569951355457306
1.0365726947784424
-0.06040061637759209
1.0234640836715698
-0.07002919167280197
1.0083575248718262
-0.06325732916593552
0.9990237951278687
-0.07071749866008759
0.9901888370513916
-0.06716985255479813
0.9818452596664429
-0.05599886178970337
0.968438446521759
-0.060564421117305756
0.9654875993728638
-0.030734701082110405
0.9503249526023865
-0.04379703849554062
0.936119556427002
-0.04538558050990105
0.9197298884391785
-0.025228887796401978
0.9106466174125671
-0.020207040011882782
0.9008262157440186
-0.013819231651723385
0.8934047818183899
-0.01006228756159544
0.8886449933052063
-0.019687311723828316
0.8766531944274902
-0.020150290802121162
0.8723669052124023
0.003929005470126867
0.8653112649917603
0.007987618446350098
0.8419945240020752
0.009871021844446659
0.8359629511833191
0.013792701996862888
0.8348516225814819
0.001914198393933475
0.8306198716163635
0.004673623014241457
0.8290109038352966
0.005469341296702623
0.8223052620887756
0.010373547673225403
0.818558394908905
0.011564717628061771
0.8126286864280701
0.014181502163410187
0.8149287104606628
0.04405708983540535
0.808539092540741
0.04973277822136879
0.7985175848007202
0.034989602863788605
0.7912096977233887
0.031235752627253532
0.7882550358772278
0.03327016159892082
0.7705391049385071
0.05586419627070427
0.7666500210762024
0.06408905237913132
0.7602346539497375
0.06948071718215942
0.7546702027320862
0.07541431486606598
0.7541817426681519
0.06880779564380646
0.7514324188232422
0.06750444322824478
0.7429225444793701
0.08778129518032074
0.7373039722442627
0.09396342188119888
0.7290211915969849
0.10245487838983536
0.7231791019439697
0.10848553478717804
0.7125362753868103
0.11863711476325989
0.7144717574119568
0.12109476327896118
0.7089585065841675
0.1297478824853897
0.7128720283508301
0.12590421736240387
0.7069216966629028
0.13044962286949158
0.6959360241889954
0.15292786061763763
0.6897860765457153
0.15857134759426117
0.6810640692710876
0.16138145327568054
0.6743413805961609
0.1736513376235962
0.6668398976325989
0.18351678550243378
0.6515852808952332
0.19329790771007538
0.634111225605011
0.21247375011444092
0.6283292174339294
0.2164810597896576
0.62110835313797
0.21961192786693573
0.6100659966468811
0.22828033566474915
0.6042666435241699
0.23220738768577576
0.5957945585250854
0.2379547357559204
0.5796356797218323
0.254334032535553
0.5656821131706238
0.27218955755233765
0.5601716041564941
0.27471232414245605
0.5562521815299988
0.2652071714401245
0.5545694828033447
0.26165032386779785
0.5489193797111511
0.26506417989730835
0.5445869565010071
0.2834709584712982
0.5326297879219055
0.2970741391181946
0.5264313817024231
0.2969534397125244
0.5318999886512756
0.3086334466934204
0.5228042602539062
0.2926599085330963
0.5173684358596802
0.29653841257095337
0.5090488195419312
0.30626606941223145
0.502561628818512
0.3160587251186371
0.4974626898765564
0.32035329937934875
0.5047234296798706
0.31323206424713135
0.5006333589553833
0.3218924403190613
0.5003330707550049
0.33206120133399963
0.49961382150650024
0.33640792965888977
0.495451420545578
0.34059229493141174
0.4820449650287628
0.33270785212516785
0.4768619239330292
0.3376461863517761
0.4778309166431427
0.32544732093811035
0.4674135148525238
0.327155739068985
0.46126505732536316
0.33256861567497253
0.45364826917648315
0.33625930547714233
0.46007099747657776
0.3526512086391449
0.4589453339576721
0.3613288402557373
0.4513307511806488
0.3671380281448364
0.445943146944046
0.3667093813419342
0.4411875903606415
0.3727729320526123
0.43631452322006226
0.3790690004825592
0.43714484572410583
0.37450456619262695
0.42542898654937744
0.38912561535835266
0.41423580050468445
0.3900606632232666
0.4012641906738281
0.39464646577835083
0.39732903242111206
0.40093284845352173
0.3934379518032074
0.4072505533695221
0.39488735795021057
0.4245753884315491
0.39109474420547485
0.4310753047466278
0.38757118582725525
0.4279381036758423
0.38387298583984375
0.4346185624599457
0.3760426342487335
0.45946818590164185
0.37275731563568115
0.46595656871795654
0.37501516938209534
0.47241631150245667
0.37048330903053284
0.480051726102829
0.36726677417755127
0.4868048131465912
0.36408481001853943
0.49359437823295593
0.35811448097229004
0.4732595980167389
0.34265780448913574
0.5083641409873962
0.3393601179122925
0.5141883492469788
0.34435513615608215
0.5295767188072205
0.34485119581222534
0.5412850379943848
0.3417890965938568
0.5364998579025269
0.32629498839378357
0.563795804977417
0.3230550289154053
0.5698056221008301
0.31989631056785583
0.5758711099624634
0.3234815001487732
0.580864429473877
0.3203031122684479
0.5870659351348877
0.3077718913555145
0.5836709141731262
0.304891973733902
0.592240035533905
0.30612799525260925
0.5889425873756409
0.29761016368865967
0.5932970643043518
0.30316823720932007
0.6098948121070862
0.3000204563140869
0.6157007813453674
0.29696211218833923
0.6216172575950623
0.2965906858444214
0.6072232127189636
0.29360318183898926
0.6133496761322021
0.2929946780204773
0.6314074993133545
0.2902466654777527
0.6376667022705078
0.28758662939071655
0.644089937210083
0.2760699987411499
0.6227391362190247
0.27349478006362915
0.6550204753875732
0.2710932493209839
0.6616314649581909
0.26886186003685
0.6682777404785156
0.26411840319633484
0.6605004668235779
0.26054370403289795
0.6728326082229614
0.2613967955112457
0.6727617979049683
0.2597872018814087
0.6802728772163391
0.2583555281162262
0.6878659725189209
0.24263042211532593
0.6728174090385437
0.22966741025447845
0.6905596852302551
0.22863109409809113
0.6984061598777771
0.2277832329273224
0.7065481543540955
0.22284279763698578
0.7295219302177429
0.21752706170082092
0.7359916567802429
0.23400935530662537
0.7601137161254883
0.2391580492258072
0.757903516292572
0.24057401716709137
0.7674081921577454
0.2379246950149536
0.7928009033203125
0.23941649496555328
0.8048886060714722
0.24132724106311798
0.8142932057380676
0.24352632462978363
0.8239383697509766
0.23825111985206604
0.798480212688446
0.22872689366340637
0.8089702725410461
0.22055809199810028
0.8154085874557495
0.22673502564430237
0.8311486840248108
0.22938397526741028
0.8528406620025635
0.22727812826633453
0.8554415702819824
0.23280827701091766
0.8664478659629822
0.238551527261734
0.8772503733634949
0.24660080671310425
0.8807374835014343
0.23729556798934937
0.8774396777153015
0.24335011839866638
0.8885347247123718
0.2490290403366089
0.8994714021682739
0.24640969932079315
0.8839989304542542
0.25267642736434937
0.8952181935310364
0.26758936047554016
0.9059402346611023
0.27434903383255005
0.9169753789901733
0.283119797706604
0.9407750964164734
0.2920054495334625
0.9573585391044617
0.29675349593162537
0.9793745279312134
0.29203760623931885
0.9773551225662231
0.29866141080856323
0.9742880463600159
0.3071747124195099
0.9853525161743164
0.31021830439567566
0.9959615468978882
0.32442614436149597
1.018862009048462
0.3474355638027191
1.0399863719940186
0.35542258620262146
1.0585739612579346
0.3628486692905426
1.06015944480896
0.3738972246646881
1.0697388648986816
0.39707186818122864
1.0683568716049194
0.3912447690963745
1.0732502937316895
0.4035484790802002
1.0820950269699097
0.4332108497619629
1.1124423742294312
0.4453204274177551
1.119876503944397
0.46487635374069214
1.1344308853149414
0.47750020027160645
1.141090750694275
0.4902660846710205
1.1476893424987793
0.45506036281585693
1.1292251348495483
0.4843764007091522
1.1446079015731812
0.49800780415534973
1.150450348854065
0.5123317837715149
1.1565062999725342
0.5265769362449646
1.1624354124069214
0.5415418148040771
1.1584392786026
0.5690953135490417
1.1682515144348145
0.5889027714729309
1.1803205013275146
0.6030791401863098
1.1876499652862549
0.6169994473457336
1.1920273303985596
0.6116514801979065
1.1839957237243652
0.6269024610519409
1.1885435581207275
0.6414601802825928
1.1928308010101318
0.6007038354873657
1.180716633796692
0.6118963956832886
1.169785976409912
0.6439734697341919
1.1937994956970215
0.6333702206611633
1.1886067390441895
0.6509981155395508
1.193637728691101
0.6733641028404236
1.203912377357483
0.6852017641067505
1.210641622543335
0.7020593285560608
1.2144858837127686
0.710075855255127
1.2145631313323975
0.7220158576965332
1.2182539701461792
0.7390456199645996
1.2218167781829834
0.7479644417762756
1.2142878770828247
0.7598870992660522
1.211851716041565
0.7770789861679077
1.2042127847671509
0.8008438944816589
1.2143064737319946
0.8145943284034729
1.2069783210754395
0.8310002088546753
1.210898756980896
0.8473780751228333
1.2206794023513794
0.8634078502655029
1.2242939472198486
0.8924459218978882
1.2415950298309326
0.896559476852417
1.2292412519454956
0.9124700427055359
1.232282280921936
0.9281787276268005
1.2350636720657349
0.9437427520751953
1.2376068830490112
0.9373342394828796
1.2425094842910767
0.965408980846405
1.246903419494629
0.9733178615570068
1.2718256711959839
1.001206874847412
1.267869472503662
1.0233467817306519
1.2673553228378296
1.0370763540267944
1.267632007598877
1.079626202583313
1.2704734802246094
1.0709956884384155
1.283207654953003
1.0862106084823608
1.2834914922714233
1.1006526947021484
1.2835737466812134
1.117881178855896
1.280329942703247
1.1547174453735352
1.2762395143508911
1.1661920547485352
1.2755948305130005
1.1793392896652222
1.2753596305847168
1.1923153400421143
1.2749518156051636
1.1552913188934326
1.2756383419036865
1.1552913188934326
1.2756383419036865
1.1487356424331665
1.285567045211792
1.2098326683044434
1.279049038887024
1.2225040197372437
1.2780879735946655
1.251003623008728
1.270514965057373
1.2694445848464966
1.2702709436416626
1.230610728263855
1.2838389873504639
1.2450238466262817
1.2823808193206787
1.2865577936172485
1.2705411911010742
1.2995269298553467
1.2689813375473022
1.282999873161316
1.2510706186294556
1.3137749433517456
1.25992751121521
1.325993537902832
1.2576783895492554
1.338349461555481
1.2551994323730469
1.3066045045852661
1.2607214450836182
1.3306814432144165
1.2559194564819336
1.3428887128829956
1.2531932592391968
1.3389406204223633
1.2550946474075317
1.3528289794921875
1.2519004344940186
1.365186095237732
1.233564853668213
1.410943627357483
1.2376039028167725
1.43874192237854
1.2364550828933716
1.4487231969833374
1.232589602470398
1.45879065990448
1.2285027503967285
1.4300427436828613
1.2396858930587769
1.4300427436828613
1.2396858930587769
1.4300427436828613
1.2396858930587769
1.5055615901947021
1.3238084316253662
1.4868091344833374
1.2431252002716064
1.4825247526168823
1.2094264030456543
1.5066156387329102
1.242409586906433
1.5086853504180908
1.235264778137207
1.5180985927581787
1.2299752235412598
1.5374504327774048
1.2445905208587646
1.549761176109314
1.2485500574111938
1.504610300064087
1.231611967086792
1.5153656005859375
1.2249141931533813
1.5683783292770386
1.1941421031951904
1.5764191150665283
1.1884243488311768
1.5965821743011475
1.1780914068222046
1.6084141731262207
1.1714560985565186
1.6150528192520142
1.1662659645080566
1.6215941905975342
1.160929799079895
1.6033339500427246
1.1752760410308838
1.579673171043396
1.1524163484573364
1.5925475358963013
1.142466425895691
1.5943695306777954
1.1287248134613037
1.6013249158859253
1.1228506565093994
1.6548703908920288
1.115600347518921
1.6598068475723267
1.1109672784805298
1.665290355682373
1.1056116819381714
1.6813976764678955
1.1097909212112427
1.6905617713928223
1.101217269897461
1.7060812711715698
1.092024326324463
1.710314393043518
1.0877801179885864
1.6666549444198608
1.0795987844467163
1.7049696445465088
1.076878547668457
1.7089059352874756
1.0728851556777954
1.713289737701416
1.068207859992981
1.7021621465682983
1.0795806646347046
1.7021621465682983
1.0795806646347046
1.7021621465682983
1.0795806646347046
1.7021621465682983
1.0795806646347046
1.692286491394043
1.0835341215133667
1.6748261451721191
1.0644901990890503
1.679886817932129
1.058832049369812
1.6844054460525513
1.053456425666809
1.6717764139175415
1.0677602291107178
1.6717764139175415
1.0677602291107178
1.722925066947937
1.0603214502334595
1.7296501398086548
1.0521501302719116
1.749891757965088
1.049099087715149
1.724610447883606
1.0623353719711304
1.6970726251602173
1.047902226448059
1.7129051685333252
1.0471447706222534
1.716307282447815
1.0419819355010986
1.719895362854004
1.0361825227737427
1.709571361541748
1.051865816116333
1.709571361541748
1.051865816116333
1.7558938264846802
1.03777277469635
1.760589599609375
1.0298311710357666
1.7636892795562744
1.0240373611450195
1.7558938264846802
1.03777277469635
1.7265284061431885
1.0250024795532227
1.7319804430007935
1.0138773918151855
1.7255593538284302
1.0016826391220093
1.728192687034607
0.9942049980163574
1.7305519580841064
0.986709713935852
1.7831038236618042
0.9950687289237976
1.7863267660140991
0.982519805431366
1.7751858234405518
0.9900568127632141
1.7473326921463013
0.9825708270072937
1.7487760782241821
0.9740966558456421
1.749992847442627
0.9651761054992676
1.7963879108428955
0.9805974364280701
1.7984124422073364
0.9679564237594604
1.7994940280914307
0.9585748910903931
1.787707805633545
0.9761033058166504
1.7895883321762085
0.9608044624328613
1.7903625965118408
0.9506233334541321
1.787707805633545
0.9761033058166504
1.7628370523452759
0.9593953490257263
1.8097612857818604
0.9390138983726501
1.8093750476837158
0.9281477928161621
1.808571457862854
0.9170920848846436
1.8309863805770874
0.9267879724502563
1.8292293548583984
0.9112709164619446
1.7821917533874512
0.9057470560073853
1.7807244062423706
0.8952764868736267
1.7900835275650024
0.8906357288360596
1.822704792022705
0.8790919184684753
1.818202018737793
0.8656888604164124
1.7989286184310913
0.8747897744178772
1.7941763401031494
0.862166166305542
1.7887020111083984
0.8489217162132263
1.80199134349823
0.8837323188781738
1.8264015913009644
0.8574152588844299
1.8228415250778198
0.8267375230789185
1.8129242658615112
0.8126764297485352
1.8028596639633179
0.799247145652771
1.761987328529358
0.8076836466789246
1.7382553815841675
0.7927040457725525
1.7278047800064087
0.7809386253356934
1.7172480821609497
0.7694842219352722
1.7625759840011597
0.7626966834068298
1.7449352741241455
0.758154034614563
1.7326713800430298
0.7564284801483154
1.7523820400238037
0.7465323805809021
1.7362797260284424
0.7372512817382812
1.721574068069458
0.728801965713501
1.7631752490997314
0.7527362704277039
1.7282562255859375
0.7397712469100952
1.698840856552124
0.7238720655441284
1.6851775646209717
0.7163561582565308
1.6532659530639648
0.7194492816925049
1.625380516052246
0.7071273326873779
1.612938642501831
0.7013753056526184
1.6319776773452759
0.7042257189750671
1.5872876644134521
0.6930713057518005
1.5853904485702515
0.6877867579460144
1.5748153924942017
0.682618260383606
1.5615425109863281
0.6775870323181152
1.5747429132461548
0.6755821108818054
1.5606213808059692
0.6706497073173523
1.5626630783081055
0.669546902179718
1.5043747425079346
0.6957569718360901
1.4937735795974731
0.6893051266670227
1.494490623474121
0.6755297780036926
1.48310124874115
0.6707816123962402
1.4718011617660522
0.6637665629386902
1.4603469371795654
0.6566848754882812
1.4499233961105347
0.6490161418914795
1.4582048654556274
0.6456364989280701
1.4485633373260498
0.6365759968757629
1.4247779846191406
0.6272292733192444
1.416291356086731
0.6186429858207703
1.407584547996521
0.6099069714546204
1.4324871301651
0.6351398229598999
1.4324871301651
0.6351398229598999
1.4324871301651
0.6351398229598999
1.3834667205810547
0.6274427771568298
1.363952875137329
0.5875648856163025
1.3585125207901
0.5688073039054871
1.3468327522277832
0.554591178894043
1.3404412269592285
0.5453280210494995
1.3338532447814941
0.53604656457901
1.3457728624343872
0.5579044818878174
1.3557125329971313
0.5419456362724304
1.340971827507019
0.5398065447807312
1.3341816663742065
0.5299637913703918
1.335999846458435
0.529805600643158
1.3286863565444946
0.5198097229003906
1.3219599723815918
0.5247716903686523
1.3153369426727295
0.5149313807487488
1.3333784341812134
0.5147293210029602
1.3366926908493042
0.5087931752204895
1.3280174732208252
0.49844053387641907
1.3111820220947266
0.4980219006538391
1.3028901815414429
0.48812028765678406
1.2944568395614624
0.4783833622932434
1.2924445867538452
0.46828287839889526
1.282741904258728
0.45893239974975586
1.2835792303085327
0.4436454474925995
1.2472773790359497
0.4447745382785797
1.2378991842269897
0.43748149275779724
1.2191492319107056
0.414232462644577
1.2087435722351074
0.40841907262802124
1.1942976713180542
0.4038737714290619
1.184096336364746
0.39881640672683716
1.1818653345108032
0.3822234869003296
1.1386985778808594
0.39738309383392334
1.130723237991333
0.39436447620391846
1.1243427991867065
0.377339243888855
1.114434838294983
0.38222000002861023
1.1127299070358276
0.36896735429763794
1.1053637266159058
0.364955335855484
1.0964869260787964
0.3625360429286957
1.0875298976898193
0.3599124252796173
1.1039429903030396
0.40309274196624756
1.0671093463897705
0.36949220299720764
1.0592483282089233
0.36646804213523865
1.0505194664001465
0.3629592955112457
1.041519284248352
0.3573726713657379
1.023734450340271
0.3510243594646454
1.0157791376113892
0.34693700075149536
1.007751226425171
0.3426673114299774
1.0290889739990234
0.35369110107421875
1.0290889739990234
0.35369110107421875
1.0290889739990234
0.35369110107421875
1.0290889739990234
0.35369110107421875
0.9941840767860413
0.34239500761032104
0.9871476292610168
0.33752596378326416
0.9809876084327698
0.33624735474586487
0.9741997122764587
0.3309856057167053
0.9678007364273071
0.32590508460998535
0.961757242679596
0.3209839463233948
0.9818918108940125
0.33846771717071533
0.97190922498703
0.3400854170322418
0.9681202173233032
0.3506029546260834
0.9617971777915955
0.34509551525115967
0.9635685086250305
0.33301854133605957
0.9589361548423767
0.34170830249786377
0.95295250415802
0.3364710807800293
0.9473284482955933
0.3314279615879059
0.9619347453117371
0.33468469977378845
0.9502689838409424
0.3185678720474243
0.9445431232452393
0.31385087966918945
0.924702525138855
0.3151952624320984
0.9197861552238464
0.310840368270874
0.9199647903442383
0.2977406680583954
0.9150344729423523
0.2931433618068695
0.9012768864631653
0.30145496129989624
0.8903565406799316
0.2785395681858063
0.8961344957351685
0.3017398416996002
0.8814232349395752
0.2720213830471039
0.8689124584197998
0.25787752866744995
0.8641570210456848
0.25092577934265137
0.8652995228767395
0.2550777792930603
0.8555878400802612
0.24467821419239044
0.8515701293945312
0.23847801983356476
0.8485134243965149
0.23448753356933594
0.8347463607788086
0.24633195996284485
0.8319392800331116
0.24227744340896606
0.8427361249923706
0.2636629641056061
0.8243492245674133
0.254054456949234
0.8142550587654114
0.24626128375530243
0.8193853497505188
0.23274275660514832
0.8169015645980835
0.22859960794448853
0.8089491724967957
0.21620024740695953
0.8068181872367859
0.21205493807792664
0.804731547832489
0.2078065425157547
0.810613214969635
0.21930870413780212
0.810613214969635
0.21930870413780212
0.810613214969635
0.21930870413780212
0.7977790832519531
0.20230549573898315
0.788080096244812
0.1868954747915268
0.7864925265312195
0.18241699039936066
0.7711608409881592
0.18737399578094482
0.7699233889579773
0.1826934516429901
0.7763275504112244
0.19434528052806854
0.7601005434989929
0.18666699528694153
0.7658045887947083
0.1723618358373642
0.7647057771682739
0.1676843911409378
0.7649940848350525
0.1611730307340622
0.7694776654243469
0.16264648735523224
0.7680018544197083
0.16033650934696198
0.7678583264350891
0.16314077377319336
0.7664363980293274
0.15989741683006287
0.7654966115951538
0.15523231029510498
0.7677928805351257
0.1565188467502594
0.7635588645935059
0.15631775557994843
0.7626135349273682
0.15151381492614746
0.7635448575019836
0.15129752457141876
0.7626931071281433
0.14907437562942505
0.7576764822006226
0.15339726209640503
0.7507984638214111
0.154355987906456
0.7465490698814392
0.14762136340141296
0.7514894008636475
0.13390910625457764
0.7525017261505127
0.12817806005477905
0.7491121888160706
0.11880384385585785
0.7367334961891174
0.126918762922287
0.7365698218345642
0.12158866971731186
0.733762264251709
0.10398862510919571
0.733882486820221
0.09877753257751465
0.7354965209960938
0.08466965705156326
0.7358619570732117
0.07942812889814377
0.7388995289802551
0.08683176338672638
0.7345907688140869
0.055855363607406616
0.735788881778717
0.05037079378962517
0.7370507717132568
0.044961534440517426
0.7338051199913025
0.05968238785862923
0.7338051199913025
0.05968238785862923
0.7289692163467407
0.03245622664690018
0.731863260269165
0.022403711453080177
0.7252650260925293
0.012903974391520023
0.7310503721237183
-0.004111172165721655
0.7327431440353394
-0.010906429030001163
0.7347949743270874
-0.016072452068328857
0.7343981862068176
-0.021562574431300163
0.7342932224273682
-0.02356894686818123
