-0.16910219192504883
-0.012519908137619495
-0.167000412940979
-0.01106103602796793
-0.16884534060955048
-0.016225004568696022
-0.16052962839603424
-0.015349669381976128
-0.16438467800617218
-0.016622275114059448
-0.1660572737455368
-0.02145102061331272
-0.16383548080921173
-0.0132044218480587
-0.16239142417907715
-0.00801487360149622
-0.16337426006793976
-0.009043275378644466
-0.16240248084068298
-0.006134720053523779
-0.16359707713127136
-0.008309826254844666
-0.16560275852680206
-0.013519689440727234
-0.1654074788093567
-0.01232621818780899
-0.16741426289081573
-0.017454931512475014
-0.16886529326438904
-0.018363334238529205
-0.16692869365215302
-0.01470639556646347
-0.16635823249816895
-0.013772843405604362
-0.165338397026062
-0.01201912946999073
-0.16727878153324127
-0.017652740702033043
-0.16514696180820465
-0.012359817512333393
-0.16718131303787231
-0.014829444698989391
-0.16844040155410767
-0.016292452812194824
-0.17041021585464478
-0.021918434649705887
-0.16745668649673462
-0.01484767161309719
-0.16942231357097626
-0.020575325936079025
-0.16687175631523132
-0.014731204137206078
-0.16646942496299744
-0.011390739120543003
-0.16545237600803375
-0.007868683896958828
-0.16748285293579102
-0.013726670295000076
-0.1684853881597519
-0.014931630343198776
-0.16747882962226868
-0.015186355449259281
-0.17165593802928925
-0.017805777490139008
-0.17340725660324097
-0.024051034823060036
-0.17560036480426788
-0.02601545862853527
-0.17724540829658508
-0.032441288232803345
-0.18782581388950348
-0.04604967683553696
-0.1898554265499115
-0.049614641815423965
-0.19038061797618866
-0.04452061280608177
-0.19155539572238922
-0.0513903833925724
-0.19268201291561127
-0.05012884363532066
-0.19355860352516174
-0.05734536796808243
-0.19677689671516418
-0.0584661141037941
-0.19371946156024933
-0.057590052485466
-0.19664303958415985
-0.06472933292388916
-0.19699479639530182
-0.07232417911291122
-0.20093445479869843
-0.0817706510424614
-0.20401528477668762
-0.08831022679805756
-0.20390740036964417
-0.09609853476285934
-0.20133040845394135
-0.10651859641075134
-0.21220766007900238
-0.11454030871391296
-0.21386770904064178
-0.12451428920030594
-0.21188530325889587
-0.1325952708721161
-0.21271850168704987
-0.13752883672714233
-0.21038246154785156
-0.14558790624141693
-0.21400634944438934
-0.1551828384399414
-0.2108077108860016
-0.1629645824432373
-0.20765380561351776
-0.17066143453121185
-0.2045542299747467
-0.17828479409217834
-0.20743496716022491
-0.18056578934192657
-0.20827576518058777
-0.18403051793575287
-0.20859603583812714
-0.1965152472257614
-0.2042737752199173
-0.20326264202594757
-0.20004704594612122
-0.20999117195606232
-0.20165309309959412
-0.2133188396692276
-0.2005968689918518
-0.21971362829208374
-0.19573192298412323
-0.22560648620128632
-0.19445352256298065
-0.22992666065692902
-0.1896713227033615
-0.23563987016677856
-0.18477456271648407
-0.24251489341259003
-0.17617228627204895
-0.26003795862197876
-0.1713857650756836
-0.26475465297698975
-0.1645006239414215
-0.2707989811897278
-0.1599060595035553
-0.2751845717430115
-0.15530087053775787
-0.28031784296035767
-0.15009137988090515
-0.28765758872032166
-0.14394265413284302
-0.2926909923553467
-0.1397276520729065
-0.29629647731781006
-0.1394847333431244
-0.2961970865726471
-0.13442154228687286
-0.299188494682312
-0.12464774399995804
-0.30796578526496887
-0.12079242616891861
-0.3111075162887573
-0.10918908566236496
-0.31846651434898376
-0.0985470786690712
-0.32711124420166016
-0.09513048082590103
-0.33018404245376587
-0.08133140951395035
-0.34013503789901733
-0.0753849670290947
-0.33859747648239136
-0.07225581258535385
-0.3416703939437866
-0.06212900951504707
-0.35049769282341003
-0.05152113363146782
-0.3526422381401062
-0.048480190336704254
-0.35638439655303955
-0.0451151579618454
-0.3536137640476227
-0.042141444981098175
-0.3577422499656677
-0.036434173583984375
-0.36433127522468567
-0.022925809025764465
-0.3742828667163849
-0.019175563007593155
-0.3668787479400635
-0.012232132256031036
-0.3702898919582367
-0.004627198912203312
-0.3820860981941223
0.006227733101695776
-0.39369824528694153
0.008070634678006172
-0.3999710977077484
0.020636606961488724
-0.41995933651924133
0.030449414625763893
-0.43430984020233154
0.03146475926041603
-0.44175985455513
0.0383676253259182
-0.45014873147010803
0.03898632898926735
-0.4583040475845337
0.03313962370157242
-0.4737764298915863
0.03991116210818291
-0.4765686094760895
0.04502261057496071
-0.4782745838165283
0.04732939228415489
-0.47744643688201904
0.046814363449811935
-0.48595812916755676
0.05419814959168434
-0.4897458255290985
0.053315501660108566
-0.4858182966709137
0.05259713530540466
-0.49453726410865784
0.053981196135282516
-0.494863361120224
0.05376609414815903
-0.49724283814430237
0.05541424825787544
-0.5075298547744751
0.0580097921192646
-0.5141091346740723
0.06264449656009674
-0.5295007824897766
0.06521544605493546
-0.5391693115234375
0.059536077082157135
-0.5398046970367432
0.06024213135242462
-0.5405433177947998
0.05959462746977806
-0.5467797517776489
0.055896587669849396
-0.556574821472168
0.0532916858792305
-0.5614504814147949
0.048190340399742126
-0.5738381147384644
0.043711330741643906
-0.5848807692527771
0.038905397057533264
-0.5945817232131958
0.03959310054779053
-0.5992001295089722
0.03499665856361389
-0.6107620596885681
0.03475881740450859
-0.6169822216033936
0.026175450533628464
-0.6294164657592773
0.017158817499876022
-0.6469875574111938
0.010185321792960167
-0.6600092053413391
0.004346271976828575
-0.6693408489227295
-0.0015667553525418043
-0.6786181330680847
-0.008945949375629425
-0.6881558299064636
-0.015827694907784462
-0.6994534134864807
-0.022144276648759842
-0.7084492444992065
-0.029009632766246796
-0.7257408499717712
-0.03552518039941788
-0.7345044612884521
-0.03603418543934822
-0.7384700179100037
-0.050799645483493805
-0.7510950565338135
-0.056380245834589005
-0.7644625902175903
-0.07727079838514328
-0.7675924897193909
-0.08387929201126099
-0.7757288813591003
-0.08511095494031906
-0.7922531962394714
-0.09170805662870407
-0.8005270957946777
-0.09454964846372604
-0.8117230534553528
-0.1003795638680458
-0.8249421715736389
-0.11446914821863174
-0.8445141315460205
-0.12581650912761688
-0.8557518720626831
-0.13723918795585632
-0.8708093166351318
-0.1439339518547058
-0.8784636855125427
-0.15719474852085114
-0.8937452435493469
-0.16383540630340576
-0.9011128544807434
-0.17233555018901825
-0.9128627181053162
-0.17903101444244385
-0.9201343059539795
-0.18790262937545776
-0.930429995059967
-0.20253321528434753
-0.945371687412262
-0.21147367358207703
-0.9537866711616516
-0.21815775334835052
-0.9605939984321594
-0.21789126098155975
-0.9612316489219666
-0.22678405046463013
-0.9702430963516235
-0.24008657038211823
-0.9820436835289001
-0.24670499563217163
-0.9887449741363525
-0.2502930164337158
-0.9949555397033691
-0.261355459690094
-1.0035219192504883
-0.2679256796836853
-1.010163426399231
-0.28027090430259705
-1.0052940845489502
-0.28297707438468933
-1.0132211446762085
-0.2897875905036926
-1.0194193124771118
-0.29870840907096863
-1.0283710956573486
-0.30529722571372986
-1.034878134727478
-0.31184521317481995
-1.041463851928711
-0.31970277428627014
-1.0525453090667725
-0.32617855072021484
-1.0591269731521606
-0.3326204717159271
-1.0657918453216553
-0.32675790786743164
-1.0661704540252686
-0.3367140591144562
-1.0725727081298828
-0.34376615285873413
-1.079547643661499
-0.36207541823387146
-1.0851471424102783
-0.36674055457115173
-1.093430757522583
-0.3750869333744049
-1.1016355752944946
-0.3810383975505829
-1.10883367061615
-0.38696426153182983
-1.1160824298858643
-0.38587912917137146
-1.1234750747680664
-0.39093321561813354
-1.127724051475525
-0.3983162045478821
-1.1365272998809814
-0.4063507616519928
-1.1443949937820435
-0.41039952635765076
-1.1482973098754883
-0.4180406928062439
-1.166130781173706
-0.4264320731163025
-1.1709184646606445
-0.4314756691455841
-1.1789438724517822
-0.4337595999240875
-1.1868664026260376
-0.4382922351360321
-1.197051763534546
-0.44826942682266235
-1.201735019683838
-0.45538556575775146
-1.2177941799163818
-0.4602012634277344
-1.2202314138412476
-0.4637969732284546
-1.2299740314483643
-0.46794191002845764
-1.2384597063064575
-0.47218388319015503
-1.2469563484191895
-0.47530338168144226
-1.251126766204834
-0.4843575656414032
-1.2663111686706543
-0.48829740285873413
-1.274840235710144
-0.49237513542175293
-1.2834287881851196
-0.49781379103660583
-1.2894105911254883
-0.5025790333747864
-1.2927011251449585
-0.5065392851829529
-1.3013017177581787
-0.5100650191307068
-1.306602120399475
-0.5137363076210022
-1.315279483795166
-0.5160016417503357
-1.3297741413116455
-0.5182357430458069
-1.3343968391418457
-0.522526204586029
-1.3409767150878906
-0.5292696356773376
-1.351324200630188
-0.5333898067474365
-1.3597583770751953
-0.5369794964790344
-1.3684918880462646
-0.540126383304596
-1.3763747215270996
-0.5451837182044983
-1.386894702911377
-0.5491039752960205
-1.3954795598983765
-0.5500227808952332
-1.4034968614578247
-0.5520995259284973
-1.413234829902649
-0.5574350953102112
-1.4227946996688843
-0.5618472695350647
-1.4316718578338623
-0.5584437251091003
-1.4394811391830444
-0.5630286335945129
-1.4429813623428345
-0.5732970833778381
-1.459449291229248
-0.578086793422699
-1.4683250188827515
-0.5756840705871582
-1.4738411903381348
-0.5820925235748291
-1.4851397275924683
-0.587447464466095
-1.4940747022628784
-0.5900140404701233
-1.5024685859680176
-0.5907271504402161
-1.5103930234909058
-0.5989328622817993
-1.5204510688781738
-0.6050605177879333
-1.5293378829956055
-0.6082342863082886
-1.5480588674545288
-0.6160528063774109
-1.5680631399154663
-0.6222784519195557
-1.5769208669662476
-0.6300353407859802
-1.5802834033966064
-0.636762797832489
-1.5890885591506958
-0.6437510848045349
-1.5988534688949585
-0.6509129405021667
-1.6075160503387451
-0.6489310264587402
-1.6036531925201416
-0.6561521887779236
-1.6123831272125244
-0.6569808125495911
-1.6255828142166138
-0.6644904613494873
-1.6343750953674316
-0.6779797673225403
-1.6453362703323364
-0.6858667731285095
-1.653842568397522
-0.6827236413955688
-1.6471331119537354
-0.6708400845527649
-1.6424860954284668
-0.6794437170028687
-1.6513978242874146
-0.6927019357681274
-1.6586334705352783
-0.7051255702972412
-1.6899142265319824
-0.7144039273262024
-1.698061466217041
-0.7167165279388428
-1.689047932624817
-0.7422109842300415
-1.7029083967208862
-0.749043881893158
-1.7320261001586914
-0.75928795337677
-1.739203929901123
-0.777088463306427
-1.7443467378616333
-0.7809911966323853
-1.763611078262329
-0.791663646697998
-1.770229458808899
-0.8023728132247925
-1.7691869735717773
-0.8132023215293884
-1.7754822969436646
-0.8114156126976013
-1.795692801475525
-0.822414755821228
-1.8019378185272217
-0.8298261165618896
-1.7835264205932617
-0.8532770872116089
-1.7827080488204956
-0.8520216941833496
-1.7716113328933716
-0.8639354705810547
-1.776828646659851
-0.8771848082542419
-1.7762776613235474
-0.891072154045105
-1.7930506467819214
-0.9029196500778198
-1.7974293231964111
-0.8849610686302185
-1.805700659751892
-0.9033543467521667
-1.799678087234497
-0.9088863134384155
-1.8339089155197144
-0.9346150159835815
-1.8245487213134766
-0.9589555263519287
-1.8270745277404785
-0.9588522911071777
-1.8538583517074585
-0.971299946308136
-1.8562004566192627
-0.9462568759918213
-1.8522777557373047
-0.9937783479690552
-1.8439443111419678
-1.0056496858596802
-1.845960259437561
-1.0092965364456177
-1.8690630197525024
-1.021891713142395
-1.8705201148986816
-1.0230605602264404
-1.8869338035583496
-1.0379855632781982
-1.8765110969543457
-1.0440278053283691
-1.8601510524749756
-1.0512433052062988
-1.8443764448165894
-1.0563485622406006
-1.8511226177215576
-1.056433916091919
-1.8682600259780884
-1.080581784248352
-1.8746246099472046
-1.0840017795562744
-1.8810135126113892
-1.1173375844955444
-1.8659456968307495
-1.1251157522201538
-1.882155179977417
-1.135331392288208
-1.8762719631195068
-1.1818231344223022
-1.8594155311584473
-1.1925745010375977
-1.8568217754364014
-1.1928322315216064
-1.8711134195327759
-1.2040292024612427
-1.8690085411071777
-1.2484767436981201
-1.8324096202850342
-1.2661900520324707
-1.8259336948394775
-1.281003475189209
-1.821990728378296
-1.2828599214553833
-1.8218265771865845
-1.2890868186950684
-1.8293545246124268
-1.2994005680084229
-1.8276900053024292
-1.3138906955718994
-1.8201133012771606
-1.329413652420044
-1.823027491569519
-1.339522123336792
-1.8216204643249512
-1.3329919576644897
-1.811941146850586
-1.3432950973510742
-1.8103231191635132
-1.3493565320968628
-1.8033910989761353
-1.3462473154067993
-1.7960503101348877
-1.355907678604126
-1.798860788345337
-1.3588138818740845
-1.7937490940093994
-1.3696004152297974
-1.7921483516693115
-1.3785043954849243
-1.794765591621399
-1.389272928237915
-1.7934385538101196
-1.3775192499160767
-1.7908563613891602
-1.383722186088562
-1.7849693298339844
-1.3848413228988647
-1.7853432893753052
-1.3961421251296997
-1.7837790250778198
-1.4030930995941162
-1.7822593450546265
-1.4131468534469604
-1.7800112962722778
-1.4136871099472046
-1.7829471826553345
-1.4249945878982544
-1.7819254398345947
-1.4158772230148315
-1.7853580713272095
-1.4191782474517822
-1.7994804382324219
-1.4309395551681519
-1.7980972528457642
-1.4327107667922974
-1.8135631084442139
-1.4444197416305542
-1.8123188018798828
-1.4403423070907593
-1.817280650138855
-1.4604146480560303
-1.7809228897094727
-1.4630916118621826
-1.777900218963623
-1.4786951541900635
-1.7764980792999268
-1.4778655767440796
-1.7848048210144043
-1.488363265991211
-1.8123372793197632
-1.4885566234588623
-1.813003659248352
-1.4993468523025513
-1.8070024251937866
-1.5114208459854126
-1.8017388582229614
-1.5425251722335815
-1.804175853729248
-1.5517972707748413
-1.7978507280349731
-1.551486611366272
-1.7837882041931152
-1.541025161743164
-1.816644549369812
-1.5536519289016724
-1.8323378562927246
-1.5571321249008179
-1.8347961902618408
-1.5873095989227295
-1.8232156038284302
-1.5937403440475464
-1.8258095979690552
-1.6165966987609863
-1.816655158996582
-1.6247003078460693
-1.8039995431900024
-1.6398987770080566
-1.8150265216827393
-1.6572903394699097
-1.7998123168945312
-1.664766550064087
-1.8005975484848022
-1.6673083305358887
-1.7915456295013428
-1.681113362312317
-1.7872270345687866
-1.6984078884124756
-1.7914540767669678
-1.70310378074646
-1.7882393598556519
-1.7099932432174683
-1.78855299949646
-1.7100987434387207
-1.788064956665039
-1.7190654277801514
-1.7920310497283936
-1.725684404373169
-1.7923038005828857
-1.726524829864502
-1.7910360097885132
-1.7332850694656372
-1.7910709381103516
-1.748963475227356
-1.839379906654358
-1.7272602319717407
-1.8141283988952637
-1.7448917627334595
-1.8533269166946411
-1.7526917457580566
-1.878016471862793
-1.7363451719284058
-1.8396700620651245
-1.7421159744262695
-1.8401020765304565
-1.7480618953704834
-1.8404452800750732
-1.7283748388290405
-1.8188010454177856
-1.7315409183502197
-1.8192651271820068
-1.726841926574707
-1.8127226829528809
-1.7278308868408203
-1.8057531118392944
-1.7293390035629272
-1.7960869073867798
-1.7263630628585815
-1.786412239074707
-1.7242056131362915
-1.7841256856918335
-1.7330913543701172
-1.780573844909668
-1.7366102933883667
-1.7822006940841675
-1.7310080528259277
-1.781952142715454
-1.7393323183059692
-1.7799723148345947
-1.7349222898483276
-1.7831791639328003
-1.7441595792770386
-1.788485050201416
-1.7485430240631104
-1.7902917861938477
-1.7563445568084717
-1.7882071733474731
-1.7613600492477417
-1.7900514602661133
-1.7610557079315186
-1.7894196510314941
-1.7687411308288574
-1.786956787109375
-1.7703423500061035
-1.787524700164795
-1.7845932245254517
-1.7985525131225586
-1.7917711734771729
-1.795850396156311
-1.7972240447998047
-1.7995615005493164
-1.792538046836853
-1.798744797706604
-1.802687406539917
-1.7961628437042236
-1.806809663772583
-1.8084932565689087
-1.8139286041259766
-1.8043779134750366
-1.8229873180389404
-1.7947769165039062
-1.8298150300979614
-1.7902719974517822
-1.8364183902740479
-1.7857507467269897
-1.8502699136734009
-1.8437976837158203
-1.8474217653274536
-1.819409728050232
-1.849170446395874
-1.7995107173919678
-1.8558892011642456
-1.8002724647521973
-1.861996054649353
-1.7954150438308716
-1.8887505531311035
-1.8420714139938354
-1.883626103401184
-1.809996485710144
-1.894200325012207
-1.7806198596954346
-1.89885413646698
-1.76636803150177
-1.9041534662246704
-1.7608513832092285
-1.9133222103118896
-1.7428902387619019
-1.9236586093902588
-1.7293332815170288
-1.9264426231384277
-1.7220311164855957
-1.9410032033920288
-1.7083241939544678
-1.945507287979126
-1.70216965675354
-1.948973536491394
-1.696648359298706
-1.9613076448440552
-1.6852208375930786
-1.9715855121612549
-1.67493736743927
-1.975541353225708
-1.668589472770691
-1.98768949508667
-1.653744101524353
-1.9913647174835205
-1.6472728252410889
-1.9929403066635132
-1.642232060432434
-2.0041697025299072
-1.6300749778747559
-2.0196170806884766
-1.6272529363632202
-2.0321106910705566
-1.6235077381134033
-2.0351297855377197
-1.6169369220733643
-2.04913592338562
-1.6323946714401245
-2.051989793777466
-1.6253372430801392
-2.0115678310394287
-1.6227741241455078
-2.02960205078125
-1.4901784658432007
-2.0447030067443848
-1.4037994146347046
-2.0469789505004883
-1.3964622020721436
-2.0491764545440674
-1.3889236450195312
-2.0547635555267334
-1.4381777048110962
-2.060378074645996
-1.4606817960739136
-2.0623176097869873
-1.4528007507324219
-2.0579416751861572
-1.4532374143600464
-2.0263028144836426
-1.494506597518921
-2.0463101863861084
-1.4820983409881592
-2.057830810546875
-1.4722816944122314
-2.065981864929199
-1.4654117822647095
-2.0671331882476807
-1.4563233852386475
-2.076308488845825
-1.3484386205673218
-2.078930139541626
-1.383984088897705
-2.079735279083252
-1.3749430179595947
-2.0895729064941406
-1.4048677682876587
-2.0529370307922363
-1.439947247505188
-2.0537171363830566
-1.430863618850708
-2.054377794265747
-1.4212942123413086
-2.0604255199432373
-1.4396721124649048
-2.0720362663269043
-1.4135414361953735
-2.079099655151367
-1.3917255401611328
-2.0789763927459717
-1.3816819190979004
-2.078672409057617
-1.3713587522506714
-2.095088243484497
-1.3557981252670288
-2.0945005416870117
-1.3453468084335327
-2.095989227294922
-1.3308467864990234
-2.1019139289855957
-1.3250385522842407
-2.105304002761841
-1.3109208345413208
-2.103951930999756
-1.2998157739639282
-2.1023666858673096
-1.288422703742981
-2.099853992462158
-1.2784559726715088
-2.0961215496063232
-1.2666680812835693
-2.1107263565063477
-1.264674186706543
-2.1082394123077393
-1.2529280185699463
-2.1036503314971924
-1.2458785772323608
-2.098595142364502
-1.229598045349121
-2.095604658126831
-1.2176257371902466
-2.0920333862304688
-1.2088615894317627
-2.0886435508728027
-1.196683406829834
-2.0865859985351562
-1.1871808767318726
-2.082454204559326
-1.1746031045913696
-2.0816898345947266
-1.1691842079162598
-2.0818562507629395
-1.1618348360061646
-2.0769269466400146
-1.1490789651870728
-2.0747270584106445
-1.1394705772399902
-2.0725574493408203
-1.1293176412582397
-2.0688960552215576
-1.1165105104446411
-2.064969301223755
-1.0955915451049805
-2.057724952697754
-1.0822705030441284
-2.0129811763763428
-1.0987083911895752
-2.006701946258545
-1.0863664150238037
-2.0159847736358643
-1.0619428157806396
-2.015507936477661
-1.0369230508804321
-2.0142011642456055
-1.0183613300323486
-2.005204200744629
-0.9992124438285828
-1.9954713582992554
-0.9865036606788635
-1.9983364343643188
-0.9747527241706848
-1.9875121116638184
-0.962489902973175
-1.9835654497146606
-0.9547368884086609
-1.982183575630188
-0.9517776370048523
-1.9752017259597778
-0.9390600323677063
-1.9650189876556396
-0.9318850636482239
-1.9557158946990967
-0.9176825881004333
-1.9479793310165405
-0.9178701639175415
-1.940088152885437
-0.9021250009536743
-1.9215017557144165
-0.8897325396537781
-1.9073561429977417
-0.8796740770339966
-1.8940112590789795
-0.8651006817817688
-1.8816087245941162
-0.852726936340332
-1.8677233457565308
-0.8440958261489868
-1.8622273206710815
-0.8326963782310486
-1.8475452661514282
-0.8239903450012207
-1.8316702842712402
-0.8244671821594238
-1.816992998123169
-0.8164226412773132
-1.8241140842437744
-0.8037608861923218
-1.8093332052230835
-0.7960641384124756
-1.7947216033935547
-0.7899339199066162
-1.7774800062179565
-0.7843173742294312
-1.7570379972457886
-0.7821381688117981
-1.7415388822555542
-0.7751546502113342
-1.7205041646957397
-0.7722420692443848
-1.705801010131836
-0.7664857506752014
-1.3388488292694092
-0.63555908203125
-1.331145167350769
-0.6339566707611084
-1.4532639980316162
-0.6676259636878967
-1.508174180984497
-0.6914562582969666
-1.5304334163665771
-0.7030749320983887
-1.5187569856643677
-0.7002312541007996
-1.538743495941162
-0.7025253772735596
-1.5265226364135742
-0.6998106837272644
-1.515271544456482
-0.6990743279457092
-1.5030628442764282
-0.6961278915405273
-1.4954395294189453
-0.6847048997879028
-1.4833623170852661
-0.6817824840545654
-1.4705859422683716
-0.6774680018424988
-1.4539381265640259
-0.6823337078094482
-1.4424073696136475
-0.6796605587005615
-1.4590561389923096
-0.7139018177986145
-1.4465848207473755
-0.7103474736213684
-1.4286937713623047
-0.6884788870811462
-1.4243566989898682
-0.7067175507545471
-1.415619969367981
-0.7132769823074341
-1.4037771224975586
-0.7103486657142639
-1.3770604133605957
-0.6881966590881348
-1.3660600185394287
-0.6851741671562195
-1.3420578241348267
-0.6721715927124023
-1.3515318632125854
-0.698749303817749
-1.3321928977966309
-0.6806607246398926
-1.3175405263900757
-0.667099118232727
-1.3039754629135132
-0.656639575958252
-1.293465256690979
-0.6529020667076111
-1.2806050777435303
-0.644453227519989
-1.2637664079666138
-0.6479262709617615
-1.2504090070724487
-0.6470987796783447
-1.2409868240356445
-0.6423135995864868
-1.232871174812317
-0.6316270232200623
-1.2236090898513794
-0.6266091465950012
-1.217111349105835
-0.6238224506378174
-1.208900809288025
-0.618664562702179
-1.1998918056488037
-0.6133696436882019
-1.1887164115905762
-0.6063092947006226
-1.175796389579773
-0.6025696396827698
-1.1648283004760742
-0.5925641059875488
-1.1567226648330688
-0.5867501497268677
-1.168889045715332
-0.6174793839454651
-1.1643531322479248
-0.6235853433609009
-1.1457151174545288
-0.6020044088363647
-1.1301422119140625
-0.579910933971405
-1.1230486631393433
-0.5734628438949585
-1.1105170249938965
-0.5402984619140625
-1.1031479835510254
-0.5341435670852661
-1.0910509824752808
-0.5361798405647278
-1.0843214988708496
-0.5299468040466309
-1.0778193473815918
-0.5303390622138977
-1.066410779953003
-0.5283262133598328
-1.060337781906128
-0.5217232704162598
-1.0541831254959106
-0.5152192115783691
-1.0611978769302368
-0.526175320148468
-1.0545037984848022
-0.5169739127159119
-1.042395830154419
-0.5019978880882263
-1.0351930856704712
-0.4958955943584442
-1.0255650281906128
-0.4844016432762146
-1.0197285413742065
-0.4778498709201813
-1.0305900573730469
-0.4952251613140106
-1.0131077766418457
-0.4624403119087219
-1.0020660161972046
-0.45121386647224426
-0.9961161613464355
-0.44472208619117737
-0.9856322407722473
-0.43411970138549805
-0.9806702136993408
-0.42100226879119873
-0.9696746468544006
-0.4040148854255676
-0.9627315998077393
-0.3979995846748352
-0.9511050581932068
-0.3860720992088318
-0.9472470283508301
-0.38536784052848816
-0.938381552696228
-0.3708331286907196
-0.9303461909294128
-0.3580649197101593
-0.9224725365638733
-0.3486892879009247
-0.9152696132659912
-0.3388111889362335
-0.9077248573303223
-0.33398082852363586
-0.9143728613853455
-0.34917691349983215
-0.9004622101783752
-0.33927127718925476
-0.8884069323539734
-0.33088386058807373
-0.8797362446784973
-0.32680878043174744
-0.8698866963386536
-0.3151704967021942
-0.8642480373382568
-0.3178867995738983
-0.855283260345459
-0.31448042392730713
-0.8463397026062012
-0.30541709065437317
-0.8373048305511475
-0.30245542526245117
-0.8288467526435852
-0.2942464351654053
-0.819893479347229
-0.2934972047805786
-0.8107290863990784
-0.2913418412208557
-0.8078659772872925
-0.28440776467323303
-0.7995976209640503
-0.2773895561695099
-0.7882084250450134
-0.27200132608413696
-0.7812588214874268
-0.2837689518928528
-0.7682215571403503
-0.28160202503204346
-0.7542952299118042
-0.2798585295677185
-0.7455093264579773
-0.2791672348976135
-0.7367336750030518
-0.27842018008232117
-0.7357445359230042
-0.2801666557788849
-0.7203763723373413
-0.27176976203918457
-0.7116924524307251
-0.2713260352611542
-0.7074460983276367
-0.26393312215805054
-0.7048072218894958
-0.276126503944397
-0.6891589164733887
-0.27270495891571045
-0.680659294128418
-0.2725776433944702
-0.6782400608062744
-0.25909560918807983
-0.6649104356765747
-0.2559417188167572
-0.6565517783164978
-0.2561342120170593
-0.654119610786438
-0.26987940073013306
-0.6390312910079956
-0.2698444128036499
-0.6292163729667664
-0.2718241810798645
-0.6157675981521606
-0.2703944444656372
-0.603197455406189
-0.26782581210136414
-0.5891659259796143
-0.26015034317970276
-0.5814992189407349
-0.26036104559898376
-0.5759701132774353
-0.2679499089717865
-0.568160891532898
-0.2681851387023926
-0.5680789351463318
-0.27949267625808716
-0.5567483901977539
-0.27854883670806885
-0.5337891578674316
-0.2790120244026184
-0.5203409194946289
-0.2822589576244354
-0.5129481554031372
-0.28208819031715393
-0.5093607902526855
-0.28996142745018005
-0.5018067359924316
-0.28948917984962463
-0.481185644865036
-0.28827929496765137
-0.4627115726470947
-0.2851061224937439
-0.45592114329338074
-0.2842828929424286
-0.44832879304885864
-0.292012095451355
-0.4356149137020111
-0.29185211658477783
-0.42157047986984253
-0.28626036643981934
-0.4109656512737274
-0.2876836657524109
-0.404140830039978
-0.2820408046245575
-0.3917349576950073
-0.28155964612960815
-0.37932974100112915
-0.28062450885772705
-0.37137874960899353
-0.28243109583854675
-0.3648693263530731
-0.286518931388855
-0.3555624485015869
-0.28400713205337524
-0.349685400724411
-0.28175488114356995
-0.34377649426460266
-0.2795131504535675
-0.3340885043144226
-0.28025832772254944
-0.32775911688804626
-0.27860933542251587
-0.32526785135269165
-0.2768222391605377
-0.31950807571411133
-0.2742043733596802
-0.3130580484867096
-0.2745407819747925
-0.30741143226623535
-0.27172839641571045
-0.3020539879798889
-0.27126213908195496
-0.2967970073223114
-0.26702040433883667
-0.2913128435611725
-0.26395338773727417
-0.28714802861213684
-0.26001471281051636
-0.28337526321411133
-0.25973939895629883
-0.27644675970077515
-0.2520873248577118
-0.27191874384880066
-0.2503533363342285
-0.2678631544113159
-0.24756471812725067
-0.2623871862888336
-0.24419352412223816
-0.26045992970466614
-0.24604050815105438
-0.2569142282009125
-0.24387922883033752
-0.253135621547699
-0.24068009853363037
-0.24741069972515106
-0.23718522489070892
-0.24618908762931824
-0.23934689164161682
-0.2419344037771225
-0.2367362678050995
-0.23644748330116272
-0.2332281768321991
-0.23101750016212463
-0.2298772633075714
-0.22487391531467438
-0.2263532280921936
-0.22077226638793945
-0.22104598581790924
-0.21645668148994446
-0.22215276956558228
-0.20942719280719757
-0.21335631608963013
-0.20327843725681305
-0.20824933052062988
-0.1968226283788681
-0.20492331683635712
-0.19371888041496277
-0.2047773003578186
-0.18709169328212738
-0.20145858824253082
-0.18566444516181946
-0.1954580843448639
-0.1780833899974823
-0.1922297328710556
-0.17116887867450714
-0.18910683691501617
-0.16736876964569092
-0.18244963884353638
-0.16018034517765045
-0.17948465049266815
-0.1576259285211563
-0.17525970935821533
-0.15137776732444763
-0.1730792373418808
-0.14494852721691132
-0.16830767691135406
-0.13680499792099
-0.16611452400684357
-0.129055917263031
-0.1640697717666626
-0.12424946576356888
-0.15918120741844177
-0.11607630550861359
-0.1526491791009903
-0.10770516842603683
-0.15272876620292664
-0.09952998161315918
-0.15119990706443787
-0.09156578779220581
-0.15037862956523895
-0.0836498811841011
-0.14475208520889282
-0.08214903622865677
-0.14444352686405182
-0.07407817244529724
-0.14410972595214844
-0.07460351288318634
-0.1378934383392334
-0.07622376084327698
-0.13831481337547302
-0.06777323782444
-0.13824468851089478
-0.07084348797798157
-0.14120346307754517
-0.062227215617895126
-0.14129868149757385
-0.07049279659986496
-0.14403289556503296
-0.06145752966403961
-0.14412569999694824
-0.07885994017124176
-0.15675108134746552
-0.0692671537399292
-0.15677160024642944
-0.07270313799381256
-0.15024088323116302
-0.0853261649608612
-0.16070304811000824
-0.08029868453741074
-0.1528715044260025
-0.07720346003770828
-0.14807868003845215
-0.08599727600812912
-0.15957066416740417
-0.09119375050067902
-0.16667239367961884
-0.08346392214298248
-0.1567033976316452
-0.07251352071762085
-0.15712276101112366
-0.07841391861438751
-0.14661449193954468
-0.07980924099683762
-0.1472545564174652
-0.0684160590171814
-0.14739848673343658
-0.06854251772165298
-0.14469492435455322
-0.06796617060899734
-0.1430361568927765
-0.05618459731340408
-0.143062561750412
-0.06074736639857292
-0.14027340710163116
-0.048754867166280746
-0.14030779898166656
-0.05625740438699722
-0.1386101394891739
-0.07760080695152283
-0.14462564885616302
-0.06499286741018295
-0.14483395218849182
-0.07941100001335144
-0.1575639545917511
-0.06639333814382553
-0.1580592393875122
-0.09533914178609848
-0.16985774040222168
-0.08180107176303864
-0.1702912151813507
-0.06157928332686424
-0.14115816354751587
-0.04828575998544693
-0.14058846235275269
-0.03529271483421326
-0.1399761587381363
-0.04614457115530968
-0.13993436098098755
-0.053687870502471924
-0.14396566152572632
-0.03978133201599121
-0.14304031431674957
-0.043891146779060364
-0.15008673071861267
-0.029996704310178757
-0.14870615303516388
-0.01593821495771408
-0.12997637689113617
0.0009098062291741371
-0.1361113339662552
0.014299998059868813
-0.1341029852628708
0.03844134137034416
-0.12594854831695557
0.0651325061917305
-0.1309669017791748
0.11442108452320099
-0.1183176040649414
0.12470389157533646
-0.11549640446901321
0.17387700080871582
-0.09571142494678497
0.2121472805738449
-0.08741382509469986
0.2551373243331909
-0.0711897686123848
0.3044235408306122
-0.05726847052574158
0.3115455210208893
-0.0542660690844059
0.3477080762386322
-0.04024597257375717
0.39667150378227234
-0.0202645156532526
0.4014950096607208
-0.018045004457235336
0.4388217329978943
0.021127521991729736
0.4728437066078186
0.029004670679569244
0.5210866928100586
0.03790830448269844
0.5239282250404358
0.039414968341588974
0.5610164403915405
0.06736818701028824
0.5938771963119507
0.0797078013420105
0.5957621932029724
0.08075792342424393
0.5982674360275269
0.08214597404003143
0.6432456970214844
0.12112900614738464
0.6738188862800598
0.16315120458602905
0.7021259069442749
0.13320215046405792
0.7030031085014343
0.13366006314754486
0.7210948467254639
0.15167196094989777
0.7462393045425415
0.16379772126674652
0.7720582485198975
0.17285270988941193
0.798747718334198
0.17505700886249542
0.7984760999679565
0.17493724822998047
0.8205438852310181
0.17491601407527924
0.8270217180252075
0.18366222083568573
0.8360118269920349
0.18494072556495667
0.8410025835037231
0.1933995634317398
0.8450629711151123
0.19259856641292572
0.8445051312446594
0.19243942201137543
0.8425031304359436
0.19726626574993134
0.8423762917518616
0.1972316950559616
0.852196216583252
0.21114253997802734
0.8486032485961914
0.20686572790145874
0.8488993644714355
0.20693586766719818
0.8564583659172058
0.21712160110473633
0.8585211038589478
0.2218349277973175
0.8500456213951111
0.20854562520980835
0.8510289192199707
0.20875200629234314
0.8478745818138123
0.2015095055103302
0.8490086793899536
0.197450652718544
0.8469699025154114
0.19470880925655365
0.8488260507583618
0.19516274333000183
0.8521000742912292
0.1919344961643219
0.8489154577255249
0.19014278054237366
0.8511923551559448
0.19073180854320526
0.8537070751190186
0.18927879631519318
0.8517317175865173
0.1891101896762848
0.8545619249343872
0.18986423313617706
0.8545455932617188
0.18713228404521942
0.8544467091560364
0.18907487392425537
0.8536233901977539
0.19005157053470612
0.8513917326927185
0.18950600922107697
0.8549772500991821
0.190440833568573
0.8552121520042419
0.19120416045188904
0.8496268391609192
0.19000352919101715
0.8510764837265015
0.1888674646615982
0.8509329557418823
0.18801134824752808
0.8556076884269714
0.1891958862543106
0.8534242510795593
0.18870189785957336
0.858492910861969
0.1899750977754593
0.8539995551109314
0.18983648717403412
0.859470009803772
0.19104032218456268
0.8585757613182068
0.19043269753456116
0.8520758748054504
0.18761497735977173
0.8523615002632141
0.1873479187488556
0.8515611886978149
0.18704333901405334
0.8506011962890625
0.18651647865772247
0.8570411801338196
0.18810629844665527
0.8569130897521973
0.18804024159908295
0.8636532425880432
0.18974637985229492
0.8626999855041504
0.18959280848503113
0.8566480875015259
0.18866533041000366
0.8638843894004822
0.19046863913536072
0.8618894219398499
0.18793904781341553
0.859473705291748
0.18782146275043488
0.8580147624015808
0.18652212619781494
0.8574880361557007
0.18828879296779633
0.8656675815582275
0.19025258719921112
0.865333616733551
0.18998000025749207
0.8737451434135437
0.1919764280319214
0.8708454966545105
0.19095051288604736
0.8686326146125793
0.19042560458183289
0.8775347471237183
0.1925337165594101
0.8772038221359253
0.19061177968978882
0.8863391280174255
0.19277743995189667
0.8827320337295532
0.19079576432704926
0.8726688623428345
0.19978545606136322
0.872686505317688
0.19850829243659973
0.8767318725585938
0.19623976945877075
0.8742799758911133
0.20294205844402313
0.8846586346626282
0.2054772824048996
0.8866206407546997
0.19842925667762756
0.8810460567474365
0.20592127740383148
0.8817956447601318
0.21211203932762146
0.888070821762085
0.20565636456012726
0.8988572359085083
0.2086804062128067
0.9091124534606934
0.24191583693027496
0.905987024307251
0.23371674120426178
0.9208047389984131
0.2229161262512207
0.9323734641075134
0.21288031339645386
0.9460911154747009
0.20676572620868683
0.9565684199333191
0.20987257361412048
0.9360433220863342
0.22640392184257507
0.9482599496841431
0.22488099336624146
0.9562976956367493
0.2338787019252777
0.9812487363815308
0.22963258624076843
1.0057164430618286
0.23112152516841888
1.0157419443130493
0.23449395596981049
1.0368958711624146
0.2430151402950287
1.0489848852157593
0.2668808400630951
1.0510369539260864
0.2789995074272156
1.0608242750167847
0.2825528085231781
1.0743143558502197
0.2929525673389435
1.0824302434921265
0.29625341296195984
1.0921295881271362
0.2997562289237976
1.1043217182159424
0.3083357512950897
1.119449496269226
0.29495906829833984
1.1462029218673706
0.2954099476337433
1.1550207138061523
0.2988935112953186
1.1764459609985352
0.29172155261039734
1.185090184211731
0.2950487732887268
1.1708259582519531
0.3124147355556488
1.2106177806854248
0.3224058449268341
1.22013521194458
0.31957805156707764
1.228538990020752
0.3229980766773224
1.2480088472366333
0.3212566673755646
1.2560274600982666
0.3247269093990326
1.2406949996948242
0.33555421233177185
1.2646801471710205
0.3426731526851654
1.2726353406906128
0.3462621569633484
1.2789480686187744
0.34421443939208984
1.2946220636367798
0.35675251483917236
1.3171195983886719
0.3477187752723694
1.3416399955749512
0.38120079040527344
1.345579981803894
0.35466697812080383
1.352034091949463
0.3522651791572571
1.361314296722412
0.3707214593887329
1.3702107667922974
0.3675534725189209
1.3777048587799072
0.371041476726532
1.3756678104400635
0.3820684850215912
1.4048491716384888
0.41517651081085205
1.4054821729660034
0.4137316942214966
1.4146445989608765
0.41744279861450195
1.4256454706192017
0.4064251780509949
1.432910442352295
0.4100726246833801
1.4536367654800415
0.43840810656547546
1.4606363773345947
0.44211575388908386
1.464627742767334
0.4055740237236023
1.4570475816726685
0.41382184624671936
1.4644476175308228
0.41788554191589355
1.450034737586975
0.41709211468696594
1.4750429391860962
0.41607844829559326
1.482654094696045
0.42000314593315125
1.4744203090667725
0.4285065233707428
1.4851224422454834
0.4417319893836975
1.4970157146453857
0.4315800666809082
1.5046067237854004
0.4357374310493469
1.4960469007492065
0.4315049648284912
1.5038961172103882
0.43567997217178345
1.5117955207824707
0.4399835765361786
1.5066051483154297
0.4494154155254364
1.5145049095153809
0.45450854301452637
1.5355536937713623
0.4837602972984314
1.551095962524414
0.502564549446106
1.5583194494247437
0.4744431674480438
1.5606286525726318
0.4823617935180664
1.5600980520248413
0.4435839056968689
1.567848563194275
0.4485898017883301
1.5894685983657837
0.47300246357917786
1.5968663692474365
0.47803425788879395
1.5943666696548462
0.48727574944496155
1.6068133115768433
0.47359800338745117
1.6276061534881592
0.49568694829940796
1.6286898851394653
0.5069151520729065
1.6357100009918213
0.5124951601028442
1.612938404083252
0.5162668824195862
1.6198827028274536
0.5229262113571167
1.6339844465255737
0.5126793384552002
1.6548261642456055
0.5027944445610046
1.6597201824188232
0.5233670473098755
1.6785939931869507
0.5112475156784058
1.6851409673690796
0.5176865458488464
1.706870436668396
0.5454491376876831
1.7044508457183838
0.5457485318183899
1.710539698600769
0.5525842905044556
1.681054949760437
0.563290536403656
1.6975022554397583
0.5583438277244568
1.6930105686187744
0.5693227052688599
1.7210338115692139
0.5636931657791138
1.7180728912353516
0.5700011849403381
1.7272260189056396
0.5761579871177673
1.7323508262634277
0.5843889713287354
1.7290441989898682
0.5865842700004578
1.7341622114181519
0.556342363357544
1.7392127513885498
0.5649136304855347
1.7323328256607056
0.5935794711112976
1.7478184700012207
0.6092703938484192
1.7463470697402954
0.6209028363227844
1.7509238719940186
0.6297994256019592
1.776469349861145
0.6267093420028687
1.7962902784347534
0.6302847862243652
1.7745695114135742
0.6499869227409363
1.7789005041122437
0.6589403748512268
1.7503767013549805
0.681921124458313
1.7545493841171265
0.6912669539451599
1.7839207649230957
0.6918417811393738
1.7880585193634033
0.7011120915412903
1.798765778541565
0.7027485370635986
1.8217921257019043
0.6972026228904724
1.8069217205047607
0.7082951068878174
1.8292568922042847
0.704079806804657
1.8335708379745483
0.7131308317184448
1.86272394657135
0.7623224258422852
1.8522087335586548
0.7622804641723633
1.8780009746551514
0.8423954248428345
1.881935477256775
0.8509930968284607
1.8859246969223022
0.8161641955375671
1.8899837732315063
0.8248172402381897
1.8331624269485474
0.8224202990531921
1.859720230102539
0.8036036491394043
1.8642513751983643
0.8125260472297668
1.8686776161193848
0.8214074969291687
1.8862196207046509
0.8127303719520569
1.8976305723190308
0.8031923770904541
1.9069358110427856
0.8025875091552734
1.9124144315719604
0.811669111251831
1.896667718887329
0.8404945135116577
1.901648998260498
0.8485878705978394
1.8847917318344116
0.8404815793037415
1.8811265230178833
0.8004481792449951
1.9256426095962524
0.8807231783866882
1.931523323059082
0.8889727592468262
1.9427930116653442
0.8831213116645813
1.9477663040161133
0.8900957107543945
1.8880412578582764
0.9129853248596191
1.9054349660873413
0.9162279963493347
1.9188166856765747
0.9182416796684265
1.9481838941574097
0.934779703617096
1.9529876708984375
0.9420509934425354
1.9394028186798096
0.8848350644111633
1.9442665576934814
0.8920238614082336
1.9490220546722412
0.8993019461631775
1.9791245460510254
0.9213334321975708
2.001619577407837
0.9385736584663391
1.9719403982162476
0.9516216516494751
1.9568098783493042
0.9633156061172485
1.9965890645980835
0.9715810418128967
2.0005478858947754
0.9780277013778687
1.9777830839157104
0.9929289817810059
1.9890192747116089
1.0164886713027954
1.9976521730422974
1.020967960357666
2.001044511795044
1.0288118124008179
1.9508216381072998
1.0528440475463867
1.9219770431518555
1.0691713094711304
1.9873582124710083
1.0588037967681885
1.990105390548706
1.0673073530197144
2.031068801879883
1.062232494354248
2.032097339630127
1.0969053506851196
2.0343105792999268
1.10529625415802
2.0350699424743652
1.1070507764816284
2.0368499755859375
1.1159063577651978
2.038489818572998
1.1248217821121216
2.0672292709350586
1.1281026601791382
2.0687952041625977
1.136667013168335
1.9996670484542847
1.142626404762268
2.0612361431121826
1.165109634399414
2.0620524883270264
1.1743297576904297
2.0627238750457764
1.1836751699447632
2.061683416366577
1.176054835319519
2.041696548461914
1.0824265480041504
2.041288137435913
1.0925917625427246
2.0604822635650635
1.1538541316986084
2.0334084033966064
1.1605576276779175
1.9796967506408691
1.1917167901992798
2.0109481811523438
1.2005882263183594
2.0089471340179443
1.2109750509262085
2.075817346572876
1.280245304107666
2.044311046600342
1.2537041902542114
2.0556812286376953
1.2782539129257202
2.1046149730682373
1.3313400745391846
2.10214900970459
1.3419466018676758
2.1313815116882324
1.3788182735443115
2.1004557609558105
1.3427472114562988
2.0971474647521973
1.353672981262207
2.0109856128692627
1.3377586603164673
2.051867961883545
1.3229316473007202
2.048018455505371
1.33356511592865
2.0175490379333496
1.315576195716858
2.013089656829834
1.3260761499404907
2.0729587078094482
1.3954931497573853
2.090052366256714
1.368645191192627
2.097888469696045
1.3576475381851196
2.042783498764038
1.3511279821395874
2.037196397781372
1.36204993724823
2.0313782691955566
1.3729788064956665
1.9695903062820435
1.3933614492416382
1.9637237787246704
1.4036463499069214
1.9577553272247314
1.4137516021728516
1.9516247510910034
1.4237892627716064
1.9416515827178955
1.4121946096420288
1.9550749063491821
1.4502568244934082
1.9931249618530273
1.4479032754898071
1.9534927606582642
1.4431214332580566
1.9376649856567383
1.470624327659607
1.9305073022842407
1.4804353713989258
1.990281105041504
1.5671273469924927
1.9057462215423584
1.5555845499038696
1.8861687183380127
1.5410329103469849
1.8364193439483643
1.547263264656067
1.8396928310394287
1.5412262678146362
1.8324552774429321
1.549946665763855
1.9189237356185913
1.62911057472229
1.9106310606002808
1.6387861967086792
1.9623397588729858
1.6886322498321533
1.9883151054382324
1.7269927263259888
1.975720763206482
1.6842989921569824
1.9657118320465088
1.6944319009780884
1.9761637449264526
1.749208688735962
1.919150710105896
1.7185728549957275
1.9115066528320312
1.7002363204956055
1.9020215272903442
1.6939383745193481
1.8911551237106323
1.7030315399169922
1.880112648010254
1.7119752168655396
1.8689216375350952
1.7207518815994263
1.8153823614120483
1.6935945749282837
1.734203577041626
1.7077250480651855
1.7244101762771606
1.7152868509292603
1.761844515800476
1.7258965969085693
1.7796695232391357
1.7356723546981812
1.7684943675994873
1.7432892322540283
1.6899558305740356
1.7511138916015625
1.7310799360275269
1.7563600540161133
1.6504377126693726
1.7699717283248901
1.6438312530517578
1.7569901943206787
1.6336778402328491
1.7629896402359009
1.6119663715362549
1.787349820137024
1.6016619205474854
1.7927751541137695
1.5913407802581787
1.7980564832687378
1.6360135078430176
1.8066892623901367
1.6485064029693604
1.819625735282898
1.636278510093689
1.8253695964813232
1.6413840055465698
1.8346340656280518
1.5665260553359985
1.8344460725784302
1.556264877319336
1.8389922380447388
1.5131314992904663
1.8400408029556274
1.5469380617141724
1.8537565469741821
1.5350250005722046
1.8584586381912231
1.5483769178390503
1.8695604801177979
1.4856632947921753
1.8678011894226074
1.494941234588623
1.8748778104782104
1.4833685159683228
1.8787716627120972
1.4975738525390625
1.890401005744934
1.496771216392517
1.9001221656799316
1.4969431161880493
1.908570647239685
1.4841939210891724
1.9116195440292358
1.4714503288269043
1.9145170450210571
1.3957706689834595
1.9098526239395142
1.44501531124115
1.9769678115844727
1.431525468826294
1.9788281917572021
1.4231796264648438
1.961093544960022
1.3458396196365356
1.9431757926940918
1.3353357315063477
1.944252371788025
1.2970274686813354
1.930879831314087
1.3409713506698608
1.9417698383331299
1.329357385635376
1.9428553581237793
1.2756768465042114
1.9578614234924316
1.2976197004318237
1.9453495740890503
1.2977218627929688
1.9430961608886719
1.334326982498169
2.0063998699188232
1.3226845264434814
2.0085718631744385
1.3377530574798584
2.054453134536743
1.3056529760360718
1.9874111413955688
1.3028912544250488
1.9914661645889282
1.29092538356781
1.9836586713790894
1.289245843887329
1.9771746397018433
1.2260990142822266
1.956063985824585
1.2192450761795044
1.9485162496566772
1.1766525506973267
1.9352883100509644
1.144954800605774
1.9282805919647217
1.1640512943267822
1.9385942220687866
1.1527302265167236
1.9352517127990723
1.1415680646896362
1.9319860935211182
1.1606836318969727
1.941447138786316
1.14486825466156
1.9629982709884644
1.1675658226013184
1.8158735036849976
1.1578021049499512
1.823150396347046
1.2078311443328857
1.9387966394424438
1.16348397731781
1.9279985427856445
1.2048985958099365
1.9851433038711548
1.2272062301635742
2.01847767829895
1.2146276235580444
2.011594295501709
1.2014691829681396
2.0046212673187256
1.1882940530776978
1.9978325366973877
1.1809682846069336
1.9797675609588623
1.1756170988082886
1.9673649072647095
1.157467007637024
1.9555749893188477
1.1613798141479492
1.9521434307098389
1.1448655128479004
1.9501439332962036
1.169229507446289
1.917348027229309
1.1313830614089966
1.9206767082214355
1.1464534997940063
1.928149938583374
1.1353654861450195
1.9131739139556885
1.1009156703948975
1.909134864807129
1.1469335556030273
1.9675610065460205
1.1572567224502563
1.9380214214324951
1.1371674537658691
1.9494789838790894
1.1284664869308472
1.9547473192214966
1.1168733835220337
1.9314823150634766
1.1117706298828125
1.9217748641967773
1.078717827796936
1.9137964248657227
1.0784380435943604
1.9264819622039795
1.0690633058547974
1.933487057685852
1.027258276939392
1.9323314428329468
1.0025181770324707
1.9283525943756104
0.992183268070221
1.9323673248291016
0.9937055706977844
1.943074345588684
1.0147994756698608
1.9912570714950562
1.0026215314865112
1.9948151111602783
0.9797394275665283
1.9544651508331299
0.9772010445594788
1.958877444267273
0.9570629596710205
1.9559595584869385
0.9553378224372864
1.9599978923797607
0.945511519908905
1.9636048078536987
0.9556697607040405
1.851772665977478
0.9224472641944885
1.8870776891708374
0.8984897136688232
1.9088551998138428
0.9076715111732483
1.9363505840301514
0.899066686630249
1.9402005672454834
0.8897395730018616
1.952661156654358
0.8811173439025879
1.9563276767730713
0.8824040293693542
1.9683881998062134
0.8738046884536743
1.9720548391342163
0.8522223830223083
1.9722530841827393
0.844244658946991
1.9755773544311523
0.8825403451919556
2.0239293575286865
0.8761878609657288
2.0189690589904785
0.8499282002449036
2.0252227783203125
0.8408557772636414
2.0284833908081055
0.8313668370246887
2.0317132472991943
0.8313654661178589
2.03100323677063
0.8537057638168335
2.0680859088897705
0.8584119081497192
2.0941483974456787
0.8461067080497742
2.0962469577789307
0.8077242374420166
2.0714964866638184
0.7963111996650696
2.0732786655426025
0.7616785168647766
2.054143190383911
0.7360309958457947
2.065336227416992
0.7254936099052429
2.05727219581604
0.6970469951629639
2.0665550231933594
0.7344985008239746
2.1108245849609375
0.7198299765586853
2.05741548538208
0.6930505633354187
2.043513536453247
0.6820168495178223
2.035221815109253
0.668308675289154
2.048858642578125
0.6400400996208191
2.041930675506592
0.6274767518043518
2.037501096725464
0.6162742972373962
2.032073497772217
0.5929011106491089
2.0491106510162354
0.5877993106842041
2.0408287048339844
0.5842465162277222
2.043515682220459
0.5738380551338196
2.037381649017334
0.5636278390884399
2.0312001705169678
0.5670969486236572
2.02797794342041
0.5688050985336304
2.0286359786987305
0.5585734248161316
2.0220000743865967
0.5541918277740479
2.021009683609009
0.5648866891860962
2.043808937072754
0.5581739544868469
2.0337207317352295
0.5526184439659119
2.0348384380340576
0.5429563522338867
2.0267879962921143
0.5309889912605286
2.014082670211792
0.519864559173584
2.002131462097168
0.5124126672744751
1.9941234588623047
0.5243992209434509
2.019458055496216
0.5077517628669739
2.005089521408081
0.499307245016098
1.9963130950927734
0.49096235632896423
1.9876000881195068
0.48276805877685547
1.9789831638336182
0.49257105588912964
1.8767733573913574
0.4838191866874695
1.8684592247009277
0.4753269553184509
1.8603204488754272
0.4669969081878662
1.8522485494613647
0.4588085412979126
1.8442201614379883
0.486838161945343
1.9211785793304443
0.4771306812763214
1.9444019794464111
0.4590334892272949
1.9431990385055542
0.4463101625442505
1.9409903287887573
0.434749573469162
1.9343055486679077
0.42671704292297363
1.9257231950759888
0.38331863284111023
1.9000465869903564
0.37551647424697876
1.8871345520019531
0.3679971992969513
1.879391074180603
0.36061930656433105
1.8716508150100708
0.35339975357055664
1.8639335632324219
0.3545278310775757
1.8635221719741821
0.34706786274909973
1.8558990955352783
0.341521680355072
1.8485289812088013
0.34431320428848267
1.8493547439575195
0.34366750717163086
1.8477145433425903
0.3309762477874756
1.8365055322647095
0.3165215253829956
1.8240240812301636
0.30579134821891785
1.814905047416687
0.2983541786670685
1.808677315711975
0.29027289152145386
1.8017520904541016
0.28360626101493835
1.7962754964828491
0.2755148112773895
1.7894396781921387
0.2660037875175476
1.781410813331604
0.2583340108394623
1.7773224115371704
0.2512834072113037
1.7717342376708984
0.23837023973464966
1.762272834777832
0.23561781644821167
1.7609254121780396
0.18924781680107117
1.7322901487350464
0.19187650084495544
1.733244776725769
0.1857265681028366
1.728266716003418
0.182053804397583
1.7242332696914673
0.1760367900133133
1.7191658020019531
0.16798412799835205
1.7143137454986572
0.16796717047691345
1.7154350280761719
0.15863856673240662
1.7080917358398438
0.14864982664585114
1.6999555826187134
0.14493224024772644
1.696972131729126
0.13991495966911316
1.695199966430664
0.1343390792608261
1.6900206804275513
0.1319197714328766
1.6899009943008423
0.1263933628797531
1.684788465499878
0.11982390284538269
1.6828035116195679
0.11752627789974213
1.6804206371307373
0.1100839376449585
1.6762144565582275
0.1033145934343338
1.671675443649292
0.0981508195400238
1.6661548614501953
0.09604979306459427
1.665321707725525
0.08641287684440613
1.658110499382019
0.08154197037220001
1.6521230936050415
0.04880376532673836
1.6326497793197632
0.04503016918897629
1.6241129636764526
0.040984589606523514
1.6173139810562134
0.036830004304647446
1.6117050647735596
0.03294062241911888
1.604382038116455
0.028552483767271042
1.6008975505828857
0.021565614268183708
1.5930427312850952
0.014602950774133205
1.5850963592529297
0.011793714016675949
1.5769166946411133
0.013869008049368858
1.5823403596878052
0.011228872463107109
1.5832772254943848
0.007371396757662296
1.5752819776535034
0.0019718154799193144
1.5698086023330688
0.00032971586915664375
1.560988426208496
-0.00228883046656847
1.5531961917877197
-0.0035618627443909645
1.5441051721572876
-0.01021359208971262
1.5427314043045044
-0.01310320757329464
1.537180781364441
-0.013760332949459553
1.5279617309570312
-0.012206810526549816
1.5183720588684082
-0.01475785207003355
1.5187959671020508
-0.014771010726690292
1.5094465017318726
-0.017978103831410408
1.5061646699905396
-0.018070513382554054
1.4968276023864746
-0.02227887511253357
1.4965031147003174
-0.02312558703124523
1.495115876197815
-0.023574257269501686
1.4862138032913208
-0.023750752210617065
1.4750702381134033
-0.026084350422024727
1.4722309112548828
-0.02537054941058159
1.4628443717956543
-0.021788662299513817
1.4572746753692627
-0.02130136638879776
1.4497380256652832
-0.01981029100716114
1.4388216733932495
-0.02290652133524418
1.4331855773925781
-0.021512892097234726
1.4239140748977661
-0.013634870760142803
1.4228609800338745
-0.006510780192911625
1.393648624420166
-0.004893657751381397
1.3732171058654785
-0.002961041871458292
1.3642854690551758
-0.0055464175529778
1.3517730236053467
-0.005879959091544151
1.325217843055725
-0.0026224469766020775
1.3124046325683594
-0.0005120087880641222
1.3037135601043701
0.0036516280379146338
1.2836579084396362
0.005739836022257805
1.27507746219635
0.00398465758189559
1.2558356523513794
0.01727988012135029
1.24711012840271
0.02758498303592205
1.2349169254302979
0.029712513089179993
1.22653067111969
0.0354871042072773
1.2190594673156738
0.04108358919620514
1.2061374187469482
0.04857733100652695
1.1900818347930908
0.04648546129465103
1.1679136753082275
0.05764724314212799
1.1591309309005737
0.061068709939718246
1.1569902896881104
0.0628243014216423
1.1487640142440796
0.06739712506532669
1.1316330432891846
0.06989023089408875
1.1159967184066772
0.08231792598962784
1.0955839157104492
0.08349461108446121
1.0872015953063965
0.062289927154779434
1.068166971206665
0.06352116167545319
1.0598045587539673
0.068773053586483
1.0639150142669678
0.06970255821943283
1.0554312467575073
0.07054238021373749
1.0469259023666382
0.06471548229455948
1.0334793329238892
0.06170514225959778
1.025270700454712
0.06191130727529526
1.0164765119552612
0.05554961413145065
0.9927135705947876
0.055938720703125
0.9841524958610535
0.06419689208269119
0.989332914352417
0.06703876703977585
0.976786196231842
0.06689850240945816
0.9678571224212646
0.06514719128608704
0.9612425565719604
0.06509599834680557
0.9518977999687195
0.07047392427921295
0.9510163068771362
0.07457322627305984
0.9442876577377319
0.06443315744400024
0.924328088760376
0.054429709911346436
0.9125767946243286
0.05364110320806503
0.9038933515548706
0.06335645169019699
0.9043700098991394
0.06285502016544342
0.8946123123168945
0.06747306883335114
0.8943502306938171
0.07028603553771973
0.8874679207801819
0.06870998442173004
0.8787781596183777
0.06713000684976578
0.8701207041740417
0.06487087905406952
0.8645066618919373
0.06676044315099716
0.8611916899681091
0.0696297213435173
0.8573155999183655
0.06288710981607437
0.837069034576416
0.06075968220829964
0.8285998702049255
0.05693864822387695
0.8199215531349182
0.05820641666650772
0.8160545825958252
0.059841763228178024
0.8092644810676575
0.05364733561873436
0.7886292934417725
0.0520099513232708
0.7823589444160461
0.049346040934324265
0.7741819620132446
0.03773404657840729
0.7488009333610535
0.03657705709338188
0.7373988628387451
0.03396323323249817
0.729381799697876
0.03615662828087807
0.7255390882492065
0.03294225409626961
0.7136592268943787
0.02267746813595295
0.6990887522697449
0.01986277662217617
0.69129478931427
0.02163107506930828
0.6893607378005981
0.019025880843400955
0.6892108917236328
0.016193028539419174
0.6814574599266052
0.005536447279155254
0.6649940013885498
0.005466181319206953
0.6642716526985168
0.002972217043861747
0.651543915271759
0.00047409156104549766
0.643717885017395
0.002299950458109379
0.6429787874221802
-0.00019351931405253708
0.6351420283317566
-0.004635064397007227
0.629771888256073
-0.010838630609214306
0.6217545866966248
-0.013035262934863567
0.6138290762901306
-0.016156278550624847
0.6072856783866882
-0.01712050475180149
0.6070608496665955
-0.007699068170040846
0.5994883179664612
-0.009736643172800541
0.5914663672447205
-0.013541613705456257
0.5858817100524902
-0.008431612513959408
0.5757042169570923
-0.01838851533830166
0.5712035298347473
-0.019948013126850128
0.5630242228507996
-0.018353113904595375
0.5516800880432129
-0.025873498991131783
0.5395658612251282
-0.034364696592092514
0.5170875787734985
-0.03524726629257202
0.5088897943496704
-0.0360838808119297
0.5007179379463196
-0.0442604161798954
0.5069239735603333
-0.049002211540937424
0.4962135851383209
-0.04962128400802612
0.4880443513393402
-0.06470145285129547
0.46373414993286133
-0.06222150847315788
0.45834678411483765
-0.0624026320874691
0.4501955211162567
-0.06526445597410202
0.44591566920280457
-0.06259285658597946
0.4359593093395233
-0.057477351278066635
0.4311908483505249
-0.05535067245364189
0.4200496971607208
-0.05810801684856415
0.4155508577823639
-0.057382989674806595
0.4034879207611084
-0.062040165066719055
0.38727471232414246
-0.06424900144338608
0.3603318929672241
-0.06304676830768585
0.35242563486099243
-0.07467882335186005
0.3366619944572449
-0.07364406436681747
0.32877156138420105
-0.08090127259492874
0.3106967806816101
-0.07980260252952576
0.3028554618358612
-0.08376125246286392
0.2997629642486572
-0.0712326243519783
0.29052993655204773
-0.06721403449773788
0.27889442443847656
-0.06326483935117722
0.2828251123428345
-0.06176026538014412
0.2752096354961395
-0.054008904844522476
0.2702314257621765
-0.047245677560567856
0.2701925039291382
-0.04547589272260666
0.2657128870487213
-0.04497293010354042
0.25753816962242126
-0.043278247117996216
0.2501417100429535
-0.04916500672698021
0.23715993762016296
-0.047414302825927734
0.22976824641227722
-0.04355890303850174
0.2224658876657486
-0.049497559666633606
0.21162226796150208
-0.04778650775551796
0.20432889461517334
-0.05423611029982567
0.19293567538261414
-0.04586789757013321
0.19268928468227386
-0.028528420254588127
0.17703595757484436
-0.0268411785364151
0.16899079084396362
-0.02533051185309887
0.16219723224639893
-0.025880852714180946
0.16189034283161163
-0.024447491392493248
0.15478911995887756
-0.02205817401409149
0.1505495011806488
-0.022144043818116188
0.14364857971668243
-0.010940447449684143
0.12719550728797913
-0.00800984725356102
0.11510562896728516
0.00037819985300302505
0.09970910102128983
-0.0017595835961401463
0.09264896810054779
-0.0009464553440921009
0.08553040772676468
0.00016584373952355236
0.07546249032020569
0.004164803773164749
0.06927096098661423
0.004749288782477379
0.06217694655060768
0.005328369792550802
0.05136840045452118
0.008720342069864273
0.048680976033210754
0.009340373799204826
0.036751244217157364
0.009571424685418606
0.029659105464816093
0.010473391972482204
0.023026851937174797
0.01092541590332985
0.0168415866792202
0.01129315234720707
0.015412239357829094
0.01227476168423891
0.009031074121594429
0.0134079959243536
0.003596327267587185
0.013279308564960957
-0.01466615591198206
0.012653057463467121
-0.021680843085050583
0.01288243941962719
-0.031162114813923836
0.012121496722102165
-0.03813059628009796
-0.00018503758474253118
-0.04809107258915901
0.003040805459022522
-0.051437076181173325
0.0021266646217554808
-0.05832291394472122
0.0012232091976329684
-0.06518187373876572
0.0029363848734647036
-0.07113722711801529
0.004353340249508619
-0.07879814505577087
0.0031180137302726507
-0.08556554466485977
-0.0003675386542454362
-0.09515529125928879
-0.0015288643771782517
-0.10187573730945587
-0.0014332773862406611
-0.10831306129693985
0.0007217290112748742
-0.11612535268068314
