1.0148637294769287
-0.030932512134313583
1.013619303703308
-0.028381016105413437
1.0131336450576782
-0.027422795072197914
1.014219880104065
-0.023669615387916565
1.013490915298462
-0.0254022516310215
1.010685682296753
-0.03140672296285629
1.0118943452835083
-0.03494522348046303
1.0109456777572632
-0.03323753923177719
1.0061041116714478
-0.022188523784279823
1.007501482963562
-0.008404123596847057
1.0064488649368286
-0.009111356921494007
1.0034054517745972
-0.01576964184641838
1.0063050985336304
-0.010540986433625221
1.006772518157959
-0.007778909057378769
1.0056403875350952
-0.012503684498369694
1.0028659105300903
-0.002231168793514371
1.0024333000183105
-0.014215677976608276
1.0001709461212158
-0.02178906463086605
0.9970410466194153
-0.02233293652534485
0.992611289024353
-0.03490150347352028
0.9966380000114441
-0.03137178346514702
0.9958609938621521
-0.03779049217700958
0.9968078136444092
-0.06692667305469513
0.9858571887016296
-0.06752659380435944
0.9762952327728271
-0.07513468712568283
0.9739780426025391
-0.1036888062953949
0.9668933153152466
-0.09830350428819656
0.9591919183731079
-0.12257500737905502
0.9490079879760742
-0.12735991179943085
0.9437839388847351
-0.13869118690490723
0.9350295662879944
-0.14220599830150604
0.9299706220626831
-0.14730621874332428
0.9241241216659546
-0.13668182492256165
0.9134926199913025
-0.13884469866752625
0.9158027768135071
-0.1489272266626358
0.9157325625419617
-0.15305578708648682
0.9028617143630981
-0.15460729598999023
0.9015322923660278
-0.1591271609067917
0.8873932957649231
-0.16067761182785034
0.8848231434822083
-0.15825685858726501
0.8729105591773987
-0.15753698348999023
0.8684333562850952
-0.15243424475193024
0.8595306277275085
-0.1511356383562088
0.8640183806419373
-0.15204347670078278
0.8624325394630432
-0.14743424952030182
0.8595077991485596
-0.1428254395723343
0.8496593832969666
-0.14187727868556976
0.8398452401161194
-0.14116884768009186
0.85248202085495
-0.14365200698375702
0.8478478193283081
-0.14449924230575562
0.8374899625778198
-0.14373259246349335
0.8340726494789124
-0.14348497986793518
0.8400660753250122
-0.1412053108215332
0.8325326442718506
-0.1346365213394165
0.8223087191581726
-0.13773778080940247
0.8141573071479797
-0.12933635711669922
0.7983480095863342
-0.1283111572265625
0.7874253392219543
-0.13057740032672882
0.7703210711479187
-0.12782588601112366
0.7565847039222717
-0.13437777757644653
0.7398794293403625
-0.13091376423835754
0.7260377407073975
-0.13276885449886322
0.7140380144119263
-0.13564017415046692
0.7056786417961121
-0.1386568695306778
0.6897804141044617
-0.14485116302967072
0.671298623085022
-0.15609154105186462
0.6639019846916199
-0.16114145517349243
0.6609355211257935
-0.16101841628551483
0.6438573002815247
-0.16816918551921844
0.6305394768714905
-0.17614345252513885
0.6240225434303284
-0.18119683861732483
0.6099874973297119
-0.19099336862564087
0.6038482785224915
-0.19596761465072632
0.5925136208534241
-0.1994970440864563
0.5752175450325012
-0.20959271490573883
0.566350519657135
-0.21233099699020386
0.5537329316139221
-0.23093242943286896
0.5483363270759583
-0.23509806394577026
0.538355827331543
-0.2383464276790619
0.5302174687385559
-0.24532438814640045
0.5249614119529724
-0.24940189719200134
0.5232664346694946
-0.25104397535324097
0.5191746950149536
-0.2589370906352997
0.5104815363883972
-0.25918829441070557
0.5056195259094238
-0.2655273377895355
0.5050521492958069
-0.26757699251174927
0.5028862953186035
-0.263721764087677
0.4997061491012573
-0.263772189617157
0.4990532696247101
-0.26200562715530396
0.4962218701839447
-0.2626371681690216
0.4974201023578644
-0.26135730743408203
0.4951413869857788
-0.26159894466400146
0.48939162492752075
-0.26577436923980713
0.4898321330547333
-0.2676323652267456
0.4901125729084015
-0.2761717140674591
0.48673108220100403
-0.27066537737846375
0.48083898425102234
-0.2754318118095398
0.47834494709968567
-0.27868014574050903
0.47242289781570435
-0.28293800354003906
0.4678378403186798
-0.2825516164302826
0.4593331813812256
-0.2878391146659851
0.4526362121105194
-0.28929808735847473
0.4469660818576813
-0.29363298416137695
0.4455156624317169
-0.2868342697620392
0.43982023000717163
-0.29152554273605347
0.4272337555885315
-0.30111271142959595
0.41155341267585754
-0.3112369477748871
0.40364012122154236
-0.32046613097190857
0.3943420648574829
-0.3265463411808014
0.3868717551231384
-0.3343782424926758
0.37890470027923584
-0.34033140540122986
0.3665558993816376
-0.34675663709640503
0.3625899851322174
-0.351698100566864
0.34934788942337036
-0.36091500520706177
0.3457447290420532
-0.36605095863342285
0.34199321269989014
-0.366418719291687
0.33809980750083923
-0.36985111236572266
0.3332611322402954
-0.37349849939346313
0.3271390497684479
-0.3778117001056671
0.3232100009918213
-0.3833047151565552
0.31803232431411743
-0.3917098343372345
0.3158761262893677
-0.3964008390903473
0.3106200695037842
-0.39776864647865295
0.3056705594062805
-0.4017956554889679
0.3051221966743469
-0.4048207998275757
0.3025757372379303
-0.4112386405467987
0.29966089129447937
-0.41303372383117676
0.2973403334617615
-0.41982972621917725
0.29803451895713806
-0.42129719257354736
0.29368820786476135
-0.42716944217681885
0.29315516352653503
-0.42868494987487793
0.2885703146457672
-0.43688949942588806
0.2840096652507782
-0.44386541843414307
0.28225839138031006
-0.45105597376823425
0.2790760099887848
-0.4602489471435547
0.27559125423431396
-0.46603694558143616
0.27278098464012146
-0.47609832882881165
0.2679460346698761
-0.4854685962200165
0.26999643445014954
-0.492048978805542
0.263618141412735
-0.5028339624404907
0.2569520175457001
-0.5212146043777466
0.25611981749534607
-0.5286921858787537
0.25444263219833374
-0.5363219380378723
0.2564643621444702
-0.5438712239265442
0.2528318166732788
-0.5629764795303345
0.24988311529159546
-0.5749903321266174
0.24961477518081665
-0.5827065110206604
0.24495141208171844
-0.6002873778343201
0.2448386251926422
-0.6080065965652466
0.24187447130680084
-0.6157317757606506
0.2421976625919342
-0.6279981136322021
0.23822259902954102
-0.6397334933280945
0.23670130968093872
-0.6509518027305603
0.23695610463619232
-0.658815860748291
0.23561789095401764
-0.6717405319213867
0.23497037589550018
-0.6837820410728455
0.23587104678153992
-0.695479154586792
0.23480713367462158
-0.7006722092628479
0.23561596870422363
-0.7087600231170654
0.23453791439533234
-0.7148261070251465
0.2336633950471878
-0.722852349281311
0.23283573985099792
-0.730194091796875
0.23426280915737152
-0.7385917901992798
0.2303444892168045
-0.747370719909668
0.23244592547416687
-0.7504938840866089
0.23133206367492676
-0.7597741484642029
0.22950385510921478
-0.7704348564147949
0.23313570022583008
-0.7820090055465698
0.2345317155122757
-0.7967012524604797
0.23871637880802155
-0.807677149772644
0.24167804419994354
-0.8164728283882141
0.2419746071100235
-0.8262963891029358
0.24182327091693878
-0.8359532356262207
0.24081872403621674
-0.8442379236221313
0.24457888305187225
-0.8534222841262817
0.24167008697986603
-0.8579536080360413
0.24735137820243835
-0.8761526346206665
0.252204954624176
-0.8854130506515503
0.2543059289455414
-0.8919018507003784
0.2520427107810974
-0.8995587825775146
0.25815117359161377
-0.9088504910469055
0.26141655445098877
-0.9192505478858948
0.2576386332511902
-0.9265435934066772
0.2645828425884247
-0.9358649253845215
0.2669789791107178
-0.9420990943908691
0.2725120186805725
-0.9449026584625244
0.27564737200737
-0.9578573703765869
0.2792655825614929
-0.9703379273414612
0.2886905074119568
-0.978817880153656
0.2977863550186157
-0.9825839400291443
0.3044302463531494
-0.9974548816680908
0.29944199323654175
-1.0038937330245972
0.31030741333961487
-1.0092878341674805
0.32147425413131714
-1.0165196657180786
0.33898770809173584
-1.0145034790039062
0.34370607137680054
-1.0268748998641968
0.34930771589279175
-1.0431431531906128
0.36816176772117615
-1.0508683919906616
0.37991979718208313
-1.0562301874160767
0.39627739787101746
-1.0515639781951904
0.40518510341644287
-1.071256160736084
0.41686344146728516
-1.0760350227355957
0.4292983114719391
-1.082270860671997
0.4426693022251129
-1.0884647369384766
0.4595145583152771
-1.0964304208755493
0.4724523425102234
-1.1010500192642212
0.4837353229522705
-1.1088815927505493
0.49486446380615234
-1.1134101152420044
0.5155406594276428
-1.0961004495620728
0.527019202709198
-1.1165449619293213
0.5320526361465454
-1.1279296875
0.54079669713974
-1.1368169784545898
0.551352858543396
-1.1517173051834106
0.5681126713752747
-1.1564728021621704
0.5782354474067688
-1.164094090461731
0.5957814455032349
-1.1593689918518066
0.6055813431739807
-1.165292501449585
0.6009703278541565
-1.1729907989501953
0.608090877532959
-1.1767799854278564
0.6230276226997375
-1.1716712713241577
0.6301419138908386
-1.1892396211624146
0.6425051689147949
-1.1915719509124756
0.6492041349411011
-1.2042176723480225
0.6530723571777344
-1.2066646814346313
0.6636492609977722
-1.2004659175872803
0.6747614741325378
-1.2035547494888306
0.6839993596076965
-1.2321250438690186
0.6957600712776184
-1.2472846508026123
0.7054302096366882
-1.2614271640777588
0.7148930430412292
-1.2684985399246216
0.7162944674491882
-1.2711241245269775
0.7268015742301941
-1.282480239868164
0.7418034672737122
-1.2957319021224976
0.7519103288650513
-1.3083781003952026
0.7683007121086121
-1.3081490993499756
0.7754728198051453
-1.3223320245742798
0.7906354069709778
-1.323473572731018
0.8031020760536194
-1.3277642726898193
0.8095806837081909
-1.3481693267822266
0.8191542029380798
-1.3431882858276367
0.836052656173706
-1.3471760749816895
0.8299531936645508
-1.3594881296157837
0.8414644002914429
-1.3643074035644531
0.8591766357421875
-1.3699465990066528
0.8717461228370667
-1.3646827936172485
0.8789936304092407
-1.3763294219970703
0.8948661684989929
-1.377809762954712
0.9036089777946472
-1.3727145195007324
0.9180591702461243
-1.3719522953033447
0.9234585762023926
-1.3803056478500366
0.9320263862609863
-1.370583415031433
0.9467617273330688
-1.3692600727081299
0.9586609601974487
-1.376583456993103
0.9692883491516113
-1.3751270771026611
0.982384979724884
-1.3714979887008667
0.996913731098175
-1.3696414232254028
1.015288233757019
-1.3660287857055664
1.0211458206176758
-1.3739631175994873
1.0401794910430908
-1.3720982074737549
1.0574562549591064
-1.3717470169067383
1.0809015035629272
-1.3783760070800781
1.0941745042800903
-1.3760464191436768
1.112944483757019
-1.3695112466812134
1.125527262687683
-1.367482304573059
1.1480706930160522
-1.38128662109375
1.1577732563018799
-1.387447714805603
1.1871051788330078
-1.364713191986084
1.1981167793273926
-1.3633943796157837
1.2133598327636719
-1.353873372077942
1.2218711376190186
-1.3477860689163208
1.2507250308990479
-1.3498172760009766
1.2733159065246582
-1.3458813428878784
1.2800617218017578
-1.34099543094635
1.2917804718017578
-1.342257022857666
1.3061504364013672
-1.3369672298431396
1.330946922302246
-1.3364337682724
1.3362321853637695
-1.3366612195968628
1.3438526391983032
-1.3340392112731934
1.346425175666809
-1.3561723232269287
1.3694379329681396
-1.329574465751648
1.3731402158737183
-1.328894019126892
1.3821145296096802
-1.3283209800720215
1.3849273920059204
-1.332236886024475
1.393664002418518
-1.3312748670578003
1.3992595672607422
-1.3304790258407593
1.3984705209732056
-1.3490945100784302
1.397397756576538
-1.3604034185409546
1.4068994522094727
-1.3587443828582764
1.4186739921569824
-1.3395664691925049
1.4279601573944092
-1.3374145030975342
1.4306272268295288
-1.3367704153060913
1.4394911527633667
-1.337956428527832
1.4529609680175781
-1.3393726348876953
1.4619852304458618
-1.335648536682129
1.4910849332809448
-1.3268018960952759
1.4885787963867188
-1.3317549228668213
1.4977266788482666
-1.330153226852417
1.505527377128601
-1.330047607421875
1.5134222507476807
-1.3248038291931152
1.5208711624145508
-1.3208369016647339
1.529515027999878
-1.3213601112365723
1.5384732484817505
-1.315069556236267
1.5457117557525635
-1.3126567602157593
1.5708048343658447
-1.2997462749481201
1.566550850868225
-1.3006078004837036
1.5729799270629883
-1.2943326234817505
1.5764892101287842
-1.2906310558319092
1.5783741474151611
-1.2902644872665405
1.5846565961837769
-1.2836605310440063
1.5927879810333252
-1.2763174772262573
1.5901281833648682
-1.2898415327072144
1.6012629270553589
-1.269896149635315
1.6071341037750244
-1.263073444366455
1.6130967140197754
-1.2628389596939087
1.614096999168396
-1.26554274559021
1.622938871383667
-1.2478865385055542
1.6319445371627808
-1.2356934547424316
1.6570206880569458
-1.2178101539611816
1.644256591796875
-1.2356173992156982
1.6438287496566772
-1.2395390272140503
1.6544369459152222
-1.218216061592102
1.6644221544265747
-1.2017707824707031
1.6693875789642334
-1.2047483921051025
1.6785894632339478
-1.1885186433792114
1.6895371675491333
-1.1852868795394897
1.716554045677185
-1.159667730331421
1.7136427164077759
-1.156295657157898
1.719954252243042
-1.1492109298706055
1.7226989269256592
-1.1738852262496948
1.7254245281219482
-1.1782063245773315
1.733208417892456
-1.1449130773544312
1.72897207736969
-1.154738426208496
1.7390062808990479
-1.1673797369003296
1.7426252365112305
-1.1618191003799438
1.7580806016921997
-1.1323039531707764
1.7636463642120361
-1.139115571975708
1.7919045686721802
-1.09303617477417
1.772334337234497
-1.1124740839004517
1.7801976203918457
-1.0946989059448242
1.7855826616287231
-1.0941555500030518
1.7879499197006226
-1.0876641273498535
1.7902195453643799
-1.0808281898498535
1.785261631011963
-1.099112868309021
1.784317135810852
-1.1016898155212402
1.7859514951705933
-1.0937455892562866
1.800782561302185
-1.069524884223938
1.8073155879974365
-1.052171230316162
1.8115131855010986
-1.0428193807601929
1.8121944665908813
-1.0371917486190796
1.8363401889801025
-1.0179344415664673
1.8246010541915894
-1.0342597961425781
1.8254457712173462
-1.0261790752410889
1.8222583532333374
-1.0178536176681519
1.8228992223739624
-1.0076252222061157
1.8228349685668945
-0.9988027811050415
1.8279552459716797
-0.9923310875892639
1.8297568559646606
-0.9844474196434021
1.8326733112335205
-0.9845625162124634
1.8355032205581665
-0.9735422730445862
1.83232581615448
-0.9939382076263428
1.8319625854492188
-0.9597609639167786
1.8281148672103882
-0.949164867401123
1.823814868927002
-0.9509750008583069
1.8190056085586548
-0.9405266046524048
1.821084976196289
-0.9531812071800232
1.813827633857727
-0.9352272152900696
1.8393840789794922
-0.8824164271354675
1.830695629119873
-0.8842895030975342
1.8240711688995361
-0.8677253723144531
1.8163264989852905
-0.8579776883125305
1.8099863529205322
-0.8489731550216675
1.8020641803741455
-0.8395975828170776
1.78849458694458
-0.8541162014007568
1.7883893251419067
-0.8390347957611084
1.784854531288147
-0.8167625069618225
1.7787680625915527
-0.8122700452804565
1.7785122394561768
-0.8096319437026978
1.7689815759658813
-0.8020039796829224
1.7544746398925781
-0.7881721258163452
1.7447373867034912
-0.7817961573600769
1.7512108087539673
-0.7418035268783569
1.7343279123306274
-0.7429749965667725
1.7225265502929688
-0.7528778910636902
1.7079989910125732
-0.7346417903900146
1.6921517848968506
-0.7261170744895935
1.678945541381836
-0.7189419865608215
1.6660411357879639
-0.7113392949104309
1.6483012437820435
-0.7248901128768921
1.646453857421875
-0.7175049781799316
1.6514314413070679
-0.6903135776519775
1.6388940811157227
-0.7002837657928467
1.6298454999923706
-0.7235602736473083
1.622452735900879
-0.717400848865509
1.6176751852035522
-0.7067103385925293
1.6108613014221191
-0.6976547241210938
1.5978211164474487
-0.7089507579803467
1.598043441772461
-0.6929665207862854
1.582317590713501
-0.6916201710700989
1.5803784132003784
-0.6775079965591431
1.5736409425735474
-0.6901274919509888
1.5681828260421753
-0.6825793981552124
1.560223937034607
-0.6558967232704163
1.5519205331802368
-0.6601632833480835
1.548801302909851
-0.6683269143104553
1.5528481006622314
-0.6488918662071228
1.5478670597076416
-0.6411712169647217
1.550122618675232
-0.6109377145767212
1.548511028289795
-0.6171907186508179
1.539611577987671
-0.6321032047271729
1.5379709005355835
-0.6073842644691467
1.5332307815551758
-0.5999127626419067
1.5203148126602173
-0.6148107647895813
1.5210522413253784
-0.6111551523208618
1.520933747291565
-0.5761103630065918
1.5210241079330444
-0.571908175945282
1.5073223114013672
-0.5667580962181091
1.5114991664886475
-0.5288259387016296
1.510878324508667
-0.5398700833320618
1.505340337753296
-0.5323019623756409
1.4983938932418823
-0.5141468644142151
1.4946717023849487
-0.5149484872817993
1.4882783889770508
-0.4993249177932739
1.4819144010543823
-0.4924602508544922
1.474134922027588
-0.5021781921386719
1.463283896446228
-0.4923759400844574
1.4618618488311768
-0.4673735201358795
1.456016182899475
-0.45401859283447266
1.449373722076416
-0.44778668880462646
1.4417319297790527
-0.440119206905365
1.4348613023757935
-0.4342150390148163
1.425199270248413
-0.4467490613460541
1.4218502044677734
-0.42408493161201477
1.417421579360962
-0.4133550822734833
1.409224510192871
-0.4261646270751953
1.4049898386001587
-0.413867712020874
1.4001169204711914
-0.40630048513412476
1.392148494720459
-0.39269760251045227
1.385060429573059
-0.387631893157959
1.37788724899292
-0.37943896651268005
1.3682314157485962
-0.3866029977798462
1.3614246845245361
-0.38152047991752625
1.3560802936553955
-0.3925149440765381
1.3548424243927002
-0.39787644147872925
1.351865291595459
-0.3812831938266754
1.344340205192566
-0.36854875087738037
1.337426781654358
-0.36334696412086487
1.3216136693954468
-0.3518555462360382
1.320266604423523
-0.33738192915916443
1.314100742340088
-0.3315458297729492
1.308618187904358
-0.3230947256088257
1.3012619018554688
-0.33720502257347107
1.2956652641296387
-0.33114850521087646
1.2861367464065552
-0.3245141804218292
1.279312014579773
-0.305887907743454
1.2722899913787842
-0.313455194234848
1.2673307657241821
-0.30725666880607605
1.2650055885314941
-0.29154419898986816
1.2563170194625854
-0.2899836003780365
1.2543693780899048
-0.2777906656265259
1.2419569492340088
-0.2755497992038727
1.2390788793563843
-0.27089160680770874
1.2419356107711792
-0.2842799723148346
1.242150068283081
-0.27443942427635193
1.2354563474655151
-0.2715599536895752
1.2274173498153687
-0.25382956862449646
1.2272058725357056
-0.23694300651550293
1.2221184968948364
-0.23051539063453674
1.2160323858261108
-0.23272837698459625
1.2184964418411255
-0.24095217883586884
1.2162612676620483
-0.2160882204771042
1.210873007774353
-0.2255711853504181
1.2050775289535522
-0.2208154797554016
1.1967195272445679
-0.2004505842924118
1.1843301057815552
-0.18886299431324005
1.1917991638183594
-0.1975673884153366
1.1800408363342285
-0.17508462071418762
1.178156852722168
-0.1742684245109558
1.174126148223877
-0.17225003242492676
1.1671935319900513
-0.16673707962036133
1.161747932434082
-0.15907159447669983
1.1542303562164307
-0.13330967724323273
1.1468008756637573
-0.12870538234710693
1.1371243000030518
-0.1262180060148239
1.1260048151016235
-0.11393360048532486
1.1186776161193848
-0.10989455133676529
1.109994888305664
-0.09480418264865875
1.111439824104309
-0.08819705992937088
1.1038920879364014
-0.08464045822620392
1.0902163982391357
-0.0709056630730629
1.0828313827514648
-0.06782229244709015
1.0756276845932007
-0.06476441025733948
1.0737581253051758
-0.08231830596923828
1.0664838552474976
-0.08232100307941437
1.0590968132019043
-0.07927139103412628
1.0559560060501099
-0.07904021441936493
1.0500622987747192
-0.07056429237127304
1.0359748601913452
-0.058217618614435196
1.028838872909546
-0.05511757358908653
1.0182509422302246
-0.04795588180422783
1.0072475671768188
-0.04496520012617111
1.0005953311920166
-0.04172451049089432
0.9998430013656616
-0.03317546471953392
0.9945963621139526
-0.04616102948784828
0.9802381992340088
-0.04042651131749153
0.9738134145736694
-0.03678040951490402
0.9662023186683655
-0.033212803304195404
0.9604409337043762
-0.03127662464976311
0.9542762637138367
-0.027352603152394295
0.9541469812393188
0.0025871950201690197
0.9479502439498901
0.006712968926876783
0.9295982718467712
0.003247701097279787
0.9234201908111572
0.007293501403182745
0.913548469543457
0.009250273928046227
0.9058456420898438
0.01022731140255928
0.9007098078727722
0.012975594028830528
0.8953604102134705
0.017258398234844208
0.8898004293441772
0.02086305059492588
0.8915528655052185
0.023230064660310745
0.8860676884651184
0.027708478271961212
0.8837130665779114
0.03203604370355606
0.8790927529335022
0.03332909569144249
0.8734685778617859
0.038004301488399506
0.8770590424537659
0.02784808725118637
0.8770453333854675
0.02653810754418373
0.8799793720245361
0.02275089919567108
0.8735023736953735
0.036316387355327606
0.8673370480537415
0.04154682904481888
0.8709282875061035
0.03136105090379715
0.8631457686424255
0.046115998178720474
0.862600564956665
0.04321739822626114
0.8561328649520874
0.048670049756765366
0.8498794436454773
0.05140744149684906
0.8441450595855713
0.05638189986348152
0.833159327507019
0.08028378337621689
0.8268992304801941
0.0783999040722847
0.8205575346946716
0.08360563963651657
0.8130984902381897
0.08606194704771042
0.8023722767829895
0.1084781289100647
0.7921022176742554
0.12457674741744995
0.7839280962944031
0.12749837338924408
0.7662975192070007
0.13318689167499542
0.7605212330818176
0.13765929639339447
0.7462998628616333
0.146657332777977
0.7324063777923584
0.16927754878997803
0.7215633392333984
0.18021628260612488
0.7116225361824036
0.19112230837345123
0.7065265774726868
0.19468402862548828
0.7038525342941284
0.18970955908298492
0.692484438419342
0.19517162442207336
0.6910411715507507
0.19492727518081665
0.6816207766532898
0.20607057213783264
0.6736677885055542
0.22024711966514587
0.6686158776283264
0.2233070433139801
0.6769536733627319
0.21102596819400787
0.6649261116981506
0.2192363291978836
0.6471967697143555
0.23798251152038574
0.6425067782402039
0.24172773957252502
0.6376312971115112
0.24484321475028992
0.6327270269393921
0.2480270266532898
0.6335035562515259
0.24371027946472168
0.6342083215713501
0.23985201120376587
0.6273860931396484
0.23811575770378113
0.6279032826423645
0.239356130361557
0.6211011409759521
0.2372063249349594
0.6157395839691162
0.24084998667240143
0.6148583292961121
0.24357996881008148
0.6130475997924805
0.24585367739200592
0.6096151471138
0.2490519881248474
0.6036714911460876
0.25976935029029846
0.5982768535614014
0.26389074325561523
0.5913376212120056
0.2777162194252014
0.5883385539054871
0.27556663751602173
0.5795536041259766
0.27511581778526306
0.5658264756202698
0.2965938150882721
0.5613852143287659
0.3008820712566376
0.548380970954895
0.30623432993888855
0.5439547300338745
0.3106217086315155
0.5401743650436401
0.3085963726043701
0.5331339240074158
0.3121281564235687
0.5226436853408813
0.3233097493648529
0.5186015367507935
0.3276745676994324
0.5109540224075317
0.3380033075809479
0.5042725205421448
0.32985690236091614
0.508210301399231
0.3374173045158386
0.503059983253479
0.345016211271286
0.4938633143901825
0.34155264496803284
0.4872693419456482
0.3549000918865204
0.483259916305542
0.35943636298179626
0.48751091957092285
0.3724762797355652
0.4881227910518646
0.37834522128105164
0.4864421784877777
0.38203004002571106
0.48234814405441284
0.38705015182495117
0.48785704374313354
0.3967759907245636
0.4818541705608368
0.3855064809322357
0.47578200697898865
0.3851843476295471
0.4714478552341461
0.39034193754196167
0.4731094539165497
0.3851643204689026
0.4712749123573303
0.3847241997718811
0.464653879404068
0.3797774016857147
0.4652215838432312
0.3856305778026581
0.46057140827178955
0.39102834463119507
0.4559752643108368
0.3964112401008606
0.4556350111961365
0.40960416197776794
0.4427926242351532
0.40603694319725037
0.43458640575408936
0.41140225529670715
0.4314102828502655
0.43160542845726013
0.42709848284721375
0.4366912543773651
0.4214971661567688
0.4446505904197693
0.4145469069480896
0.45542111992836
0.4067104458808899
0.4825097322463989
0.38937291502952576
0.49080565571784973
0.38575035333633423
0.4949474632740021
0.37859442830085754
0.5094422101974487
0.36638379096984863
0.5104832649230957
0.3627328872680664
0.5144496560096741
0.362400084733963
0.520415186882019
0.3646388053894043
0.5347706079483032
0.36101096868515015
0.5389137268066406
0.35741209983825684
0.5431383848190308
0.341219425201416
0.551663875579834
0.33780497312545776
0.5555351972579956
0.3419722318649292
0.5705686807632446
0.3386280834674835
0.5745617747306824
0.3353022038936615
0.5786609649658203
0.3326483964920044
0.5704209208488464
0.3292982876300812
0.5744854807853699
0.3262012004852295
0.5897685289382935
0.3229817748069763
0.5938987135887146
0.32763949036598206
0.5877339243888855
0.314691424369812
0.5692591667175293
0.31433355808258057
0.5781180262565613
0.3113786280155182
0.5855481624603271
0.30696967244148254
0.5887774229049683
0.303969144821167
0.5933709144592285
0.2991703152656555
0.5895265340805054
0.29329586029052734
0.6105911135673523
0.2898423373699188
0.6046492457389832
0.28728312253952026
0.6099669337272644
0.2854660153388977
0.6033583879470825
0.28307825326919556
0.6088241338729858
0.2807527780532837
0.6144382357597351
0.27093860507011414
0.6291190385818481
0.26910778880119324
0.6350364089012146
0.2673536241054535
0.6411148905754089
0.2614086866378784
0.6475306153297424
0.25717592239379883
0.654293954372406
0.25599828362464905
0.6608914732933044
0.25493210554122925
0.6676065921783447
0.2511899769306183
0.6740669012069702
0.25382840633392334
0.6881685853004456
0.23855945467948914
0.678056001663208
0.23806673288345337
0.6850337386131287
0.23364178836345673
0.6871951222419739
0.2493092268705368
0.7177252769470215
0.23678407073020935
0.7150662541389465
0.23754742741584778
0.7187754511833191
0.23537492752075195
0.7306445240974426
0.23392030596733093
0.7404986023902893
0.24077552556991577
0.7606159448623657
0.2434079796075821
0.7685849070549011
0.24463200569152832
0.7764114737510681
0.2271140068769455
0.7505538463592529
0.2320319265127182
0.7707496881484985
0.23355703055858612
0.7789945006370544
0.2353014498949051
0.7874326109886169
0.23855248093605042
0.7914900183677673
0.24068225920200348
0.8000659942626953
0.23932529985904694
0.8104053139686584
0.23679541051387787
0.8176438212394714
0.24671204388141632
0.8335176706314087
0.2481355220079422
0.8341216444969177
0.2559782862663269
0.8563379645347595
0.2595776915550232
0.8617235422134399
0.25912347435951233
0.8814676403999329
0.27033475041389465
0.8679625391960144
0.27063435316085815
0.8781726360321045
0.27302470803260803
0.8942007422447205
0.2802039384841919
0.9089885950088501
0.28430336713790894
0.9158053994178772
0.28765732049942017
0.9346970915794373
0.30489400029182434
0.9545952081680298
0.3107447326183319
0.962692141532898
0.3167281448841095
0.970783531665802
0.3144848346710205
0.967734694480896
0.3224655091762543
0.9853621125221252
0.3289244472980499
0.9933886528015137
0.34486159682273865
1.0216460227966309
0.3481255769729614
1.0225108861923218
0.3525182902812958
1.0262809991836548
0.3618412911891937
1.0275920629501343
0.38162702322006226
1.0505796670913696
0.38343968987464905
1.07046639919281
0.39015018939971924
1.0779950618743896
0.4026300013065338
1.0553549528121948
0.41060271859169006
1.0696916580200195
0.3945285379886627
1.059122085571289
0.4114755094051361
1.0684263706207275
0.4141783118247986
1.0804585218429565
0.42514756321907043
1.083308219909668
0.42621153593063354
1.0943937301635742
0.4339585304260254
1.1022709608078003
0.4534772038459778
1.1306649446487427
0.4572236239910126
1.1179736852645874
0.4638282060623169
1.1364669799804688
0.46577608585357666
1.1334176063537598
0.47367992997169495
1.1302894353866577
0.4889109134674072
1.160525918006897
0.4961611032485962
1.1623011827468872
0.5043008923530579
1.170021653175354
0.516916036605835
1.1715301275253296
0.5253283381462097
1.179037094116211
0.522252082824707
1.1816738843917847
0.5298121571540833
1.1821180582046509
0.5375246405601501
1.1976608037948608
0.5509772896766663
1.2066798210144043
0.5609387755393982
1.2136589288711548
0.5744962096214294
1.2260065078735352
0.5848730802536011
1.2324974536895752
0.591474175453186
1.2385046482086182
0.6026496291160583
1.2443124055862427
0.6139538884162903
1.250017762184143
0.6134158372879028
1.2622758150100708
0.6323969960212708
1.2693859338760376
0.6448787450790405
1.2732619047164917
0.654356837272644
1.2929911613464355
0.6695806384086609
1.2890132665634155
0.6535988450050354
1.2996734380722046
0.6781063675880432
1.3073971271514893
0.709550142288208
1.3368654251098633
0.7223641276359558
1.3392128944396973
0.7375785708427429
1.311011791229248
0.7502818703651428
1.3120959997177124
0.7629881501197815
1.3132182359695435
0.7583327889442444
1.3155723810195923
0.7810490131378174
1.3208352327346802
0.7940453290939331
1.3224519491195679
0.8149067163467407
1.3070390224456787
0.8275961875915527
1.3083049058914185
0.8468629717826843
1.3027456998825073
0.8533581495285034
1.3003922700881958
0.8620985150337219
1.302573800086975
0.8814578056335449
1.3023737668991089
0.8936490416526794
1.3038238286972046
0.8980440497398376
1.3002160787582397
0.9143690466880798
1.3020308017730713
0.9237287044525146
1.3015663623809814
0.9373822212219238
1.3034166097640991
0.9498891234397888
1.304956316947937
0.9620826840400696
1.3040227890014648
0.9808607697486877
1.3143912553787231
0.9929008483886719
1.3162734508514404
1.0100462436676025
1.3112508058547974
1.0028369426727295
1.290286898612976
1.0152480602264404
1.2920624017715454
1.0445008277893066
1.3056590557098389
1.0405713319778442
1.3057262897491455
1.053355097770691
1.292376160621643
1.079568862915039
1.3126156330108643
1.0907565355300903
1.3137407302856445
1.1075479984283447
1.3183637857437134
1.1097209453582764
1.3146425485610962
1.1070222854614258
1.3216367959976196
1.1088765859603882
1.3259116411209106
1.131385087966919
1.3192986249923706
1.1434178352355957
1.320415735244751
1.1566141843795776
1.322191596031189
1.205997109413147
1.3990148305892944
1.2162832021713257
1.400208592414856
1.2017958164215088
1.343159556388855
1.218632698059082
1.3404732942581177
1.2635411024093628
1.4123342037200928
1.27327561378479
1.4126356840133667
1.2828058004379272
1.4127200841903687
1.251405954360962
1.3385895490646362
1.2625504732131958
1.3372396230697632
1.2682455778121948
1.329254388809204
1.2736823558807373
1.3264353275299072
1.3020228147506714
1.3289356231689453
1.3189080953598022
1.329636812210083
1.3123918771743774
1.3255053758621216
1.3232563734054565
1.3225555419921875
1.319490671157837
1.3318356275558472
1.3213248252868652
1.3333221673965454
1.360925316810608
1.3239532709121704
1.3704240322113037
1.3200457096099854
1.389370322227478
1.3153563737869263
1.3989039659500122
1.3107500076293945
1.3864541053771973
1.307060956954956
1.381132960319519
1.3125035762786865
1.4235626459121704
1.2994276285171509
1.4167524576187134
1.29637610912323
1.4299507141113281
1.2811460494995117
1.4723341464996338
1.2715895175933838
1.468080997467041
1.263187050819397
1.4725546836853027
1.25627863407135
1.4807546138763428
1.251222848892212
1.4887611865997314
1.246174931526184
1.4965791702270508
1.2411251068115234
1.5350905656814575
1.2377678155899048
1.5409810543060303
1.2337892055511475
1.5564000606536865
1.2269198894500732
1.575674057006836
1.2116873264312744
1.5860669612884521
1.2040423154830933
1.560632348060608
1.210983395576477
1.5643805265426636
1.1963039636611938
1.562903642654419
1.2002933025360107
1.5735054016113281
1.189131259918213
1.5795453786849976
1.1817232370376587
1.6147918701171875
1.1744142770767212
1.6301506757736206
1.1702194213867188
1.6351594924926758
1.166236400604248
1.615626573562622
1.1652052402496338
1.6414568424224854
1.1587806940078735
1.6461513042449951
1.1548089981079102
1.6512123346328735
1.1503649950027466
1.6484763622283936
1.1558117866516113
1.6603007316589355
1.1473026275634766
1.6427218914031982
1.1436583995819092
1.6391470432281494
1.140722393989563
1.6445395946502686
1.1359541416168213
1.6787502765655518
1.1265833377838135
1.703104019165039
1.113972544670105
1.7071354389190674
1.1102591753005981
1.711081862449646
1.1064262390136719
1.7163807153701782
1.101556420326233
1.665444016456604
1.0965021848678589
1.7047234773635864
1.0934351682662964
1.6935832500457764
1.0941836833953857
1.6922125816345215
1.093010663986206
1.7270833253860474
1.0857198238372803
1.7306257486343384
1.081760287284851
1.7341903448104858
1.0775468349456787
1.757139801979065
1.072792410850525
1.7598413228988647
1.0692977905273438
1.7629311084747314
1.065062403678894
1.7366877794265747
1.0764037370681763
1.7354888916015625
1.0629558563232422
1.7107259035110474
1.0536837577819824
1.7612419128417969
1.0482455492019653
1.764061450958252
1.0427500009536743
1.7540656328201294
1.0399507284164429
1.7834001779556274
1.0318691730499268
1.7855587005615234
1.025774598121643
1.7983759641647339
1.0261775255203247
1.808686375617981
1.0152955055236816
1.8328317403793335
1.1226247549057007
1.786939024925232
1.0776323080062866
1.788414716720581
1.069535732269287
1.7869316339492798
1.0139429569244385
1.7733885049819946
1.0277553796768188
1.8083717823028564
1.0010358095169067
1.8087055683135986
0.9926022887229919
1.8234530687332153
0.978337287902832
1.8014841079711914
0.9738913178443909
1.8010839223861694
0.9650423526763916
1.8004356622695923
0.9559520483016968
1.8246721029281616
0.9525502324104309
1.8023059368133545
0.9507235288619995
1.8248741626739502
0.9343255758285522
1.8052409887313843
0.9736064076423645
1.7957080602645874
0.9422298669815063
1.7929129600524902
0.9323642253875732
1.7899268865585327
0.9164722561836243
1.7999279499053955
0.8940250277519226
1.7958492040634155
0.8842296600341797
1.7835301160812378
0.8847014904022217
1.7782056331634521
0.8677049279212952
1.7748240232467651
0.8562789559364319
1.7722200155258179
0.8573293089866638
1.7663878202438354
0.8480625152587891
1.7634397745132446
0.8440130949020386
1.757225751876831
0.834972620010376
1.7541420459747314
0.8197259902954102
1.7498729228973389
0.8060556054115295
1.7425532341003418
0.7979397177696228
1.733826756477356
0.7917088866233826
1.72620689868927
0.7842073440551758
1.7204160690307617
0.7716319561004639
1.7126528024673462
0.7646175622940063
1.7047338485717773
0.7669796943664551
1.6961231231689453
0.7527493238449097
1.688522458076477
0.7464019060134888
1.6555535793304443
0.7465311288833618
1.6735366582870483
0.7371266484260559
1.6565966606140137
0.7303944230079651
1.6408742666244507
0.7211430668830872
1.6342051029205322
0.7148987650871277
1.616757869720459
0.7107599973678589
1.6104915142059326
0.7046868205070496
1.6036626100540161
0.6974520683288574
1.6042662858963013
0.6945515871047974
1.5966689586639404
0.6876246333122253
1.5865724086761475
0.678422212600708
1.5777071714401245
0.6711264252662659
1.570633888244629
0.6635369658470154
1.5656198263168335
0.65677809715271
1.5578464269638062
0.6486116647720337
1.566795825958252
0.6429441571235657
1.5615772008895874
0.6358455419540405
1.5453110933303833
0.6353453993797302
1.5392882823944092
0.6279309391975403
1.536841869354248
0.6245532035827637
1.5491371154785156
0.6205230355262756
1.5443953275680542
0.6132272481918335
1.5328290462493896
0.6139471530914307
1.526808500289917
0.6147154569625854
1.5179308652877808
0.6317627429962158
1.5342003107070923
0.6147458553314209
1.520931363105774
0.6020153760910034
1.516721487045288
0.5946758389472961
1.5102972984313965
0.594258725643158
1.5087543725967407
0.5898674726486206
1.5063390731811523
0.5965244174003601
1.4987773895263672
0.5839076638221741
1.4973313808441162
0.5754309892654419
1.4930055141448975
0.5678533911705017
1.489543080329895
0.5578716993331909
1.4852910041809082
0.5503317713737488
1.498852014541626
0.5486006736755371
1.4939241409301758
0.5408639311790466
1.479410171508789
0.5324232578277588
1.466736912727356
0.52521812915802
1.4604640007019043
0.5143279433250427
1.4563250541687012
0.5068372488021851
1.465048909187317
0.49179649353027344
1.4459537267684937
0.48376065492630005
1.4416534900665283
0.4764016568660736
1.4492675065994263
0.46481552720069885
1.4330596923828125
0.45190081000328064
1.4219176769256592
0.46895352005958557
1.4137932062149048
0.44445839524269104
1.4132808446884155
0.4252113103866577
1.4085355997085571
0.4182230532169342
1.4035593271255493
0.41158148646354675
1.3922306299209595
0.40526294708251953
1.3804361820220947
0.398743212223053
1.3836668729782104
0.3913132846355438
1.3826258182525635
0.3816036880016327
1.3743115663528442
0.3670516312122345
1.3597898483276367
0.3619329333305359
1.3588114976882935
0.35581856966018677
1.3518040180206299
0.3508853018283844
1.3453171253204346
0.34711769223213196
1.3610295057296753
0.34434065222740173
1.3607796430587769
0.3381563425064087
1.3491966724395752
0.32999712228775024
1.3420418500900269
0.324815958738327
1.3347902297973633
0.3229864537715912
1.329763412475586
0.32162368297576904
1.3199533224105835
0.33532822132110596
1.3216164112091064
0.3184047341346741
1.3145968914031982
0.31305789947509766
1.3070067167282104
0.30380967259407043
1.3038064241409302
0.30298784375190735
1.29543137550354
0.3197192847728729
1.2899672985076904
0.3039631247520447
1.2822601795196533
0.2922423779964447
1.2747039794921875
0.28629282116889954
1.2655103206634521
0.29937905073165894
1.2574974298477173
0.2799793481826782
1.2509771585464478
0.27461063861846924
1.2430447340011597
0.26370131969451904
1.2366986274719238
0.25850334763526917
1.2222418785095215
0.2698132395744324
1.2160238027572632
0.2646217346191406
1.2084081172943115
0.24694295227527618
1.202307105064392
0.24206127226352692
1.1962586641311646
0.23439015448093414
1.189210057258606
0.24832375347614288
1.1788409948349
0.22671782970428467
1.1602786779403687
0.22799663245677948
1.154646635055542
0.22321486473083496
1.149074912071228
0.21847312152385712
1.1531667709350586
0.2020205557346344
1.1432348489761353
0.19785988330841064
1.128124475479126
0.20934398472309113
1.1226271390914917
0.20459672808647156
1.1290297508239746
0.20078586041927338
1.1236200332641602
0.19884075224399567
1.1182055473327637
0.18313948810100555
1.1138103008270264
0.17416124045848846
1.102356195449829
0.17778870463371277
1.1013940572738647
0.16618414223194122
1.096068263053894
0.17376106977462769
1.0929661989212036
0.16002923250198364
1.0871906280517578
0.15499374270439148
1.0816223621368408
0.14634300768375397
1.0758024454116821
0.1413804590702057
1.0695381164550781
0.13355906307697296
1.062321662902832
0.12813623249530792
1.049532175064087
0.13795599341392517
1.0455633401870728
0.13480877876281738
1.039015769958496
0.13246174156665802
1.0332021713256836
0.1277792751789093
1.0298428535461426
0.11169296503067017
1.0240592956542969
0.10065241903066635
1.0159857273101807
0.09467156231403351
1.0068745613098145
0.09023666381835938
1.0021917819976807
0.08407808095216751
0.9880988001823425
0.09178432077169418
0.9825151562690735
0.08771797269582748
0.9816834330558777
0.09236285090446472
0.9791241884231567
0.07555774599313736
0.9657365679740906
0.07848876714706421
0.9616273045539856
0.07432733476161957
0.9602665305137634
0.05816809833049774
0.9597077369689941
0.07008787244558334
0.9554370641708374
0.07153981178998947
0.9508787393569946
0.06830719113349915
0.9493817687034607
0.05374316871166229
0.944396436214447
0.0467972531914711
0.9367390275001526
0.05242915451526642
0.9355527758598328
0.056704211980104446
0.9313287138938904
0.043791934847831726
0.9273421168327332
0.04127771034836769
0.9166843891143799
0.04993947595357895
0.9130821824073792
0.04762418195605278
0.9139817953109741
0.03319815918803215
0.9076398015022278
0.028144588693976402
0.8944064974784851
0.034047581255435944
0.8915063738822937
0.031935304403305054
0.8859182596206665
0.03327840194106102
0.8822740316390991
0.02240561880171299
0.8768746852874756
0.017618637531995773
0.8718811273574829
0.012581982649862766
0.8649120926856995
0.017544180154800415
0.8628060221672058
0.015563028864562511
0.8622748255729675
0.004225518088787794
0.8574792742729187
0.005151584278792143
0.8555530905723572
0.0022808362264186144
0.8514261841773987
0.01166463177651167
0.8496135473251343
0.009814664721488953
0.8451337814331055
0.011770358309149742
0.8437846302986145
0.001866743667051196
0.8425957560539246
-0.000983774778433144
0.8420683741569519
-0.0027320890221744776
0.839118480682373
-0.005880396813154221
0.8376097679138184
-0.0076549299992620945
0.8352859616279602
-0.005983736366033554
0.8343579173088074
-0.007231932133436203
0.8328996896743774
-0.008998969569802284
0.8270272016525269
-0.002729599131271243
0.821284294128418
-0.0015668912092223763
0.8217600584030151
0.002688916400074959
0.8176248669624329
-0.0008982986328192055
0.8160886764526367
-0.0022213179618120193
0.8186697363853455
-0.011910435743629932
0.8174443244934082
-0.013609383255243301
0.8197340965270996
-0.017109980806708336
0.8158228993415833
-0.01908566616475582
0.8146378397941589
-0.020850609987974167
0.8129331469535828
-0.021415982395410538
0.8124064803123474
-0.021618742495775223
0.8112130165100098
-0.023653319105505943
0.8073452115058899
-0.02710919827222824
0.8055394887924194
-0.029137656092643738
0.7995721697807312
-0.016073819249868393
0.8006720542907715
-0.022718891501426697
0.7998051643371582
-0.027505729347467422
0.798159658908844
-0.03200255706906319
0.7968161702156067
-0.021251685917377472
0.796305239200592
-0.017170894891023636
0.7939378023147583
-0.031228847801685333
0.791566789150238
-0.03185652941465378
0.7910202741622925
-0.03447478637099266
0.7903458476066589
-0.0359666682779789
0.7901118993759155
-0.03651334345340729
