-0.0006810429622419178
-0.007092434912919998
-0.0013623071135953069
-0.014184962026774883
-0.0020440134685486555
-0.021277673542499542
-0.0027263835072517395
-0.028370659798383713
-0.003409638302400708
-0.03546401485800743
-0.004093999043107033
-0.04255782812833786
-0.004779687616974115
-0.04965219646692276
-0.005466925445944071
-0.056747205555438995
-0.00615593371912837
-0.06384294480085373
-0.006846935022622347
-0.07093951851129532
-0.007540150545537472
-0.07803700119256973
-0.008235803805291653
-0.08513549715280533
-0.00893411599099636
-0.09223509579896927
-0.009635310620069504
-0.09933587908744812
-0.01033960934728384
-0.10643794387578964
-0.011047237552702427
-0.113541379570961
-0.011758416891098022
-0.12064627557992935
-0.01247337181121111
-0.12775272130966187
-0.01319232676178217
-0.1348607987165451
-0.013915506191551685
-0.14197061955928802
-0.01464313454926014
-0.1490822583436966
-0.015375437214970589
-0.15619578957557678
-0.016112640500068665
-0.16331131756305695
-0.016854969784617424
-0.17042893171310425
-0.017602652311325073
-0.17754872143268585
-0.01835591532289982
-0.18467076122760773
-0.019114984199404716
-0.19179514050483704
-0.019880089908838272
-0.19892194867134094
-0.02065145969390869
-0.2060512751340866
-0.02142932265996933
-0.2131832093000412
-0.022213907912373543
-0.2203178107738495
-0.023005446419119835
-0.22745518386363983
-0.02380416914820671
-0.2345954179763794
-0.024610308930277824
-0.24173857271671295
-0.02542409487068653
-0.24888475239276886
-0.026245761662721634
-0.2560340166091919
-0.027075542137026787
-0.2631864845752716
-0.027913670986890793
-0.2703422009944916
-0.028760382905602455
-0.27750125527381897
-0.029615914449095726
-0.28466370701789856
-0.03048050031065941
-0.2918296754360199
-0.031354378908872604
-0.29899922013282776
-0.032237786799669266
-0.3061724305152893
-0.033130962401628494
-0.31334933638572693
-0.03403414785861969
-0.3205300569534302
-0.034947581589221954
-0.3277146518230438
-0.03587150573730469
-0.33490318059921265
-0.03680616244673729
-0.3420957624912262
-0.03775179386138916
-0.34929242730140686
-0.0387086421251297
-0.3564932346343994
-0.039676956832408905
-0.3636983036994934
-0.040656980127096176
-0.37090766429901123
-0.04164896160364151
-0.37812137603759766
-0.042653147131204605
-0.38533955812454224
-0.04366978257894516
-0.39256224036216736
-0.04469912126660347
-0.3997894525527954
-0.04574141278862953
-0.40702134370803833
-0.04679691046476364
-0.41425788402557373
-0.047865867614746094
-0.42149919271469116
-0.048948533833026886
-0.4287453293800354
-0.05004516616463661
-0.43599632382392883
-0.051156025379896164
-0.4432522654533386
-0.05228136107325554
-0.45051318407058716
-0.05342143401503563
-0.4577791392803192
-0.05457650497555733
-0.46505019068717957
-0.055746834725141525
-0.4723263680934906
-0.056932684034109116
-0.4796077609062195
-0.05813431739807129
-0.4868943989276886
-0.05935199558734894
-0.49418631196022034
-0.06058598682284355
-0.5014835596084595
-0.06183655560016632
-0.5087862014770508
-0.06310397386550903
-0.5160943269729614
-0.06438850611448288
-0.5234078168869019
-0.06569042056798935
-0.5307268500328064
-0.06701000034809113
-0.5380514860153198
-0.0683474987745285
-0.5453816056251526
-0.06970321387052536
-0.552717387676239
-0.07107739895582199
-0.5600588321685791
-0.07247034460306168
-0.5674059391021729
-0.0738823190331459
-0.5747587084770203
-0.07531361281871796
-0.5821172595024109
-0.07676449418067932
-0.5894815325737
-0.07823526114225388
-0.5968515872955322
-0.07972618192434311
-0.6042274832725525
-0.0812375396490097
-0.611609160900116
-0.08276963979005814
-0.6189966797828674
-0.08432275056838989
-0.6263900399208069
-0.08589716255664825
-0.6337892413139343
-0.0874931737780571
-0.6411943435668945
-0.0891110748052597
-0.6486052870750427
-0.09075114876031876
-0.6560221314430237
-0.09241370856761932
-0.6634448170661926
-0.0940990298986435
-0.6708734035491943
-0.09580741822719574
-0.6783078908920288
-0.09753917157649994
-0.6857482194900513
-0.09929458796977997
-0.6931944489479065
-0.1010739728808403
-0.7006465196609497
-0.10287762433290482
-0.7081043720245361
-0.10470584034919739
-0.7155681252479553
-0.10655894130468369
-0.723037600517273
-0.10843722522258759
-0.7305129170417786
-0.11034099757671356
-0.7379939556121826
-0.11227057129144669
-0.7454807162284851
-0.11422625929117203
-0.752973198890686
-0.11620836704969406
-0.7604713439941406
-0.11821720749139786
-0.7679750323295593
-0.12025310099124908
-0.7754843831062317
-0.12231636047363281
-0.7829992175102234
-0.12440730631351471
-0.7905195355415344
-0.12652625143527985
-0.7980453372001648
-0.1286735236644745
-0.8055764436721802
-0.1308494359254837
-0.8131129145622253
-0.13305430114269257
-0.8206546306610107
-0.13528847694396973
-0.8282015323638916
-0.13755224645137787
-0.8357535600662231
-0.13984596729278564
-0.8433105945587158
-0.14216995239257812
-0.8508726358413696
-0.14452451467514038
-0.858439564704895
-0.14691002666950226
-0.8660112619400024
-0.14932677149772644
-0.8735876679420471
-0.15177510678768158
-0.8811687231063843
-0.15425536036491394
-0.8887542486190796
-0.15676787495613098
-0.8963441848754883
-0.15931296348571777
-0.9039384126663208
-0.16189098358154297
-0.9115368723869324
-0.16450224816799164
-0.9191393256187439
-0.16714711487293243
-0.9267457723617554
-0.16982591152191162
-0.9343560338020325
-0.17253898084163666
-0.9419699907302856
-0.175286665558815
-0.9495875239372253
-0.17806929349899292
-0.9572084546089172
-0.18088722229003906
-0.964832603931427
-0.1837407797574997
-0.9724599123001099
-0.18663030862808228
-0.9800901412963867
-0.18955616652965546
-0.987723171710968
-0.1925186812877655
-0.9953588247299194
-0.19551821053028107
-1.0029969215393066
-0.1985550969839096
-1.0106372833251953
-0.2016296684741974
-1.0182796716690063
-0.20474228262901306
-1.0259239673614502
-0.2078932821750641
-1.0335700511932373
-0.21108300983905792
-1.041217565536499
-0.21431180834770203
-1.0488662719726562
-0.21758003532886505
-1.056516170501709
-0.22088803350925446
-1.064166784286499
-0.2242361456155777
-1.0718181133270264
-0.22762471437454224
-1.0794697999954224
-0.23105406761169434
-1.087121605873108
-0.23452457785606384
-1.094773292541504
-0.23803658783435822
-1.1024245023727417
-0.24159041047096252
-1.1100752353668213
-0.24518641829490662
-1.1177250146865845
-0.24882495403289795
-1.1253736019134521
-0.2525063455104828
-1.1330206394195557
-0.2562309205532074
-1.1406660079956055
-0.25999903678894043
-1.148309350013733
-0.26381105184555054
-1.1559503078460693
-0.2676672637462616
-1.1635886430740356
-0.27156803011894226
-1.1712238788604736
-0.2755136489868164
-1.1788557767868042
-0.27950453758239746
-1.1864840984344482
-0.2835409343242645
-1.1941083669662476
-0.28762322664260864
-1.201728343963623
-0.2917517125606537
-1.2093435525894165
-0.2959267497062683
-1.2169536352157593
-0.3001486361026764
-1.2245582342147827
-0.3044176697731018
-1.2321569919586182
-0.3087342381477356
-1.239749550819397
-0.31309857964515686
-1.247335433959961
-0.31751108169555664
-1.2549142837524414
-0.32197198271751404
-1.2624855041503906
-0.3264816403388977
-1.2700488567352295
-0.3310403525829315
-1.2776039838790894
-0.33564841747283936
-1.285150170326233
-0.3403061032295227
-1.2926870584487915
-0.34501373767852783
-1.3002142906188965
-0.3497716188430786
-1.3077312707901
-0.35458001494407654
-1.3152375221252441
-0.3594391942024231
-1.3227325677871704
-0.36434945464134216
-1.3302159309387207
-0.36931106448173523
-1.3376870155334473
-0.37432432174682617
-1.3451454639434814
-0.3793894350528717
-1.352590560913086
-0.3845067024230957
-1.360021710395813
-0.38967636227607727
-1.3674386739730835
-0.3948986828327179
-1.374840497970581
-0.4001738727092743
-1.3822269439697266
-0.40550220012664795
-1.3895971775054932
-0.4108838737010956
-1.3969507217407227
-0.4163191616535187
-1.4042868614196777
-0.4218082129955292
-1.4116051197052002
-0.4273512661457062
-1.4189047813415527
-0.4329485595226288
-1.4261852502822876
-0.4386002719402313
-1.4334458112716675
-0.44430655241012573
-1.4406858682632446
-0.4500676393508911
-1.4479047060012817
-0.4558836817741394
-1.4551016092300415
-0.46175485849380493
-1.4622759819030762
-0.46768128871917725
-1.4694269895553589
-0.47366318106651306
-1.476554036140442
-0.47970062494277954
-1.4836562871932983
-0.4857937693595886
-1.4907331466674805
-0.49194273352622986
-1.4977836608886719
-0.4981476366519928
-1.5048073530197144
-0.504408597946167
-1.511803150177002
-0.5107256770133972
-1.518770456314087
-0.5170989632606506
-1.5257083177566528
-0.523528516292572
-1.532616138458252
-0.5300143957138062
-1.5394929647445679
-0.5365566611289978
-1.5463379621505737
-0.5431553721427917
-1.5531504154205322
-0.549810528755188
-1.5599292516708374
-0.5565221905708313
-1.5666738748550415
-0.5632902383804321
-1.5733832120895386
-0.57011479139328
-1.5800564289093018
-0.5769957304000854
-1.5866925716400146
-0.5839330554008484
-1.59329092502594
-0.5909267067909241
-1.5998504161834717
-0.5979766249656677
-1.606370210647583
-0.6050826907157898
-1.612849235534668
-0.6122449040412903
-1.6192866563796997
-0.6194630265235901
-1.6256815195083618
-0.6267369985580444
-1.632032871246338
-0.6340667009353638
-1.638339638710022
-0.6414519548416138
-1.6446008682250977
-0.6488925814628601
-1.6508156061172485
-0.6563883423805237
-1.6569827795028687
-0.6639391183853149
-1.6631014347076416
-0.6715446710586548
-1.6691704988479614
-0.6792047023773193
-1.6751890182495117
-0.6869189739227295
-1.681155800819397
-0.6946872472763062
-1.6870700120925903
-0.7025091648101807
-1.6929303407669067
-0.7103844285011292
-1.6987358331680298
-0.7183127999305725
-1.704485535621643
-0.7262938022613525
-1.7101781368255615
-0.7343271374702454
-1.7158126831054688
-0.7424123287200928
-1.7213879823684692
-0.7505490779876709
-1.7269030809402466
-0.7587369084358215
-1.7323566675186157
-0.7669754028320312
-1.7377477884292603
-0.7752639651298523
-1.7430751323699951
-0.783602237701416
-1.7483378648757935
-0.7919896245002747
-1.7535345554351807
-0.80042564868927
-1.7586642503738403
-0.8089097142219543
-1.7637256383895874
-0.8174412250518799
-1.768717646598816
-0.8260196447372437
-1.77363920211792
-0.8346443176269531
-1.7784889936447144
-0.843314528465271
-1.7832659482955933
-0.8520296812057495
-1.7879689931869507
-0.8607890605926514
-1.792596697807312
-0.869592010974884
-1.7971481084823608
-0.8784376978874207
-1.8016220331192017
-0.8873253464698792
-1.806017279624939
-0.8962542414665222
-1.8103326559066772
-0.9052236080169678
-1.8145668506622314
-0.9142324924468994
-1.8187190294265747
-0.9232800602912903
-1.8227876424789429
-0.9323655366897583
-1.826771855354309
-0.9414878487586975
-1.8306702375411987
-0.9506462216377258
-1.8344818353652954
-0.9598395824432373
-1.838205337524414
-0.9690669775009155
-1.8418396711349487
-0.9783274531364441
-1.845383644104004
-0.9876198768615723
-1.848836064338684
-0.9969432950019836
-1.8521958589553833
-1.0062966346740723
-1.8554619550704956
-1.0156786441802979
-1.858633041381836
-1.0250883102416992
-1.861708164215088
-1.0345245599746704
-1.864686131477356
-1.0439859628677368
-1.8675658702850342
-1.053471565246582
-1.8703463077545166
-1.062980055809021
-1.8730262517929077
-1.072510004043579
-1.8756047487258911
-1.08206045627594
-1.8780807256698608
-1.0916298627853394
-1.880453109741211
-1.1012170314788818
-1.8827208280563354
-1.1108206510543823
-1.8848828077316284
-1.1204391717910767
-1.886938214302063
-1.1300712823867798
-1.8888859748840332
-1.1397156715393066
-1.890725016593933
-1.149370789527893
-1.8924546241760254
-1.1590352058410645
-1.894073486328125
-1.1687074899673462
-1.8955810070037842
-1.1783860921859741
-1.896976113319397
-1.188069462776184
-1.8982579708099365
-1.197756052017212
-1.899425745010376
-1.2074443101882935
-1.900478482246399
-1.2171326875686646
-1.901415467262268
-1.226819634437561
-1.9022358655929565
-1.2365033626556396
-1.9029388427734375
-1.2461824417114258
-1.9035236835479736
-1.2558550834655762
-1.9039896726608276
-1.2655194997787476
-1.9043359756469727
-1.2751742601394653
-1.9045621156692505
-1.2848175764083862
-1.9046673774719238
-1.2944475412368774
-1.904651165008545
-1.3040626049041748
-1.904512643814087
-1.3136610984802246
-1.9042515754699707
-1.3232409954071045
-1.9038671255111694
-1.3328006267547607
-1.903359055519104
-1.3423383235931396
-1.902726650238037
-1.3518521785736084
-1.9019695520401
-1.3613404035568237
-1.9010874032974243
-1.3708010911941528
-1.9000797271728516
-1.380232572555542
-1.8989461660385132
-1.3896328210830688
-1.89768648147583
-1.3990001678466797
-1.8963003158569336
-1.4083327054977417
-1.8947874307632446
-1.4176286458969116
-1.893147587776184
-1.426885962486267
-1.8913806676864624
-1.4361028671264648
-1.8894864320755005
-1.4452775716781616
-1.8874648809432983
-1.454408049583435
-1.8853158950805664
-1.4634926319122314
-1.8830393552780151
-1.4725291728973389
-1.880635380744934
-1.4815161228179932
-1.8781039714813232
-1.4904513359069824
-1.8754451274871826
-1.499333143234253
-1.8726589679718018
-1.5081596374511719
-1.8697458505630493
-1.5169289112091064
-1.8667056560516357
-1.5256390571594238
-1.8635388612747192
-1.5342884063720703
-1.860245704650879
-1.5428749322891235
-1.8568263053894043
-1.5513969659805298
-1.8532811403274536
-1.5598526000976562
-1.849610686302185
-1.5682400465011597
-1.8458151817321777
-1.5765575170516968
-1.8418952226638794
-1.5848032236099243
-1.8378511667251587
-1.592975378036499
-1.833683729171753
-1.6010721921920776
-1.8293935060501099
-1.609092116355896
-1.8249808549880981
-1.6170331239700317
-1.8204467296600342
-1.6248937845230103
-1.8157917261123657
-1.6326721906661987
-1.81101655960083
-1.640366792678833
-1.8061219453811646
-1.647976040840149
-1.8011088371276855
-1.6554980278015137
-1.7959779500961304
-1.6629314422607422
-1.790730357170105
-1.6702744960784912
-1.7853667736053467
-1.6775257587432861
-1.7798882722854614
-1.6846835613250732
-1.7742959260940552
-1.6917465925216675
-1.7685906887054443
-1.6987131834030151
-1.7627735137939453
-1.7055820226669312
-1.7568457126617432
-1.7123515605926514
-1.7508083581924438
-1.7190203666687012
-1.7446626424789429
-1.725587248802185
-1.7384096384048462
-1.7320507764816284
-1.7320507764816284
-1.7384096384048462
-1.725587248802185
-1.7446626424789429
-1.7190203666687012
-1.7508083581924438
-1.7123515605926514
-1.7568457126617432
-1.7055820226669312
-1.7627735137939453
-1.6987131834030151
-1.7685906887054443
-1.6917465925216675
-1.7742959260940552
-1.6846835613250732
-1.7798882722854614
-1.6775257587432861
-1.7853667736053467
-1.6702744960784912
-1.790730357170105
-1.6629314422607422
-1.7959779500961304
-1.6554980278015137
-1.8011088371276855
-1.647976040840149
-1.8061219453811646
-1.640366792678833
-1.81101655960083
-1.6326721906661987
-1.8157917261123657
-1.6248937845230103
-1.8204467296600342
-1.6170331239700317
-1.8249808549880981
-1.609092116355896
-1.8293935060501099
-1.6010721921920776
-1.833683729171753
-1.592975378036499
-1.8378511667251587
-1.5848032236099243
-1.8418952226638794
-1.5765575170516968
-1.8458151817321777
-1.5682400465011597
-1.849610686302185
-1.5598526000976562
-1.8532811403274536
-1.5513969659805298
-1.8568263053894043
-1.5428749322891235
-1.860245704650879
-1.5342884063720703
-1.8635388612747192
-1.5256390571594238
-1.8667056560516357
-1.5169289112091064
-1.8697458505630493
-1.5081596374511719
-1.8726589679718018
-1.499333143234253
-1.8754451274871826
-1.4904513359069824
-1.8781039714813232
-1.4815161228179932
-1.880635380744934
-1.4725291728973389
-1.8830393552780151
-1.4634926319122314
-1.8853158950805664
-1.454408049583435
-1.8874648809432983
-1.4452775716781616
-1.8894864320755005
-1.4361028671264648
-1.8913806676864624
-1.426885962486267
-1.893147587776184
-1.4176286458969116
-1.8947874307632446
-1.4083327054977417
-1.8963003158569336
-1.3990001678466797
-1.89768648147583
-1.3896328210830688
-1.8989461660385132
-1.380232572555542
-1.9000797271728516
-1.3708010911941528
-1.9010874032974243
-1.3613404035568237
-1.9019695520401
-1.3518521785736084
-1.902726650238037
-1.3423383235931396
-1.903359055519104
-1.3328006267547607
-1.9038671255111694
-1.3232409954071045
-1.9042515754699707
-1.3136610984802246
-1.904512643814087
-1.3040626049041748
-1.904651165008545
-1.2944475412368774
-1.9046673774719238
-1.2848175764083862
-1.9045621156692505
-1.2751742601394653
-1.9043359756469727
-1.2655194997787476
-1.9039896726608276
-1.2558550834655762
-1.9035236835479736
-1.2461824417114258
-1.9029388427734375
-1.2365033626556396
-1.9022358655929565
-1.226819634437561
-1.901415467262268
-1.2171326875686646
-1.900478482246399
-1.2074443101882935
-1.899425745010376
-1.197756052017212
-1.8982579708099365
-1.188069462776184
-1.896976113319397
-1.1783860921859741
-1.8955810070037842
-1.1687074899673462
-1.894073486328125
-1.1590352058410645
-1.8924546241760254
-1.149370789527893
-1.890725016593933
-1.1397156715393066
-1.8888859748840332
-1.1300712823867798
-1.886938214302063
-1.1204391717910767
-1.8848828077316284
-1.1108206510543823
-1.8827208280563354
-1.1012170314788818
-1.880453109741211
-1.0916298627853394
-1.8780807256698608
-1.08206045627594
-1.8756047487258911
-1.072510004043579
-1.8730262517929077
-1.062980055809021
-1.8703463077545166
-1.053471565246582
-1.8675658702850342
-1.0439859628677368
-1.864686131477356
-1.0345245599746704
-1.861708164215088
-1.0250883102416992
-1.858633041381836
-1.0156786441802979
-1.8554619550704956
-1.0062966346740723
-1.8521958589553833
-0.9969432950019836
-1.848836064338684
-0.9876198768615723
-1.845383644104004
-0.9783274531364441
-1.8418396711349487
-0.9690669775009155
-1.838205337524414
-0.9598395824432373
-1.8344818353652954
-0.9506462216377258
-1.8306702375411987
-0.9414878487586975
-1.826771855354309
-0.9323655366897583
-1.8227876424789429
-0.9232800602912903
-1.8187190294265747
-0.9142324924468994
-1.8145668506622314
-0.9052236080169678
-1.8103326559066772
-0.8962542414665222
-1.806017279624939
-0.8873253464698792
-1.8016220331192017
-0.8784376978874207
-1.7971481084823608
-0.869592010974884
-1.792596697807312
-0.8607890605926514
-1.7879689931869507
-0.8520296812057495
-1.7832659482955933
-0.843314528465271
-1.7784889936447144
-0.8346443176269531
-1.77363920211792
-0.8260196447372437
-1.768717646598816
-0.8174412250518799
-1.7637256383895874
-0.8089097142219543
-1.7586642503738403
-0.80042564868927
-1.7535345554351807
-0.7919896245002747
-1.7483378648757935
-0.783602237701416
-1.7430751323699951
-0.7752639651298523
-1.7377477884292603
-0.7669754028320312
-1.7323566675186157
-0.7587369084358215
-1.7269030809402466
-0.7505490779876709
-1.7213879823684692
-0.7424123287200928
-1.7158126831054688
-0.7343271374702454
-1.7101781368255615
-0.7262938022613525
-1.704485535621643
-0.7183127999305725
-1.6987358331680298
-0.7103844285011292
-1.6929303407669067
-0.7025091648101807
-1.6870700120925903
-0.6946872472763062
-1.681155800819397
-0.6869189739227295
-1.6751890182495117
-0.6792047023773193
-1.6691704988479614
-0.6715446710586548
-1.6631014347076416
-0.6639391183853149
-1.6569827795028687
-0.6563883423805237
-1.6508156061172485
-0.6488925814628601
-1.6446008682250977
-0.6414519548416138
-1.638339638710022
-0.6340667009353638
-1.632032871246338
-0.6267369985580444
-1.6256815195083618
-0.6194630265235901
-1.6192866563796997
-0.6122449040412903
-1.612849235534668
-0.6050826907157898
-1.606370210647583
-0.5979766249656677
-1.5998504161834717
-0.5909267067909241
-1.59329092502594
-0.5839330554008484
-1.5866925716400146
-0.5769957304000854
-1.5800564289093018
-0.57011479139328
-1.5733832120895386
-0.5632902383804321
-1.5666738748550415
-0.5565221905708313
-1.5599292516708374
-0.549810528755188
-1.5531504154205322
-0.5431553721427917
-1.5463379621505737
-0.5365566611289978
-1.5394929647445679
-0.5300143957138062
-1.532616138458252
-0.523528516292572
-1.5257083177566528
-0.5170989632606506
-1.518770456314087
-0.5107256770133972
-1.511803150177002
-0.504408597946167
-1.5048073530197144
-0.4981476366519928
-1.4977836608886719
-0.49194273352622986
-1.4907331466674805
-0.4857937693595886
-1.4836562871932983
-0.47970062494277954
-1.476554036140442
-0.47366318106651306
-1.4694269895553589
-0.46768128871917725
-1.4622759819030762
-0.46175485849380493
-1.4551016092300415
-0.4558836817741394
-1.4479047060012817
-0.4500676393508911
-1.4406858682632446
-0.44430655241012573
-1.4334458112716675
-0.4386002719402313
-1.4261852502822876
-0.4329485595226288
-1.4189047813415527
-0.4273512661457062
-1.4116051197052002
-0.4218082129955292
-1.4042868614196777
-0.4163191616535187
-1.3969507217407227
-0.4108838737010956
-1.3895971775054932
-0.40550220012664795
-1.3822269439697266
-0.4001738727092743
-1.374840497970581
-0.3948986828327179
-1.3674386739730835
-0.38967636227607727
-1.360021710395813
-0.3845067024230957
-1.352590560913086
-0.3793894350528717
-1.3451454639434814
-0.37432432174682617
-1.3376870155334473
-0.36931106448173523
-1.3302159309387207
-0.36434945464134216
-1.3227325677871704
-0.3594391942024231
-1.3152375221252441
-0.35458001494407654
-1.3077312707901
-0.3497716188430786
-1.3002142906188965
-0.34501373767852783
-1.2926870584487915
-0.3403061032295227
-1.285150170326233
-0.33564841747283936
-1.2776039838790894
-0.3310403525829315
-1.2700488567352295
-0.3264816403388977
-1.2624855041503906
-0.32197198271751404
-1.2549142837524414
-0.31751108169555664
-1.247335433959961
-0.31309857964515686
-1.239749550819397
-0.3087342381477356
-1.2321569919586182
-0.3044176697731018
-1.2245582342147827
-0.3001486361026764
-1.2169536352157593
-0.2959267497062683
-1.2093435525894165
-0.2917517125606537
-1.201728343963623
-0.28762322664260864
-1.1941083669662476
-0.2835409343242645
-1.1864840984344482
-0.27950453758239746
-1.1788557767868042
-0.2755136489868164
-1.1712238788604736
-0.27156803011894226
-1.1635886430740356
-0.2676672637462616
-1.1559503078460693
-0.26381105184555054
-1.148309350013733
-0.25999903678894043
-1.1406660079956055
-0.2562309205532074
-1.1330206394195557
-0.2525063455104828
-1.1253736019134521
-0.24882495403289795
-1.1177250146865845
-0.24518641829490662
-1.1100752353668213
-0.24159041047096252
-1.1024245023727417
-0.23803658783435822
-1.094773292541504
-0.23452457785606384
-1.087121605873108
-0.23105406761169434
-1.0794697999954224
-0.22762471437454224
-1.0718181133270264
-0.2242361456155777
-1.064166784286499
-0.22088803350925446
-1.056516170501709
-0.21758003532886505
-1.0488662719726562
-0.21431180834770203
-1.041217565536499
-0.21108300983905792
-1.0335700511932373
-0.2078932821750641
-1.0259239673614502
-0.20474228262901306
-1.0182796716690063
-0.2016296684741974
-1.0106372833251953
-0.1985550969839096
-1.0029969215393066
-0.19551821053028107
-0.9953588247299194
-0.1925186812877655
-0.987723171710968
-0.18955616652965546
-0.9800901412963867
-0.18663030862808228
-0.9724599123001099
-0.1837407797574997
-0.964832603931427
-0.18088722229003906
-0.9572084546089172
-0.17806929349899292
-0.9495875239372253
-0.175286665558815
-0.9419699907302856
-0.17253898084163666
-0.9343560338020325
-0.16982591152191162
-0.9267457723617554
-0.16714711487293243
-0.9191393256187439
-0.16450224816799164
-0.9115368723869324
-0.16189098358154297
-0.9039384126663208
-0.15931296348571777
-0.8963441848754883
-0.15676787495613098
-0.8887542486190796
-0.15425536036491394
-0.8811687231063843
-0.15177510678768158
-0.8735876679420471
-0.14932677149772644
-0.8660112619400024
-0.14691002666950226
-0.858439564704895
-0.14452451467514038
-0.8508726358413696
-0.14216995239257812
-0.8433105945587158
-0.13984596729278564
-0.8357535600662231
-0.13755224645137787
-0.8282015323638916
-0.13528847694396973
-0.8206546306610107
-0.13305430114269257
-0.8131129145622253
-0.1308494359254837
-0.8055764436721802
-0.1286735236644745
-0.7980453372001648
-0.12652625143527985
-0.7905195355415344
-0.12440730631351471
-0.7829992175102234
-0.12231636047363281
-0.7754843831062317
-0.12025310099124908
-0.7679750323295593
-0.11821720749139786
-0.7604713439941406
-0.11620836704969406
-0.752973198890686
-0.11422625929117203
-0.7454807162284851
-0.11227057129144669
-0.7379939556121826
-0.11034099757671356
-0.7305129170417786
-0.10843722522258759
-0.723037600517273
-0.10655894130468369
-0.7155681252479553
-0.10470584034919739
-0.7081043720245361
-0.10287762433290482
-0.7006465196609497
-0.1010739728808403
-0.6931944489479065
-0.09929458796977997
-0.6857482194900513
-0.09753917157649994
-0.6783078908920288
-0.09580741822719574
-0.6708734035491943
-0.0940990298986435
-0.6634448170661926
-0.09241370856761932
-0.6560221314430237
-0.09075114876031876
-0.6486052870750427
-0.0891110748052597
-0.6411943435668945
-0.0874931737780571
-0.6337892413139343
-0.08589716255664825
-0.6263900399208069
-0.08432275056838989
-0.6189966797828674
-0.08276963979005814
-0.611609160900116
-0.0812375396490097
-0.6042274832725525
-0.07972618192434311
-0.5968515872955322
-0.07823526114225388
-0.5894815325737
-0.07676449418067932
-0.5821172595024109
-0.07531361281871796
-0.5747587084770203
-0.0738823190331459
-0.5674059391021729
-0.07247034460306168
-0.5600588321685791
-0.07107739895582199
-0.552717387676239
-0.06970321387052536
-0.5453816056251526
-0.0683474987745285
-0.5380514860153198
-0.06701000034809113
-0.5307268500328064
-0.06569042056798935
-0.5234078168869019
-0.06438850611448288
-0.5160943269729614
-0.06310397386550903
-0.5087862014770508
-0.06183655560016632
-0.5014835596084595
-0.06058598682284355
-0.49418631196022034
-0.05935199558734894
-0.4868943989276886
-0.05813431739807129
-0.4796077609062195
-0.056932684034109116
-0.4723263680934906
-0.055746834725141525
-0.46505019068717957
-0.05457650497555733
-0.4577791392803192
-0.05342143401503563
-0.45051318407058716
-0.05228136107325554
-0.4432522654533386
-0.051156025379896164
-0.43599632382392883
-0.05004516616463661
-0.4287453293800354
-0.048948533833026886
-0.42149919271469116
-0.047865867614746094
-0.41425788402557373
-0.04679691046476364
-0.40702134370803833
-0.04574141278862953
-0.3997894525527954
-0.04469912126660347
-0.39256224036216736
-0.04366978257894516
-0.38533955812454224
-0.042653147131204605
-0.37812137603759766
-0.04164896160364151
-0.37090766429901123
-0.040656980127096176
-0.3636983036994934
-0.039676956832408905
-0.3564932346343994
-0.0387086421251297
-0.34929242730140686
-0.03775179386138916
-0.3420957624912262
-0.03680616244673729
-0.33490318059921265
-0.03587150573730469
-0.3277146518230438
-0.034947581589221954
-0.3205300569534302
-0.03403414785861969
-0.31334933638572693
-0.033130962401628494
-0.3061724305152893
-0.032237786799669266
-0.29899922013282776
-0.031354378908872604
-0.2918296754360199
-0.03048050031065941
-0.28466370701789856
-0.029615914449095726
-0.27750125527381897
-0.028760382905602455
-0.2703422009944916
-0.027913670986890793
-0.2631864845752716
-0.027075542137026787
-0.2560340166091919
-0.026245761662721634
-0.24888475239276886
-0.02542409487068653
-0.24173857271671295
-0.024610308930277824
-0.2345954179763794
-0.02380416914820671
-0.22745518386363983
-0.023005446419119835
-0.2203178107738495
-0.022213907912373543
-0.2131832093000412
-0.02142932265996933
-0.2060512751340866
-0.02065145969390869
-0.19892194867134094
-0.019880089908838272
-0.19179514050483704
-0.019114984199404716
-0.18467076122760773
-0.01835591532289982
-0.17754872143268585
-0.017602652311325073
-0.17042893171310425
-0.016854969784617424
-0.16331131756305695
-0.016112640500068665
-0.15619578957557678
-0.015375437214970589
-0.1490822583436966
-0.01464313454926014
-0.14197061955928802
-0.013915506191551685
-0.1348607987165451
-0.01319232676178217
-0.12775272130966187
-0.01247337181121111
-0.12064627557992935
-0.011758416891098022
-0.113541379570961
-0.011047237552702427
-0.10643794387578964
-0.01033960934728384
-0.09933587908744812
-0.009635310620069504
-0.09223509579896927
-0.00893411599099636
-0.08513549715280533
-0.008235803805291653
-0.07803700119256973
-0.007540150545537472
-0.07093951851129532
-0.006846935022622347
-0.06384294480085373
-0.00615593371912837
-0.056747205555438995
-0.005466925445944071
-0.04965219646692276
-0.004779687616974115
-0.04255782812833786
-0.004093999043107033
-0.03546401485800743
-0.003409638302400708
-0.028370659798383713
-0.0027263835072517395
-0.021277673542499542
-0.0020440134685486555
-0.014184962026774883
-0.0013623071135953069
-0.007092434912919998
-0.0006810429622419178
1.5176155908266107e-15
4.317692426871909e-15
0.007092434912919998
0.0006810429622419178
0.014184962026774883
0.0013623071135953069
0.021277673542499542
0.0020440134685486555
0.028370659798383713
0.0027263835072517395
0.03546401485800743
0.003409638302400708
0.04255782812833786
0.004093999043107033
0.04965219646692276
0.004779687616974115
0.056747205555438995
0.005466925445944071
0.06384294480085373
0.00615593371912837
0.07093951851129532
0.006846935022622347
0.07803700119256973
0.007540150545537472
0.08513549715280533
0.008235803805291653
0.09223509579896927
0.00893411599099636
0.09933587908744812
0.009635310620069504
0.10643794387578964
0.01033960934728384
0.113541379570961
0.011047237552702427
0.12064627557992935
0.011758416891098022
0.12775272130966187
0.01247337181121111
0.1348607987165451
0.01319232676178217
0.14197061955928802
0.013915506191551685
0.1490822583436966
0.01464313454926014
0.15619578957557678
0.015375437214970589
0.16331131756305695
0.016112640500068665
0.17042893171310425
0.016854969784617424
0.17754872143268585
0.017602652311325073
0.18467076122760773
0.01835591532289982
0.19179514050483704
0.019114984199404716
0.19892194867134094
0.019880089908838272
0.2060512751340866
0.02065145969390869
0.2131832093000412
0.02142932265996933
0.2203178107738495
0.022213907912373543
0.22745518386363983
0.023005446419119835
0.2345954179763794
0.02380416914820671
0.24173857271671295
0.024610308930277824
0.24888475239276886
0.02542409487068653
0.2560340166091919
0.026245761662721634
0.2631864845752716
0.027075542137026787
0.2703422009944916
0.027913670986890793
0.27750125527381897
0.028760382905602455
0.28466370701789856
0.029615914449095726
0.2918296754360199
0.03048050031065941
0.29899922013282776
0.031354378908872604
0.3061724305152893
0.032237786799669266
0.31334933638572693
0.033130962401628494
0.3205300569534302
0.03403414785861969
0.3277146518230438
0.034947581589221954
0.33490318059921265
0.03587150573730469
0.3420957624912262
0.03680616244673729
0.34929242730140686
0.03775179386138916
0.3564932346343994
0.0387086421251297
0.3636983036994934
0.039676956832408905
0.37090766429901123
0.040656980127096176
0.37812137603759766
0.04164896160364151
0.38533955812454224
0.042653147131204605
0.39256224036216736
0.04366978257894516
0.3997894525527954
0.04469912126660347
0.40702134370803833
0.04574141278862953
0.41425788402557373
0.04679691046476364
0.42149919271469116
0.047865867614746094
0.4287453293800354
0.048948533833026886
0.43599632382392883
0.05004516616463661
0.4432522654533386
0.051156025379896164
0.45051318407058716
0.05228136107325554
0.4577791392803192
0.05342143401503563
0.46505019068717957
0.05457650497555733
0.4723263680934906
0.055746834725141525
0.4796077609062195
0.056932684034109116
0.4868943989276886
0.05813431739807129
0.49418631196022034
0.05935199558734894
0.5014835596084595
0.06058598682284355
0.5087862014770508
0.06183655560016632
0.5160943269729614
0.06310397386550903
0.5234078168869019
0.06438850611448288
0.5307268500328064
0.06569042056798935
0.5380514860153198
0.06701000034809113
0.5453816056251526
0.0683474987745285
0.552717387676239
0.06970321387052536
0.5600588321685791
0.07107739895582199
0.5674059391021729
0.07247034460306168
0.5747587084770203
0.0738823190331459
0.5821172595024109
0.07531361281871796
0.5894815325737
0.07676449418067932
0.5968515872955322
0.07823526114225388
0.6042274832725525
0.07972618192434311
0.611609160900116
0.0812375396490097
0.6189966797828674
0.08276963979005814
0.6263900399208069
0.08432275056838989
0.6337892413139343
0.08589716255664825
0.6411943435668945
0.0874931737780571
0.6486052870750427
0.0891110748052597
0.6560221314430237
0.09075114876031876
0.6634448170661926
0.09241370856761932
0.6708734035491943
0.0940990298986435
0.6783078908920288
0.09580741822719574
0.6857482194900513
0.09753917157649994
0.6931944489479065
0.09929458796977997
0.7006465196609497
0.1010739728808403
0.7081043720245361
0.10287762433290482
0.7155681252479553
0.10470584034919739
0.723037600517273
0.10655894130468369
0.7305129170417786
0.10843722522258759
0.7379939556121826
0.11034099757671356
0.7454807162284851
0.11227057129144669
0.752973198890686
0.11422625929117203
0.7604713439941406
0.11620836704969406
0.7679750323295593
0.11821720749139786
0.7754843831062317
0.12025310099124908
0.7829992175102234
0.12231636047363281
0.7905195355415344
0.12440730631351471
0.7980453372001648
0.12652625143527985
0.8055764436721802
0.1286735236644745
0.8131129145622253
0.1308494359254837
0.8206546306610107
0.13305430114269257
0.8282015323638916
0.13528847694396973
0.8357535600662231
0.13755224645137787
0.8433105945587158
0.13984596729278564
0.8508726358413696
0.14216995239257812
0.858439564704895
0.14452451467514038
0.8660112619400024
0.14691002666950226
0.8735876679420471
0.14932677149772644
0.8811687231063843
0.15177510678768158
0.8887542486190796
0.15425536036491394
0.8963441848754883
0.15676787495613098
0.9039384126663208
0.15931296348571777
0.9115368723869324
0.16189098358154297
0.9191393256187439
0.16450224816799164
0.9267457723617554
0.16714711487293243
0.9343560338020325
0.16982591152191162
0.9419699907302856
0.17253898084163666
0.9495875239372253
0.175286665558815
0.9572084546089172
0.17806929349899292
0.964832603931427
0.18088722229003906
0.9724599123001099
0.1837407797574997
0.9800901412963867
0.18663030862808228
0.987723171710968
0.18955616652965546
0.9953588247299194
0.1925186812877655
1.0029969215393066
0.19551821053028107
1.0106372833251953
0.1985550969839096
1.0182796716690063
0.2016296684741974
1.0259239673614502
0.20474228262901306
1.0335700511932373
0.2078932821750641
1.041217565536499
0.21108300983905792
1.0488662719726562
0.21431180834770203
1.056516170501709
0.21758003532886505
1.064166784286499
0.22088803350925446
1.0718181133270264
0.2242361456155777
1.0794697999954224
0.22762471437454224
1.087121605873108
0.23105406761169434
1.094773292541504
0.23452457785606384
1.1024245023727417
0.23803658783435822
1.1100752353668213
0.24159041047096252
1.1177250146865845
0.24518641829490662
1.1253736019134521
0.24882495403289795
1.1330206394195557
0.2525063455104828
1.1406660079956055
0.2562309205532074
1.148309350013733
0.25999903678894043
1.1559503078460693
0.26381105184555054
1.1635886430740356
0.2676672637462616
1.1712238788604736
0.27156803011894226
1.1788557767868042
0.2755136489868164
1.1864840984344482
0.27950453758239746
1.1941083669662476
0.2835409343242645
1.201728343963623
0.28762322664260864
1.2093435525894165
0.2917517125606537
1.2169536352157593
0.2959267497062683
1.2245582342147827
0.3001486361026764
1.2321569919586182
0.3044176697731018
1.239749550819397
0.3087342381477356
1.247335433959961
0.31309857964515686
1.2549142837524414
0.31751108169555664
1.2624855041503906
0.32197198271751404
1.2700488567352295
0.3264816403388977
1.2776039838790894
0.3310403525829315
1.285150170326233
0.33564841747283936
1.2926870584487915
0.3403061032295227
1.3002142906188965
0.34501373767852783
1.3077312707901
0.3497716188430786
1.3152375221252441
0.35458001494407654
1.3227325677871704
0.3594391942024231
1.3302159309387207
0.36434945464134216
1.3376870155334473
0.36931106448173523
1.3451454639434814
0.37432432174682617
1.352590560913086
0.3793894350528717
1.360021710395813
0.3845067024230957
1.3674386739730835
0.38967636227607727
1.374840497970581
0.3948986828327179
1.3822269439697266
0.4001738727092743
1.3895971775054932
0.40550220012664795
1.3969507217407227
0.4108838737010956
1.4042868614196777
0.4163191616535187
1.4116051197052002
0.4218082129955292
1.4189047813415527
0.4273512661457062
1.4261852502822876
0.4329485595226288
1.4334458112716675
0.4386002719402313
1.4406858682632446
0.44430655241012573
1.4479047060012817
0.4500676393508911
1.4551016092300415
0.4558836817741394
1.4622759819030762
0.46175485849380493
1.4694269895553589
0.46768128871917725
1.476554036140442
0.47366318106651306
1.4836562871932983
0.47970062494277954
1.4907331466674805
0.4857937693595886
1.4977836608886719
0.49194273352622986
1.5048073530197144
0.4981476366519928
1.511803150177002
0.504408597946167
1.518770456314087
0.5107256770133972
1.5257083177566528
0.5170989632606506
1.532616138458252
0.523528516292572
1.5394929647445679
0.5300143957138062
1.5463379621505737
0.5365566611289978
1.5531504154205322
0.5431553721427917
1.5599292516708374
0.549810528755188
1.5666738748550415
0.5565221905708313
1.5733832120895386
0.5632902383804321
1.5800564289093018
0.57011479139328
1.5866925716400146
0.5769957304000854
1.59329092502594
0.5839330554008484
1.5998504161834717
0.5909267067909241
1.606370210647583
0.5979766249656677
1.612849235534668
0.6050826907157898
1.6192866563796997
0.6122449040412903
1.6256815195083618
0.6194630265235901
1.632032871246338
0.6267369985580444
1.638339638710022
0.6340667009353638
1.6446008682250977
0.6414519548416138
1.6508156061172485
0.6488925814628601
1.6569827795028687
0.6563883423805237
1.6631014347076416
0.6639391183853149
1.6691704988479614
0.6715446710586548
1.6751890182495117
0.6792047023773193
1.681155800819397
0.6869189739227295
1.6870700120925903
0.6946872472763062
1.6929303407669067
0.7025091648101807
1.6987358331680298
0.7103844285011292
1.704485535621643
0.7183127999305725
1.7101781368255615
0.7262938022613525
1.7158126831054688
0.7343271374702454
1.7213879823684692
0.7424123287200928
1.7269030809402466
0.7505490779876709
1.7323566675186157
0.7587369084358215
1.7377477884292603
0.7669754028320312
1.7430751323699951
0.7752639651298523
1.7483378648757935
0.783602237701416
1.7535345554351807
0.7919896245002747
1.7586642503738403
0.80042564868927
1.7637256383895874
0.8089097142219543
1.768717646598816
0.8174412250518799
1.77363920211792
0.8260196447372437
1.7784889936447144
0.8346443176269531
1.7832659482955933
0.843314528465271
1.7879689931869507
0.8520296812057495
1.792596697807312
0.8607890605926514
1.7971481084823608
0.869592010974884
1.8016220331192017
0.8784376978874207
1.806017279624939
0.8873253464698792
1.8103326559066772
0.8962542414665222
1.8145668506622314
0.9052236080169678
1.8187190294265747
0.9142324924468994
1.8227876424789429
0.9232800602912903
1.826771855354309
0.9323655366897583
1.8306702375411987
0.9414878487586975
1.8344818353652954
0.9506462216377258
1.838205337524414
0.9598395824432373
1.8418396711349487
0.9690669775009155
1.845383644104004
0.9783274531364441
1.848836064338684
0.9876198768615723
1.8521958589553833
0.9969432950019836
1.8554619550704956
1.0062966346740723
1.858633041381836
1.0156786441802979
1.861708164215088
1.0250883102416992
1.864686131477356
1.0345245599746704
1.8675658702850342
1.0439859628677368
1.8703463077545166
1.053471565246582
1.8730262517929077
1.062980055809021
1.8756047487258911
1.072510004043579
1.8780807256698608
1.08206045627594
1.880453109741211
1.0916298627853394
1.8827208280563354
1.1012170314788818
1.8848828077316284
1.1108206510543823
1.886938214302063
1.1204391717910767
1.8888859748840332
1.1300712823867798
1.890725016593933
1.1397156715393066
1.8924546241760254
1.149370789527893
1.894073486328125
1.1590352058410645
1.8955810070037842
1.1687074899673462
1.896976113319397
1.1783860921859741
1.8982579708099365
1.188069462776184
1.899425745010376
1.197756052017212
1.900478482246399
1.2074443101882935
1.901415467262268
1.2171326875686646
1.9022358655929565
1.226819634437561
1.9029388427734375
1.2365033626556396
1.9035236835479736
1.2461824417114258
1.9039896726608276
1.2558550834655762
1.9043359756469727
1.2655194997787476
1.9045621156692505
1.2751742601394653
1.9046673774719238
1.2848175764083862
1.904651165008545
1.2944475412368774
1.904512643814087
1.3040626049041748
1.9042515754699707
1.3136610984802246
1.9038671255111694
1.3232409954071045
1.903359055519104
1.3328006267547607
1.902726650238037
1.3423383235931396
1.9019695520401
1.3518521785736084
1.9010874032974243
1.3613404035568237
1.9000797271728516
1.3708010911941528
1.8989461660385132
1.380232572555542
1.89768648147583
1.3896328210830688
1.8963003158569336
1.3990001678466797
1.8947874307632446
1.4083327054977417
1.893147587776184
1.4176286458969116
1.8913806676864624
1.426885962486267
1.8894864320755005
1.4361028671264648
1.8874648809432983
1.4452775716781616
1.8853158950805664
1.454408049583435
1.8830393552780151
1.4634926319122314
1.880635380744934
1.4725291728973389
1.8781039714813232
1.4815161228179932
1.8754451274871826
1.4904513359069824
1.8726589679718018
1.499333143234253
1.8697458505630493
1.5081596374511719
1.8667056560516357
1.5169289112091064
1.8635388612747192
1.5256390571594238
1.860245704650879
1.5342884063720703
1.8568263053894043
1.5428749322891235
1.8532811403274536
1.5513969659805298
1.849610686302185
1.5598526000976562
1.8458151817321777
1.5682400465011597
1.8418952226638794
1.5765575170516968
1.8378511667251587
1.5848032236099243
1.833683729171753
1.592975378036499
1.8293935060501099
1.6010721921920776
1.8249808549880981
1.609092116355896
1.8204467296600342
1.6170331239700317
1.8157917261123657
1.6248937845230103
1.81101655960083
1.6326721906661987
1.8061219453811646
1.640366792678833
1.8011088371276855
1.647976040840149
1.7959779500961304
1.6554980278015137
1.790730357170105
1.6629314422607422
1.7853667736053467
1.6702744960784912
1.7798882722854614
1.6775257587432861
1.7742959260940552
1.6846835613250732
1.7685906887054443
1.6917465925216675
1.7627735137939453
1.6987131834030151
1.7568457126617432
1.7055820226669312
1.7508083581924438
1.7123515605926514
1.7446626424789429
1.7190203666687012
1.7384096384048462
1.725587248802185
1.7320507764816284
1.7320507764816284
1.725587248802185
1.7384096384048462
1.7190203666687012
1.7446626424789429
1.7123515605926514
1.7508083581924438
1.7055820226669312
1.7568457126617432
1.6987131834030151
1.7627735137939453
1.6917465925216675
1.7685906887054443
1.6846835613250732
1.7742959260940552
1.6775257587432861
1.7798882722854614
1.6702744960784912
1.7853667736053467
1.6629314422607422
1.790730357170105
1.6554980278015137
1.7959779500961304
1.647976040840149
1.8011088371276855
1.640366792678833
1.8061219453811646
1.6326721906661987
1.81101655960083
1.6248937845230103
1.8157917261123657
1.6170331239700317
1.8204467296600342
1.609092116355896
1.8249808549880981
1.6010721921920776
1.8293935060501099
1.592975378036499
1.833683729171753
1.5848032236099243
1.8378511667251587
1.5765575170516968
1.8418952226638794
1.5682400465011597
1.8458151817321777
1.5598526000976562
1.849610686302185
1.5513969659805298
1.8532811403274536
1.5428749322891235
1.8568263053894043
1.5342884063720703
1.860245704650879
1.5256390571594238
1.8635388612747192
1.5169289112091064
1.8667056560516357
1.5081596374511719
1.8697458505630493
1.499333143234253
1.8726589679718018
1.4904513359069824
1.8754451274871826
1.4815161228179932
1.8781039714813232
1.4725291728973389
1.880635380744934
1.4634926319122314
1.8830393552780151
1.454408049583435
1.8853158950805664
1.4452775716781616
1.8874648809432983
1.4361028671264648
1.8894864320755005
1.426885962486267
1.8913806676864624
1.4176286458969116
1.893147587776184
1.4083327054977417
1.8947874307632446
1.3990001678466797
1.8963003158569336
1.3896328210830688
1.89768648147583
1.380232572555542
1.8989461660385132
1.3708010911941528
1.9000797271728516
1.3613404035568237
1.9010874032974243
1.3518521785736084
1.9019695520401
1.3423383235931396
1.902726650238037
1.3328006267547607
1.903359055519104
1.3232409954071045
1.9038671255111694
1.3136610984802246
1.9042515754699707
1.3040626049041748
1.904512643814087
1.2944475412368774
1.904651165008545
1.2848175764083862
1.9046673774719238
1.2751742601394653
1.9045621156692505
1.2655194997787476
1.9043359756469727
1.2558550834655762
1.9039896726608276
1.2461824417114258
1.9035236835479736
1.2365033626556396
1.9029388427734375
1.226819634437561
1.9022358655929565
1.2171326875686646
1.901415467262268
1.2074443101882935
1.900478482246399
1.197756052017212
1.899425745010376
1.188069462776184
1.8982579708099365
1.1783860921859741
1.896976113319397
1.1687074899673462
1.8955810070037842
1.1590352058410645
1.894073486328125
1.149370789527893
1.8924546241760254
1.1397156715393066
1.890725016593933
1.1300712823867798
1.8888859748840332
1.1204391717910767
1.886938214302063
1.1108206510543823
1.8848828077316284
1.1012170314788818
1.8827208280563354
1.0916298627853394
1.880453109741211
1.08206045627594
1.8780807256698608
1.072510004043579
1.8756047487258911
1.062980055809021
1.8730262517929077
1.053471565246582
1.8703463077545166
1.0439859628677368
1.8675658702850342
1.0345245599746704
1.864686131477356
1.0250883102416992
1.861708164215088
1.0156786441802979
1.858633041381836
1.0062966346740723
1.8554619550704956
0.9969432950019836
1.8521958589553833
0.9876198768615723
1.848836064338684
0.9783274531364441
1.845383644104004
0.9690669775009155
1.8418396711349487
0.9598395824432373
1.838205337524414
0.9506462216377258
1.8344818353652954
0.9414878487586975
1.8306702375411987
0.9323655366897583
1.826771855354309
0.9232800602912903
1.8227876424789429
0.9142324924468994
1.8187190294265747
0.9052236080169678
1.8145668506622314
0.8962542414665222
1.8103326559066772
0.8873253464698792
1.806017279624939
0.8784376978874207
1.8016220331192017
0.869592010974884
1.7971481084823608
0.8607890605926514
1.792596697807312
0.8520296812057495
1.7879689931869507
0.843314528465271
1.7832659482955933
0.8346443176269531
1.7784889936447144
0.8260196447372437
1.77363920211792
0.8174412250518799
1.768717646598816
0.8089097142219543
1.7637256383895874
0.80042564868927
1.7586642503738403
0.7919896245002747
1.7535345554351807
0.783602237701416
1.7483378648757935
0.7752639651298523
1.7430751323699951
0.7669754028320312
1.7377477884292603
0.7587369084358215
1.7323566675186157
0.7505490779876709
1.7269030809402466
0.7424123287200928
1.7213879823684692
0.7343271374702454
1.7158126831054688
0.7262938022613525
1.7101781368255615
0.7183127999305725
1.704485535621643
0.7103844285011292
1.6987358331680298
0.7025091648101807
1.6929303407669067
0.6946872472763062
1.6870700120925903
0.6869189739227295
1.681155800819397
0.6792047023773193
1.6751890182495117
0.6715446710586548
1.6691704988479614
0.6639391183853149
1.6631014347076416
0.6563883423805237
1.6569827795028687
0.6488925814628601
1.6508156061172485
0.6414519548416138
1.6446008682250977
0.6340667009353638
1.638339638710022
0.6267369985580444
1.632032871246338
0.6194630265235901
1.6256815195083618
0.6122449040412903
1.6192866563796997
0.6050826907157898
1.612849235534668
0.5979766249656677
1.606370210647583
0.5909267067909241
1.5998504161834717
0.5839330554008484
1.59329092502594
0.5769957304000854
1.5866925716400146
0.57011479139328
1.5800564289093018
0.5632902383804321
1.5733832120895386
0.5565221905708313
1.5666738748550415
0.549810528755188
1.5599292516708374
0.5431553721427917
1.5531504154205322
0.5365566611289978
1.5463379621505737
0.5300143957138062
1.5394929647445679
0.523528516292572
1.532616138458252
0.5170989632606506
1.5257083177566528
0.5107256770133972
1.518770456314087
0.504408597946167
1.511803150177002
0.4981476366519928
1.5048073530197144
0.49194273352622986
1.4977836608886719
0.4857937693595886
1.4907331466674805
0.47970062494277954
1.4836562871932983
0.47366318106651306
1.476554036140442
0.46768128871917725
1.4694269895553589
0.46175485849380493
1.4622759819030762
0.4558836817741394
1.4551016092300415
0.4500676393508911
1.4479047060012817
0.44430655241012573
1.4406858682632446
0.4386002719402313
1.4334458112716675
0.4329485595226288
1.4261852502822876
0.4273512661457062
1.4189047813415527
0.4218082129955292
1.4116051197052002
0.4163191616535187
1.4042868614196777
0.4108838737010956
1.3969507217407227
0.40550220012664795
1.3895971775054932
0.4001738727092743
1.3822269439697266
0.3948986828327179
1.374840497970581
0.38967636227607727
1.3674386739730835
0.3845067024230957
1.360021710395813
0.3793894350528717
1.352590560913086
0.37432432174682617
1.3451454639434814
0.36931106448173523
1.3376870155334473
0.36434945464134216
1.3302159309387207
0.3594391942024231
1.3227325677871704
0.35458001494407654
1.3152375221252441
0.3497716188430786
1.3077312707901
0.34501373767852783
1.3002142906188965
0.3403061032295227
1.2926870584487915
0.33564841747283936
1.285150170326233
0.3310403525829315
1.2776039838790894
0.3264816403388977
1.2700488567352295
0.32197198271751404
1.2624855041503906
0.31751108169555664
1.2549142837524414
0.31309857964515686
1.247335433959961
0.3087342381477356
1.239749550819397
0.3044176697731018
1.2321569919586182
0.3001486361026764
1.2245582342147827
0.2959267497062683
1.2169536352157593
0.2917517125606537
1.2093435525894165
0.28762322664260864
1.201728343963623
0.2835409343242645
1.1941083669662476
0.27950453758239746
1.1864840984344482
0.2755136489868164
1.1788557767868042
0.27156803011894226
1.1712238788604736
0.2676672637462616
1.1635886430740356
0.26381105184555054
1.1559503078460693
0.25999903678894043
1.148309350013733
0.2562309205532074
1.1406660079956055
0.2525063455104828
1.1330206394195557
0.24882495403289795
1.1253736019134521
0.24518641829490662
1.1177250146865845
0.24159041047096252
1.1100752353668213
0.23803658783435822
1.1024245023727417
0.23452457785606384
1.094773292541504
0.23105406761169434
1.087121605873108
0.22762471437454224
1.0794697999954224
0.2242361456155777
1.0718181133270264
0.22088803350925446
1.064166784286499
0.21758003532886505
1.056516170501709
0.21431180834770203
1.0488662719726562
0.21108300983905792
1.041217565536499
0.2078932821750641
1.0335700511932373
0.20474228262901306
1.0259239673614502
0.2016296684741974
1.0182796716690063
0.1985550969839096
1.0106372833251953
0.19551821053028107
1.0029969215393066
0.1925186812877655
0.9953588247299194
0.18955616652965546
0.987723171710968
0.18663030862808228
0.9800901412963867
0.1837407797574997
0.9724599123001099
0.18088722229003906
0.964832603931427
0.17806929349899292
0.9572084546089172
0.175286665558815
0.9495875239372253
0.17253898084163666
0.9419699907302856
0.16982591152191162
0.9343560338020325
0.16714711487293243
0.9267457723617554
0.16450224816799164
0.9191393256187439
0.16189098358154297
0.9115368723869324
0.15931296348571777
0.9039384126663208
0.15676787495613098
0.8963441848754883
0.15425536036491394
0.8887542486190796
0.15177510678768158
0.8811687231063843
0.14932677149772644
0.8735876679420471
0.14691002666950226
0.8660112619400024
0.14452451467514038
0.858439564704895
0.14216995239257812
0.8508726358413696
0.13984596729278564
0.8433105945587158
0.13755224645137787
0.8357535600662231
0.13528847694396973
0.8282015323638916
0.13305430114269257
0.8206546306610107
0.1308494359254837
0.8131129145622253
0.1286735236644745
0.8055764436721802
0.12652625143527985
0.7980453372001648
0.12440730631351471
0.7905195355415344
0.12231636047363281
0.7829992175102234
0.12025310099124908
0.7754843831062317
0.11821720749139786
0.7679750323295593
0.11620836704969406
0.7604713439941406
0.11422625929117203
0.752973198890686
0.11227057129144669
0.7454807162284851
0.11034099757671356
0.7379939556121826
0.10843722522258759
0.7305129170417786
0.10655894130468369
0.723037600517273
0.10470584034919739
0.7155681252479553
0.10287762433290482
0.7081043720245361
0.1010739728808403
0.7006465196609497
0.09929458796977997
0.6931944489479065
0.09753917157649994
0.6857482194900513
0.09580741822719574
0.6783078908920288
0.0940990298986435
0.6708734035491943
0.09241370856761932
0.6634448170661926
0.09075114876031876
0.6560221314430237
0.0891110748052597
0.6486052870750427
0.0874931737780571
0.6411943435668945
0.08589716255664825
0.6337892413139343
0.08432275056838989
0.6263900399208069
0.08276963979005814
0.6189966797828674
0.0812375396490097
0.611609160900116
0.07972618192434311
0.6042274832725525
0.07823526114225388
0.5968515872955322
0.07676449418067932
0.5894815325737
0.07531361281871796
0.5821172595024109
0.0738823190331459
0.5747587084770203
0.07247034460306168
0.5674059391021729
0.07107739895582199
0.5600588321685791
0.06970321387052536
0.552717387676239
0.0683474987745285
0.5453816056251526
0.06701000034809113
0.5380514860153198
0.06569042056798935
0.5307268500328064
0.06438850611448288
0.5234078168869019
0.06310397386550903
0.5160943269729614
0.06183655560016632
0.5087862014770508
0.06058598682284355
0.5014835596084595
0.05935199558734894
0.49418631196022034
0.05813431739807129
0.4868943989276886
0.056932684034109116
0.4796077609062195
0.055746834725141525
0.4723263680934906
0.05457650497555733
0.46505019068717957
0.05342143401503563
0.4577791392803192
0.05228136107325554
0.45051318407058716
0.051156025379896164
0.4432522654533386
0.05004516616463661
0.43599632382392883
0.048948533833026886
0.4287453293800354
0.047865867614746094
0.42149919271469116
0.04679691046476364
0.41425788402557373
0.04574141278862953
0.40702134370803833
0.04469912126660347
0.3997894525527954
0.04366978257894516
0.39256224036216736
0.042653147131204605
0.38533955812454224
0.04164896160364151
0.37812137603759766
0.040656980127096176
0.37090766429901123
0.039676956832408905
0.3636983036994934
0.0387086421251297
0.3564932346343994
0.03775179386138916
0.34929242730140686
0.03680616244673729
0.3420957624912262
0.03587150573730469
0.33490318059921265
0.034947581589221954
0.3277146518230438
0.03403414785861969
0.3205300569534302
0.033130962401628494
0.31334933638572693
0.032237786799669266
0.3061724305152893
0.031354378908872604
0.29899922013282776
0.03048050031065941
0.2918296754360199
0.029615914449095726
0.28466370701789856
0.028760382905602455
0.27750125527381897
0.027913670986890793
0.2703422009944916
0.027075542137026787
0.2631864845752716
0.026245761662721634
0.2560340166091919
0.02542409487068653
0.24888475239276886
0.024610308930277824
0.24173857271671295
0.02380416914820671
0.2345954179763794
0.023005446419119835
0.22745518386363983
0.022213907912373543
0.2203178107738495
0.02142932265996933
0.2131832093000412
0.02065145969390869
0.2060512751340866
0.019880089908838272
0.19892194867134094
0.019114984199404716
0.19179514050483704
0.01835591532289982
0.18467076122760773
0.017602652311325073
0.17754872143268585
0.016854969784617424
0.17042893171310425
0.016112640500068665
0.16331131756305695
0.015375437214970589
0.15619578957557678
0.01464313454926014
0.1490822583436966
0.013915506191551685
0.14197061955928802
0.01319232676178217
0.1348607987165451
0.01247337181121111
0.12775272130966187
0.011758416891098022
0.12064627557992935
0.011047237552702427
0.113541379570961
0.01033960934728384
0.10643794387578964
0.009635310620069504
0.09933587908744812
0.00893411599099636
0.09223509579896927
0.008235803805291653
0.08513549715280533
0.007540150545537472
0.07803700119256973
0.006846935022622347
0.07093951851129532
0.00615593371912837
0.06384294480085373
0.005466925445944071
0.056747205555438995
0.004779687616974115
0.04965219646692276
0.004093999043107033
0.04255782812833786
0.003409638302400708
0.03546401485800743
0.0027263835072517395
0.028370659798383713
0.0020440134685486555
0.021277673542499542
0.0013623071135953069
0.014184962026774883
0.0006810429622419178
0.007092434912919998
0.0006810429622419178
0.007092434912919998
0.0006810429622419178
0.007092434912919998
0.0006810429622419178
0.007092434912919998
0.0006810429622419178
0.007092434912919998
0.0006810429622419178
0.007092434912919998
0.0006810429622419178
0.007092434912919998
0.0006810429622419178
0.007092434912919998
0.0006810429622419178
0.007092434912919998
0.0006810429622419178
0.007092434912919998
0.0006810429622419178
0.007092434912919998
0.0006810429622419178
0.007092434912919998
0.0006810429622419178
0.007092434912919998
0.0006810429622419178
0.007092434912919998
0.0006810429622419178
0.007092434912919998
0.0006810429622419178
0.007092434912919998
0.0006810429622419178
0.007092434912919998
0.0006810429622419178
0.007092434912919998
0.0006810429622419178
0.007092434912919998
0.0006810429622419178
0.007092434912919998
0.0006810429622419178
0.007092434912919998
0.0006810429622419178
0.007092434912919998
0.0006810429622419178
0.007092434912919998
0.0006810429622419178
0.007092434912919998
0.0006810429622419178
0.007092434912919998
0.0006810429622419178
0.007092434912919998
0.0006810429622419178
0.007092434912919998
0.0006810429622419178
0.007092434912919998
0.0006810429622419178
0.007092434912919998
0.0006810429622419178
0.007092434912919998
0.0006810429622419178
0.007092434912919998
0.0006810429622419178
0.007092434912919998
0.0006810429622419178
0.007092434912919998
0.0006810429622419178
0.007092434912919998
0.0006810429622419178
0.007092434912919998
0.0006810429622419178
0.007092434912919998
0.0006810429622419178
0.007092434912919998
0.0006810429622419178
0.007092434912919998
0.0006810429622419178
0.007092434912919998
0.0006810429622419178
0.007092434912919998
0.0006810429622419178
0.007092434912919998
0.0006810429622419178
0.007092434912919998
0.0006810429622419178
0.007092434912919998
0.0006810429622419178
0.007092434912919998
0.0006810429622419178
0.007092434912919998
0.0006810429622419178
0.007092434912919998
0.0006810429622419178
0.007092434912919998
0.0006810429622419178
0.007092434912919998
0.0006810429622419178
0.007092434912919998
0.0006810429622419178
0.007092434912919998
0.0006810429622419178
0.007092434912919998
0.0006810429622419178
0.007092434912919998
0.0006810429622419178
0.007092434912919998
0.0006810429622419178
0.007092434912919998
0.0006810429622419178
0.007092434912919998
0.0006810429622419178
0.007092434912919998
0.0006810429622419178
0.007092434912919998
0.0006810429622419178
0.007092434912919998
0.0006810429622419178
0.007092434912919998
0.0006810429622419178
0.007092434912919998
0.0006810429622419178
0.007092434912919998
0.0006810429622419178
0.007092434912919998
0.0006810429622419178
0.007092434912919998
0.0006810429622419178
0.007092434912919998
0.0006810429622419178
0.007092434912919998
0.0006810429622419178
0.007092434912919998
0.0006810429622419178
0.007092434912919998
0.0006810429622419178
0.007092434912919998
0.0006810429622419178
0.007092434912919998
0.0006810429622419178
0.007092434912919998
0.0006810429622419178
0.007092434912919998
0.0006810429622419178
0.007092434912919998
0.0006810429622419178
0.007092434912919998
0.0006810429622419178
0.007092434912919998
0.0006810429622419178
0.007092434912919998
0.0006810429622419178
0.007092434912919998
0.0006810429622419178
0.007092434912919998
0.0006810429622419178
0.007092434912919998
0.0006810429622419178
0.007092434912919998
0.0006810429622419178
0.007092434912919998
0.0006810429622419178
0.007092434912919998
0.0006810429622419178
0.007092434912919998
0.0006810429622419178
0.007092434912919998
