-0.5026180148124695
-0.5026180148124695
-0.5052360892295837
-0.5052360892295837
-0.5078542828559875
-0.5078542828559875
-0.5104726552963257
-0.5104726552963257
-0.5130913257598877
-0.5130913257598877
-0.5157102346420288
-0.5157102346420288
-0.5183296203613281
-0.5183296203613281
-0.5209494233131409
-0.5209494233131409
-0.5235697031021118
-0.5235697031021118
-0.5261905789375305
-0.5261905789375305
-0.5288121104240417
-0.5288121104240417
-0.5314342975616455
-0.5314342975616455
-0.5340572595596313
-0.5340572595596313
-0.5366811156272888
-0.5366811156272888
-0.5393058061599731
-0.5393058061599731
-0.5419314503669739
-0.5419314503669739
-0.5445581674575806
-0.5445581674575806
-0.5471858978271484
-0.5471858978271484
-0.5498148202896118
-0.5498148202896118
-0.5524449348449707
-0.5524449348449707
-0.5550763607025146
-0.5550763607025146
-0.5577090978622437
-0.5577090978622437
-0.5603432655334473
-0.5603432655334473
-0.5629788637161255
-0.5629788637161255
-0.5656160116195679
-0.5656160116195679
-0.5682547688484192
-0.5682547688484192
-0.5708951950073242
-0.5708951950073242
-0.573537290096283
-0.573537290096283
-0.5761812329292297
-0.5761812329292297
-0.5788269639015198
-0.5788269639015198
-0.5814746618270874
-0.5814746618270874
-0.5841243267059326
-0.5841243267059326
-0.5867760181427002
-0.5867760181427002
-0.5894298553466797
-0.5894298553466797
-0.5920858383178711
-0.5920858383178711
-0.594744086265564
-0.594744086265564
-0.5974045991897583
-0.5974045991897583
-0.6000674962997437
-0.6000674962997437
-0.60273277759552
-0.60273277759552
-0.605400562286377
-0.605400562286377
-0.608070969581604
-0.608070969581604
-0.6107439398765564
-0.6107439398765564
-0.6134195923805237
-0.6134195923805237
-0.6160979866981506
-0.6160979866981506
-0.6187792420387268
-0.6187792420387268
-0.6214632987976074
-0.6214632987976074
-0.6241503357887268
-0.6241503357887268
-0.6268404126167297
-0.6268404126167297
-0.6295335292816162
-0.6295335292816162
-0.632229745388031
-0.632229745388031
-0.6349291801452637
-0.6349291801452637
-0.637631893157959
-0.637631893157959
-0.6403378844261169
-0.6403378844261169
-0.6430473327636719
-0.6430473327636719
-0.645760178565979
-0.645760178565979
-0.6484765410423279
-0.6484765410423279
-0.6511965394020081
-0.6511965394020081
-0.6539201140403748
-0.6539201140403748
-0.6566474437713623
-0.6566474437713623
-0.6593785285949707
-0.6593785285949707
-0.6621134281158447
-0.6621134281158447
-0.6648522615432739
-0.6648522615432739
-0.6675950884819031
-0.6675950884819031
-0.6703419089317322
-0.6703419089317322
-0.673092782497406
-0.673092782497406
-0.6758478879928589
-0.6758478879928589
-0.678607165813446
-0.678607165813446
-0.681370735168457
-0.681370735168457
-0.6841386556625366
-0.6841386556625366
-0.6869110465049744
-0.6869110465049744
-0.6896878480911255
-0.6896878480911255
-0.6924691796302795
-0.6924691796302795
-0.6952551603317261
-0.6952551603317261
-0.6980457901954651
-0.6980457901954651
-0.7008411884307861
-0.7008411884307861
-0.7036413550376892
-0.7036413550376892
-0.7064464092254639
-0.7064464092254639
-0.7092563509941101
-0.7092563509941101
-0.7120712995529175
-0.7120712995529175
-0.7148913145065308
-0.7148913145065308
-0.71771639585495
-0.71771639585495
-0.7205467224121094
-0.7205467224121094
-0.723382294178009
-0.723382294178009
-0.7262231111526489
-0.7262231111526489
-0.7290693521499634
-0.7290693521499634
-0.7319210171699524
-0.7319210171699524
-0.7347781658172607
-0.7347781658172607
-0.7376408576965332
-0.7376408576965332
-0.7405092120170593
-0.7405092120170593
-0.7433832883834839
-0.7433832883834839
-0.7462630271911621
-0.7462630271911621
-0.7491486668586731
-0.7491486668586731
-0.7520401477813721
-0.7520401477813721
-0.7549375891685486
-0.7549375891685486
-0.7578409910202026
-0.7578409910202026
-0.7607504725456238
-0.7607504725456238
-0.7636661529541016
-0.7636661529541016
-0.7665879726409912
-0.7665879726409912
-0.7695160508155823
-0.7695160508155823
-0.7724504470825195
-0.7724504470825195
-0.7753912210464478
-0.7753912210464478
-0.7783384323120117
-0.7783384323120117
-0.781292200088501
-0.781292200088501
-0.7842524647712708
-0.7842524647712708
-0.7872194051742554
-0.7872194051742554
-0.7901930212974548
-0.7901930212974548
-0.7931734323501587
-0.7931734323501587
-0.7961606383323669
-0.7961606383323669
-0.7991546988487244
-0.7991546988487244
-0.8021557331085205
-0.8021557331085205
-0.8051637411117554
-0.8051637411117554
-0.8081788420677185
-0.8081788420677185
-0.8112010359764099
-0.8112010359764099
-0.8142304420471191
-0.8142304420471191
-0.8172670602798462
-0.8172670602798462
-0.8203110098838806
-0.8203110098838806
-0.8233622908592224
-0.8233622908592224
-0.8264210224151611
-0.8264210224151611
-0.8294872641563416
-0.8294872641563416
-0.8325610756874084
-0.8325610756874084
-0.8356424570083618
-0.8356424570083618
-0.8387314677238464
-0.8387314677238464
-0.8418282270431519
-0.8418282270431519
-0.8449327945709229
-0.8449327945709229
-0.8480452299118042
-0.8480452299118042
-0.8511655330657959
-0.8511655330657959
-0.8542937636375427
-0.8542937636375427
-0.8574300408363342
-0.8574300408363342
-0.8605744242668152
-0.8605744242668152
-0.8637269139289856
-0.8637269139289856
-0.866887629032135
-0.866887629032135
-0.8700565695762634
-0.8700565695762634
-0.8732337951660156
-0.8732337951660156
-0.8764194250106812
-0.8764194250106812
-0.87961345911026
-0.87961345911026
-0.882815957069397
-0.882815957069397
-0.8860269784927368
-0.8860269784927368
-0.8892465829849243
-0.8892465829849243
-0.8924748301506042
-0.8924748301506042
-0.8957118391990662
-0.8957118391990662
-0.8989575505256653
-0.8989575505256653
-0.9022120237350464
-0.9022120237350464
-0.905475378036499
-0.905475378036499
-0.908747673034668
-0.908747673034668
-0.9120289087295532
-0.9120289087295532
-0.9153192043304443
-0.9153192043304443
-0.9186185002326965
-0.9186185002326965
-0.9219269752502441
-0.9219269752502441
-0.9252445697784424
-0.9252445697784424
-0.9285714030265808
-0.9285714030265808
-0.9319075345993042
-0.9319075345993042
-0.9352529644966125
-0.9352529644966125
-0.9386077523231506
-0.9386077523231506
-0.941972017288208
-0.941972017288208
-0.9453456997871399
-0.9453456997871399
-0.9487289190292358
-0.9487289190292358
-0.9521216750144958
-0.9521216750144958
-0.9555240273475647
-0.9555240273475647
-0.9589360952377319
-0.9589360952377319
-0.9623578190803528
-0.9623578190803528
-0.9657893180847168
-0.9657893180847168
-0.969230592250824
-0.969230592250824
-0.9726817011833191
-0.9726817011833191
-0.9761426448822021
-0.9761426448822021
-0.9796135425567627
-0.9796135425567627
-0.9830944538116455
-0.9830944538116455
-0.9865853190422058
-0.9865853190422058
-0.9900861978530884
-0.9900861978530884
-0.9935972094535828
-0.9935972094535828
-0.9971182942390442
-0.9971182942390442
-1.0006495714187622
-1.0006495714187622
-1.0041910409927368
-1.0041910409927368
-1.0077427625656128
-1.0077427625656128
-1.0113047361373901
-1.0113047361373901
-1.0148769617080688
-1.0148769617080688
-1.018459677696228
-1.018459677696228
-1.0220526456832886
-1.0220526456832886
-1.02565598487854
-1.02565598487854
-1.029269814491272
-1.029269814491272
-1.0328941345214844
-1.0328941345214844
-1.0365289449691772
-1.0365289449691772
-1.0401742458343506
-1.0401742458343506
-1.043830156326294
-1.043830156326294
-1.0474965572357178
-1.0474965572357178
-1.0511736869812012
-1.0511736869812012
-1.0548614263534546
-1.0548614263534546
-1.058559775352478
-1.058559775352478
-1.0622687339782715
-1.0622687339782715
-1.065988540649414
-1.065988540649414
-1.0697189569473267
-1.0697189569473267
-1.0734602212905884
-1.0734602212905884
-1.0772120952606201
-1.0772120952606201
-1.0809749364852905
-1.0809749364852905
-1.084748387336731
-1.084748387336731
-1.08853280544281
-1.08853280544281
-1.0923279523849487
-1.0923279523849487
-1.0961339473724365
-1.0961339473724365
-1.0999507904052734
-1.0999507904052734
-1.1037784814834595
-1.1037784814834595
-1.1076170206069946
-1.1076170206069946
-1.1114665269851685
-1.1114665269851685
-1.1153268814086914
-1.1153268814086914
-1.1191980838775635
-1.1191980838775635
-1.1230801343917847
-1.1230801343917847
-1.1269731521606445
-1.1269731521606445
-1.130876898765564
-1.130876898765564
-1.1347917318344116
-1.1347917318344116
-1.1387172937393188
-1.1387172937393188
-1.1426538228988647
-1.1426538228988647
-1.1466012001037598
-1.1466012001037598
-1.150559425354004
-1.150559425354004
-1.1545284986495972
-1.1545284986495972
-1.1585084199905396
-1.1585084199905396
-1.162499189376831
-1.162499189376831
-1.1665008068084717
-1.1665008068084717
-1.1705131530761719
-1.1705131530761719
-1.1745363473892212
-1.1745363473892212
-1.1785701513290405
-1.1785701513290405
-1.182614803314209
-1.182614803314209
-1.186670184135437
-1.186670184135437
-1.1907362937927246
-1.1907362937927246
-1.1948130130767822
-1.1948130130767822
-1.1989003419876099
-1.1989003419876099
-1.2029982805252075
-1.2029982805252075
-1.2071068286895752
-1.2071068286895752
-1.2112258672714233
-1.2112258672714233
-1.215355396270752
-1.215355396270752
-1.2194952964782715
-1.2194952964782715
-1.2236456871032715
-1.2236456871032715
-1.2278064489364624
-1.2278064489364624
-1.2319775819778442
-1.2319775819778442
-1.2361589670181274
-1.2361589670181274
-1.2403504848480225
-1.2403504848480225
-1.2445522546768188
-1.2445522546768188
-1.2487640380859375
-1.2487640380859375
-1.252985954284668
-1.252985954284668
-1.2572178840637207
-1.2572178840637207
-1.2614597082138062
-1.2614597082138062
-1.2657114267349243
-1.2657114267349243
-1.269972801208496
-1.269972801208496
-1.2742440700531006
-1.2742440700531006
-1.2785248756408691
-1.2785248756408691
-1.2828153371810913
-1.2828153371810913
-1.287115216255188
-1.287115216255188
-1.2914246320724487
-1.2914246320724487
-1.2957432270050049
-1.2957432270050049
-1.300071120262146
-1.300071120262146
-1.3044081926345825
-1.3044081926345825
-1.308754324913025
-1.308754324913025
-1.3131093978881836
-1.3131093978881836
-1.3174734115600586
-1.3174734115600586
-1.3218461275100708
-1.3218461275100708
-1.3262275457382202
-1.3262275457382202
-1.3306174278259277
-1.3306174278259277
-1.3350157737731934
-1.3350157737731934
-1.3394224643707275
-1.3394224643707275
-1.3438374996185303
-1.3438374996185303
-1.3482604026794434
-1.3482604026794434
-1.352691411972046
-1.352691411972046
-1.3571302890777588
-1.3571302890777588
-1.361576795578003
-1.361576795578003
-1.3660309314727783
-1.3660309314727783
-1.3704925775527954
-1.3704925775527954
-1.3749613761901855
-1.3749613761901855
-1.3794374465942383
-1.3794374465942383
-1.3839205503463745
-1.3839205503463745
-1.3884104490280151
-1.3884104490280151
-1.3929070234298706
-1.3929070234298706
-1.397410273551941
-1.397410273551941
-1.4019198417663574
-1.4019198417663574
-1.4064356088638306
-1.4064356088638306
-1.4109575748443604
-1.4109575748443604
-1.4154853820800781
-1.4154853820800781
-1.4200187921524048
-1.4200187921524048
-1.4245578050613403
-1.4245578050613403
-1.4291021823883057
-1.4291021823883057
-1.4336518049240112
-1.4336518049240112
-1.4382063150405884
-1.4382063150405884
-1.4427655935287476
-1.4427655935287476
-1.4473295211791992
-1.4473295211791992
-1.4518978595733643
-1.4518978595733643
-1.456470251083374
-1.456470251083374
-1.4610466957092285
-1.4610466957092285
-1.4656269550323486
-1.4656269550323486
-1.4702106714248657
-1.4702106714248657
-1.4747977256774902
-1.4747977256774902
-1.4793877601623535
-1.4793877601623535
-1.4839807748794556
-1.4839807748794556
-1.4885764122009277
-1.4885764122009277
-1.493174433708191
-1.493174433708191
-1.497774600982666
-1.497774600982666
-1.502376675605774
-1.502376675605774
-1.506980299949646
-1.506980299949646
-1.5115854740142822
-1.5115854740142822
-1.5161917209625244
-1.5161917209625244
-1.5207988023757935
-1.5207988023757935
-1.5254064798355103
-1.5254064798355103
-1.5300145149230957
-1.5300145149230957
-1.5346226692199707
-1.5346226692199707
-1.539230465888977
-1.539230465888977
-1.5438379049301147
-1.5438379049301147
-1.548444390296936
-1.548444390296936
-1.553049921989441
-1.553049921989441
-1.5576540231704712
-1.5576540231704712
-1.5622564554214478
-1.5622564554214478
-1.566856861114502
-1.566856861114502
-1.5714550018310547
-1.5714550018310547
-1.5760504007339478
-1.5760504007339478
-1.5806430578231812
-1.5806430578231812
-1.5852323770523071
-1.5852323770523071
-1.589818000793457
-1.589818000793457
-1.5943998098373413
-1.5943998098373413
-1.5989774465560913
-1.5989774465560913
-1.6035504341125488
-1.6035504341125488
-1.6081184148788452
-1.6081184148788452
-1.6126811504364014
-1.6126811504364014
-1.6172382831573486
-1.6172382831573486
-1.6217893362045288
-1.6217893362045288
-1.6263341903686523
-1.6263341903686523
-1.6308722496032715
-1.6308722496032715
-1.6354031562805176
-1.6354031562805176
-1.6399266719818115
-1.6399266719818115
-1.6444423198699951
-1.6444423198699951
-1.6489497423171997
-1.6489497423171997
-1.6534485816955566
-1.6534485816955566
-1.6579384803771973
-1.6579384803771973
-1.6624189615249634
-1.6624189615249634
-1.6668896675109863
-1.6668896675109863
-1.671350121498108
-1.671350121498108
-1.675800085067749
-1.675800085067749
-1.680238962173462
-1.680238962173462
-1.6846665143966675
-1.6846665143966675
-1.6890822649002075
-1.6890822649002075
-1.6934857368469238
-1.6934857368469238
-1.6978764533996582
-1.6978764533996582
-1.7022541761398315
-1.7022541761398315
-1.7066184282302856
-1.7066184282302856
-1.7109687328338623
-1.7109687328338623
-1.7153044939041138
-1.7153044939041138
-1.7196255922317505
-1.7196255922317505
-1.7239314317703247
-1.7239314317703247
-1.7282214164733887
-1.7282214164733887
-1.7324954271316528
-1.7324954271316528
-1.7367526292800903
-1.7367526292800903
-1.7409929037094116
-1.7409929037094116
-1.745215654373169
-1.745215654373169
-1.749420404434204
-1.749420404434204
-1.7536066770553589
-1.7536066770553589
-1.7577741146087646
-1.7577741146087646
-1.7619221210479736
-1.7619221210479736
-1.7660502195358276
-1.7660502195358276
-1.7701581716537476
-1.7701581716537476
-1.774245262145996
-1.774245262145996
-1.778311014175415
-1.778311014175415
-1.7823550701141357
-1.7823550701141357
-1.786376953125
-1.786376953125
-1.7903761863708496
-1.7903761863708496
-1.7943521738052368
-1.7943521738052368
-1.7983044385910034
-1.7983044385910034
-1.8022326231002808
-1.8022326231002808
-1.806136131286621
-1.806136131286621
-1.8100146055221558
-1.8100146055221558
-1.8138673305511475
-1.8138673305511475
-1.817694067955017
-1.817694067955017
-1.821494221687317
-1.821494221687317
-1.8252671957015991
-1.8252671957015991
-1.8290127515792847
-1.8290127515792847
-1.8327301740646362
-1.8327301740646362
-1.8364189863204956
-1.8364189863204956
-1.8400788307189941
-1.8400788307189941
-1.843709111213684
-1.843709111213684
-1.8473093509674072
-1.8473093509674072
-1.8508790731430054
-1.8508790731430054
-1.8544178009033203
-1.8544178009033203
-1.8579250574111938
-1.8579250574111938
-1.8614002466201782
-1.8614002466201782
-1.8648430109024048
-1.8648430109024048
-1.8682528734207153
-1.8682528734207153
-1.871629238128662
-1.871629238128662
-1.8749717473983765
-1.8749717473983765
-1.8782798051834106
-1.8782798051834106
-1.8815529346466064
-1.8815529346466064
-1.8847907781600952
-1.8847907781600952
-1.8879927396774292
-1.8879927396774292
-1.8911583423614502
-1.8911583423614502
-1.8942872285842896
-1.8942872285842896
-1.8973788022994995
-1.8973788022994995
-1.9004327058792114
-1.9004327058792114
-1.903448462486267
-1.903448462486267
-1.9064254760742188
-1.9064254760742188
-1.9093633890151978
-1.9093633890151978
-1.9122618436813354
-1.9122618436813354
-1.915120244026184
-1.915120244026184
-1.917938232421875
-1.917938232421875
-1.9207152128219604
-1.9207152128219604
-1.9234510660171509
-1.9234510660171509
-1.9261449575424194
-1.9261449575424194
-1.9287967681884766
-1.9287967681884766
-1.9314059019088745
-1.9314059019088745
-1.9339721202850342
-1.9339721202850342
-1.9364947080612183
-1.9364947080612183
-1.9389735460281372
-1.9389735460281372
-1.9414081573486328
-1.9414081573486328
-1.9437980651855469
-1.9437980651855469
-1.9461429119110107
-1.9461429119110107
-1.9484422206878662
-1.9484422206878662
-1.9506958723068237
-1.9506958723068237
-1.952903151512146
-1.952903151512146
-1.9550639390945435
-1.9550639390945435
-1.957177758216858
-1.957177758216858
-1.9592443704605103
-1.9592443704605103
-1.9612632989883423
-1.9612632989883423
-1.9632341861724854
-1.9632341861724854
-1.9651567935943604
-1.9651567935943604
-1.967030644416809
-1.967030644416809
-1.968855619430542
-1.968855619430542
-1.9706313610076904
-1.9706313610076904
-1.9723573923110962
-1.9723573923110962
-1.9740334749221802
-1.9740334749221802
-1.9756594896316528
-1.9756594896316528
-1.977234959602356
-1.977234959602356
-1.978759765625
-1.978759765625
-1.9802334308624268
-1.9802334308624268
-1.9816558361053467
-1.9816558361053467
-1.9830267429351807
-1.9830267429351807
-1.9843459129333496
-1.9843459129333496
-1.9856131076812744
-1.9856131076812744
-1.9868279695510864
-1.9868279695510864
-1.987990379333496
-1.987990379333496
-1.9891002178192139
-1.9891002178192139
-1.990157127380371
-1.990157127380371
-1.9911609888076782
-1.9911609888076782
-1.9921115636825562
-1.9921115636825562
-1.9930088520050049
-1.9930088520050049
-1.9938526153564453
-1.9938526153564453
-1.9946424961090088
-1.9946424961090088
-1.9953786134719849
-1.9953786134719849
-1.996060848236084
-1.996060848236084
-1.9966888427734375
-1.9966888427734375
-1.9972625970840454
-1.9972625970840454
-1.9977821111679077
-1.9977821111679077
-1.9982471466064453
-1.9982471466064453
-1.9986575841903687
-1.9986575841903687
-1.9990135431289673
-1.9990135431289673
-1.9993149042129517
-1.9993149042129517
-1.9995614290237427
-1.9995614290237427
-1.9997532367706299
-1.9997532367706299
-1.9998903274536133
-1.9998903274536133
-1.9999725818634033
-1.9999725818634033
-2.0
-2.0
-1.9999725818634033
-1.9999725818634033
-1.9998903274536133
-1.9998903274536133
-1.9997532367706299
-1.9997532367706299
-1.9995614290237427
-1.9995614290237427
-1.9993149042129517
-1.9993149042129517
-1.9990135431289673
-1.9990135431289673
-1.9986575841903687
-1.9986575841903687
-1.9982471466064453
-1.9982471466064453
-1.9977821111679077
-1.9977821111679077
-1.9972625970840454
-1.9972625970840454
-1.9966888427734375
-1.9966888427734375
-1.996060848236084
-1.996060848236084
-1.9953786134719849
-1.9953786134719849
-1.9946424961090088
-1.9946424961090088
-1.9938526153564453
-1.9938526153564453
-1.9930088520050049
-1.9930088520050049
-1.9921115636825562
-1.9921115636825562
-1.9911609888076782
-1.9911609888076782
-1.990157127380371
-1.990157127380371
-1.9891002178192139
-1.9891002178192139
-1.987990379333496
-1.987990379333496
-1.9868279695510864
-1.9868279695510864
-1.9856131076812744
-1.9856131076812744
-1.9843459129333496
-1.9843459129333496
-1.9830267429351807
-1.9830267429351807
-1.9816558361053467
-1.9816558361053467
-1.9802334308624268
-1.9802334308624268
-1.978759765625
-1.978759765625
-1.977234959602356
-1.977234959602356
-1.9756594896316528
-1.9756594896316528
-1.9740334749221802
-1.9740334749221802
-1.9723573923110962
-1.9723573923110962
-1.9706313610076904
-1.9706313610076904
-1.968855619430542
-1.968855619430542
-1.967030644416809
-1.967030644416809
-1.9651567935943604
-1.9651567935943604
-1.9632341861724854
-1.9632341861724854
-1.9612632989883423
-1.9612632989883423
-1.9592443704605103
-1.9592443704605103
-1.957177758216858
-1.957177758216858
-1.9550639390945435
-1.9550639390945435
-1.952903151512146
-1.952903151512146
-1.9506958723068237
-1.9506958723068237
-1.9484422206878662
-1.9484422206878662
-1.9461429119110107
-1.9461429119110107
-1.9437980651855469
-1.9437980651855469
-1.9414081573486328
-1.9414081573486328
-1.9389735460281372
-1.9389735460281372
-1.9364947080612183
-1.9364947080612183
-1.9339721202850342
-1.9339721202850342
-1.9314059019088745
-1.9314059019088745
-1.9287967681884766
-1.9287967681884766
-1.9261449575424194
-1.9261449575424194
-1.9234510660171509
-1.9234510660171509
-1.9207152128219604
-1.9207152128219604
-1.917938232421875
-1.917938232421875
-1.915120244026184
-1.915120244026184
-1.9122618436813354
-1.9122618436813354
-1.9093633890151978
-1.9093633890151978
-1.9064254760742188
-1.9064254760742188
-1.903448462486267
-1.903448462486267
-1.9004327058792114
-1.9004327058792114
-1.8973788022994995
-1.8973788022994995
-1.8942872285842896
-1.8942872285842896
-1.8911583423614502
-1.8911583423614502
-1.8879927396774292
-1.8879927396774292
-1.8847907781600952
-1.8847907781600952
-1.8815529346466064
-1.8815529346466064
-1.8782798051834106
-1.8782798051834106
-1.8749717473983765
-1.8749717473983765
-1.871629238128662
-1.871629238128662
-1.8682528734207153
-1.8682528734207153
-1.8648430109024048
-1.8648430109024048
-1.8614002466201782
-1.8614002466201782
-1.8579250574111938
-1.8579250574111938
-1.8544178009033203
-1.8544178009033203
-1.8508790731430054
-1.8508790731430054
-1.8473093509674072
-1.8473093509674072
-1.843709111213684
-1.843709111213684
-1.8400788307189941
-1.8400788307189941
-1.8364189863204956
-1.8364189863204956
-1.8327301740646362
-1.8327301740646362
-1.8290127515792847
-1.8290127515792847
-1.8252671957015991
-1.8252671957015991
-1.821494221687317
-1.821494221687317
-1.817694067955017
-1.817694067955017
-1.8138673305511475
-1.8138673305511475
-1.8100146055221558
-1.8100146055221558
-1.806136131286621
-1.806136131286621
-1.8022326231002808
-1.8022326231002808
-1.7983044385910034
-1.7983044385910034
-1.7943521738052368
-1.7943521738052368
-1.7903761863708496
-1.7903761863708496
-1.786376953125
-1.786376953125
-1.7823550701141357
-1.7823550701141357
-1.778311014175415
-1.778311014175415
-1.774245262145996
-1.774245262145996
-1.7701581716537476
-1.7701581716537476
-1.7660502195358276
-1.7660502195358276
-1.7619221210479736
-1.7619221210479736
-1.7577741146087646
-1.7577741146087646
-1.7536066770553589
-1.7536066770553589
-1.749420404434204
-1.749420404434204
-1.745215654373169
-1.745215654373169
-1.7409929037094116
-1.7409929037094116
-1.7367526292800903
-1.7367526292800903
-1.7324954271316528
-1.7324954271316528
-1.7282214164733887
-1.7282214164733887
-1.7239314317703247
-1.7239314317703247
-1.7196255922317505
-1.7196255922317505
-1.7153044939041138
-1.7153044939041138
-1.7109687328338623
-1.7109687328338623
-1.7066184282302856
-1.7066184282302856
-1.7022541761398315
-1.7022541761398315
-1.6978764533996582
-1.6978764533996582
-1.6934857368469238
-1.6934857368469238
-1.6890822649002075
-1.6890822649002075
-1.6846665143966675
-1.6846665143966675
-1.680238962173462
-1.680238962173462
-1.675800085067749
-1.675800085067749
-1.671350121498108
-1.671350121498108
-1.6668896675109863
-1.6668896675109863
-1.6624189615249634
-1.6624189615249634
-1.6579384803771973
-1.6579384803771973
-1.6534485816955566
-1.6534485816955566
-1.6489497423171997
-1.6489497423171997
-1.6444423198699951
-1.6444423198699951
-1.6399266719818115
-1.6399266719818115
-1.6354031562805176
-1.6354031562805176
-1.6308722496032715
-1.6308722496032715
-1.6263341903686523
-1.6263341903686523
-1.6217893362045288
-1.6217893362045288
-1.6172382831573486
-1.6172382831573486
-1.6126811504364014
-1.6126811504364014
-1.6081184148788452
-1.6081184148788452
-1.6035504341125488
-1.6035504341125488
-1.5989774465560913
-1.5989774465560913
-1.5943998098373413
-1.5943998098373413
-1.589818000793457
-1.589818000793457
-1.5852323770523071
-1.5852323770523071
-1.5806430578231812
-1.5806430578231812
-1.5760504007339478
-1.5760504007339478
-1.5714550018310547
-1.5714550018310547
-1.566856861114502
-1.566856861114502
-1.5622564554214478
-1.5622564554214478
-1.5576540231704712
-1.5576540231704712
-1.553049921989441
-1.553049921989441
-1.548444390296936
-1.548444390296936
-1.5438379049301147
-1.5438379049301147
-1.539230465888977
-1.539230465888977
-1.5346226692199707
-1.5346226692199707
-1.5300145149230957
-1.5300145149230957
-1.5254064798355103
-1.5254064798355103
-1.5207988023757935
-1.5207988023757935
-1.5161917209625244
-1.5161917209625244
-1.5115854740142822
-1.5115854740142822
-1.506980299949646
-1.506980299949646
-1.502376675605774
-1.502376675605774
-1.497774600982666
-1.497774600982666
-1.493174433708191
-1.493174433708191
-1.4885764122009277
-1.4885764122009277
-1.4839807748794556
-1.4839807748794556
-1.4793877601623535
-1.4793877601623535
-1.4747977256774902
-1.4747977256774902
-1.4702106714248657
-1.4702106714248657
-1.4656269550323486
-1.4656269550323486
-1.4610466957092285
-1.4610466957092285
-1.456470251083374
-1.456470251083374
-1.4518978595733643
-1.4518978595733643
-1.4473295211791992
-1.4473295211791992
-1.4427655935287476
-1.4427655935287476
-1.4382063150405884
-1.4382063150405884
-1.4336518049240112
-1.4336518049240112
-1.4291021823883057
-1.4291021823883057
-1.4245578050613403
-1.4245578050613403
-1.4200187921524048
-1.4200187921524048
-1.4154853820800781
-1.4154853820800781
-1.4109575748443604
-1.4109575748443604
-1.4064356088638306
-1.4064356088638306
-1.4019198417663574
-1.4019198417663574
-1.397410273551941
-1.397410273551941
-1.3929070234298706
-1.3929070234298706
-1.3884104490280151
-1.3884104490280151
-1.3839205503463745
-1.3839205503463745
-1.3794374465942383
-1.3794374465942383
-1.3749613761901855
-1.3749613761901855
-1.3704925775527954
-1.3704925775527954
-1.3660309314727783
-1.3660309314727783
-1.361576795578003
-1.361576795578003
-1.3571302890777588
-1.3571302890777588
-1.352691411972046
-1.352691411972046
-1.3482604026794434
-1.3482604026794434
-1.3438374996185303
-1.3438374996185303
-1.3394224643707275
-1.3394224643707275
-1.3350157737731934
-1.3350157737731934
-1.3306174278259277
-1.3306174278259277
-1.3262275457382202
-1.3262275457382202
-1.3218461275100708
-1.3218461275100708
-1.3174734115600586
-1.3174734115600586
-1.3131093978881836
-1.3131093978881836
-1.308754324913025
-1.308754324913025
-1.3044081926345825
-1.3044081926345825
-1.300071120262146
-1.300071120262146
-1.2957432270050049
-1.2957432270050049
-1.2914246320724487
-1.2914246320724487
-1.287115216255188
-1.287115216255188
-1.2828153371810913
-1.2828153371810913
-1.2785248756408691
-1.2785248756408691
-1.2742440700531006
-1.2742440700531006
-1.269972801208496
-1.269972801208496
-1.2657114267349243
-1.2657114267349243
-1.2614597082138062
-1.2614597082138062
-1.2572178840637207
-1.2572178840637207
-1.252985954284668
-1.252985954284668
-1.2487640380859375
-1.2487640380859375
-1.2445522546768188
-1.2445522546768188
-1.2403504848480225
-1.2403504848480225
-1.2361589670181274
-1.2361589670181274
-1.2319775819778442
-1.2319775819778442
-1.2278064489364624
-1.2278064489364624
-1.2236456871032715
-1.2236456871032715
-1.2194952964782715
-1.2194952964782715
-1.215355396270752
-1.215355396270752
-1.2112258672714233
-1.2112258672714233
-1.2071068286895752
-1.2071068286895752
-1.2029982805252075
-1.2029982805252075
-1.1989003419876099
-1.1989003419876099
-1.1948130130767822
-1.1948130130767822
-1.1907362937927246
-1.1907362937927246
-1.186670184135437
-1.186670184135437
-1.182614803314209
-1.182614803314209
-1.1785701513290405
-1.1785701513290405
-1.1745363473892212
-1.1745363473892212
-1.1705131530761719
-1.1705131530761719
-1.1665008068084717
-1.1665008068084717
-1.162499189376831
-1.162499189376831
-1.1585084199905396
-1.1585084199905396
-1.1545284986495972
-1.1545284986495972
-1.150559425354004
-1.150559425354004
-1.1466012001037598
-1.1466012001037598
-1.1426538228988647
-1.1426538228988647
-1.1387172937393188
-1.1387172937393188
-1.1347917318344116
-1.1347917318344116
-1.130876898765564
-1.130876898765564
-1.1269731521606445
-1.1269731521606445
-1.1230801343917847
-1.1230801343917847
-1.1191980838775635
-1.1191980838775635
-1.1153268814086914
-1.1153268814086914
-1.1114665269851685
-1.1114665269851685
-1.1076170206069946
-1.1076170206069946
-1.1037784814834595
-1.1037784814834595
-1.0999507904052734
-1.0999507904052734
-1.0961339473724365
-1.0961339473724365
-1.0923279523849487
-1.0923279523849487
-1.08853280544281
-1.08853280544281
-1.084748387336731
-1.084748387336731
-1.0809749364852905
-1.0809749364852905
-1.0772120952606201
-1.0772120952606201
-1.0734602212905884
-1.0734602212905884
-1.0697189569473267
-1.0697189569473267
-1.065988540649414
-1.065988540649414
-1.0622687339782715
-1.0622687339782715
-1.058559775352478
-1.058559775352478
-1.0548614263534546
-1.0548614263534546
-1.0511736869812012
-1.0511736869812012
-1.0474965572357178
-1.0474965572357178
-1.043830156326294
-1.043830156326294
-1.0401742458343506
-1.0401742458343506
-1.0365289449691772
-1.0365289449691772
-1.0328941345214844
-1.0328941345214844
-1.029269814491272
-1.029269814491272
-1.02565598487854
-1.02565598487854
-1.0220526456832886
-1.0220526456832886
-1.018459677696228
-1.018459677696228
-1.0148769617080688
-1.0148769617080688
-1.0113047361373901
-1.0113047361373901
-1.0077427625656128
-1.0077427625656128
-1.0041910409927368
-1.0041910409927368
-1.0006495714187622
-1.0006495714187622
-0.9971182942390442
-0.9971182942390442
-0.9935972094535828
-0.9935972094535828
-0.9900861978530884
-0.9900861978530884
-0.9865853190422058
-0.9865853190422058
-0.9830944538116455
-0.9830944538116455
-0.9796135425567627
-0.9796135425567627
-0.9761426448822021
-0.9761426448822021
-0.9726817011833191
-0.9726817011833191
-0.969230592250824
-0.969230592250824
-0.9657893180847168
-0.9657893180847168
-0.9623578190803528
-0.9623578190803528
-0.9589360952377319
-0.9589360952377319
-0.9555240273475647
-0.9555240273475647
-0.9521216750144958
-0.9521216750144958
-0.9487289190292358
-0.9487289190292358
-0.9453456997871399
-0.9453456997871399
-0.941972017288208
-0.941972017288208
-0.9386077523231506
-0.9386077523231506
-0.9352529644966125
-0.9352529644966125
-0.9319075345993042
-0.9319075345993042
-0.9285714030265808
-0.9285714030265808
-0.9252445697784424
-0.9252445697784424
-0.9219269752502441
-0.9219269752502441
-0.9186185002326965
-0.9186185002326965
-0.9153192043304443
-0.9153192043304443
-0.9120289087295532
-0.9120289087295532
-0.908747673034668
-0.908747673034668
-0.905475378036499
-0.905475378036499
-0.9022120237350464
-0.9022120237350464
-0.8989575505256653
-0.8989575505256653
-0.8957118391990662
-0.8957118391990662
-0.8924748301506042
-0.8924748301506042
-0.8892465829849243
-0.8892465829849243
-0.8860269784927368
-0.8860269784927368
-0.882815957069397
-0.882815957069397
-0.87961345911026
-0.87961345911026
-0.8764194250106812
-0.8764194250106812
-0.8732337951660156
-0.8732337951660156
-0.8700565695762634
-0.8700565695762634
-0.866887629032135
-0.866887629032135
-0.8637269139289856
-0.8637269139289856
-0.8605744242668152
-0.8605744242668152
-0.8574300408363342
-0.8574300408363342
-0.8542937636375427
-0.8542937636375427
-0.8511655330657959
-0.8511655330657959
-0.8480452299118042
-0.8480452299118042
-0.8449327945709229
-0.8449327945709229
-0.8418282270431519
-0.8418282270431519
-0.8387314677238464
-0.8387314677238464
-0.8356424570083618
-0.8356424570083618
-0.8325610756874084
-0.8325610756874084
-0.8294872641563416
-0.8294872641563416
-0.8264210224151611
-0.8264210224151611
-0.8233622908592224
-0.8233622908592224
-0.8203110098838806
-0.8203110098838806
-0.8172670602798462
-0.8172670602798462
-0.8142304420471191
-0.8142304420471191
-0.8112010359764099
-0.8112010359764099
-0.8081788420677185
-0.8081788420677185
-0.8051637411117554
-0.8051637411117554
-0.8021557331085205
-0.8021557331085205
-0.7991546988487244
-0.7991546988487244
-0.7961606383323669
-0.7961606383323669
-0.7931734323501587
-0.7931734323501587
-0.7901930212974548
-0.7901930212974548
-0.7872194051742554
-0.7872194051742554
-0.7842524647712708
-0.7842524647712708
-0.781292200088501
-0.781292200088501
-0.7783384323120117
-0.7783384323120117
-0.7753912210464478
-0.7753912210464478
-0.7724504470825195
-0.7724504470825195
-0.7695160508155823
-0.7695160508155823
-0.7665879726409912
-0.7665879726409912
-0.7636661529541016
-0.7636661529541016
-0.7607504725456238
-0.7607504725456238
-0.7578409910202026
-0.7578409910202026
-0.7549375891685486
-0.7549375891685486
-0.7520401477813721
-0.7520401477813721
-0.7491486668586731
-0.7491486668586731
-0.7462630271911621
-0.7462630271911621
-0.7433832883834839
-0.7433832883834839
-0.7405092120170593
-0.7405092120170593
-0.7376408576965332
-0.7376408576965332
-0.7347781658172607
-0.7347781658172607
-0.7319210171699524
-0.7319210171699524
-0.7290693521499634
-0.7290693521499634
-0.7262231111526489
-0.7262231111526489
-0.723382294178009
-0.723382294178009
-0.7205467224121094
-0.7205467224121094
-0.71771639585495
-0.71771639585495
-0.7148913145065308
-0.7148913145065308
-0.7120712995529175
-0.7120712995529175
-0.7092563509941101
-0.7092563509941101
-0.7064464092254639
-0.7064464092254639
-0.7036413550376892
-0.7036413550376892
-0.7008411884307861
-0.7008411884307861
-0.6980457901954651
-0.6980457901954651
-0.6952551603317261
-0.6952551603317261
-0.6924691796302795
-0.6924691796302795
-0.6896878480911255
-0.6896878480911255
-0.6869110465049744
-0.6869110465049744
-0.6841386556625366
-0.6841386556625366
-0.681370735168457
-0.681370735168457
-0.678607165813446
-0.678607165813446
-0.6758478879928589
-0.6758478879928589
-0.673092782497406
-0.673092782497406
-0.6703419089317322
-0.6703419089317322
-0.6675950884819031
-0.6675950884819031
-0.6648522615432739
-0.6648522615432739
-0.6621134281158447
-0.6621134281158447
-0.6593785285949707
-0.6593785285949707
-0.6566474437713623
-0.6566474437713623
-0.6539201140403748
-0.6539201140403748
-0.6511965394020081
-0.6511965394020081
-0.6484765410423279
-0.6484765410423279
-0.645760178565979
-0.645760178565979
-0.6430473327636719
-0.6430473327636719
-0.6403378844261169
-0.6403378844261169
-0.637631893157959
-0.637631893157959
-0.6349291801452637
-0.6349291801452637
-0.632229745388031
-0.632229745388031
-0.6295335292816162
-0.6295335292816162
-0.6268404126167297
-0.6268404126167297
-0.6241503357887268
-0.6241503357887268
-0.6214632987976074
-0.6214632987976074
-0.6187792420387268
-0.6187792420387268
-0.6160979866981506
-0.6160979866981506
-0.6134195923805237
-0.6134195923805237
-0.6107439398765564
-0.6107439398765564
-0.608070969581604
-0.608070969581604
-0.605400562286377
-0.605400562286377
-0.60273277759552
-0.60273277759552
-0.6000674962997437
-0.6000674962997437
-0.5974045991897583
-0.5974045991897583
-0.594744086265564
-0.594744086265564
-0.5920858383178711
-0.5920858383178711
-0.5894298553466797
-0.5894298553466797
-0.5867760181427002
-0.5867760181427002
-0.5841243267059326
-0.5841243267059326
-0.5814746618270874
-0.5814746618270874
-0.5788269639015198
-0.5788269639015198
-0.5761812329292297
-0.5761812329292297
-0.573537290096283
-0.573537290096283
-0.5708951950073242
-0.5708951950073242
-0.5682547688484192
-0.5682547688484192
-0.5656160116195679
-0.5656160116195679
-0.5629788637161255
-0.5629788637161255
-0.5603432655334473
-0.5603432655334473
-0.5577090978622437
-0.5577090978622437
-0.5550763607025146
-0.5550763607025146
-0.5524449348449707
-0.5524449348449707
-0.5498148202896118
-0.5498148202896118
-0.5471858978271484
-0.5471858978271484
-0.5445581674575806
-0.5445581674575806
-0.5419314503669739
-0.5419314503669739
-0.5393058061599731
-0.5393058061599731
-0.5366811156272888
-0.5366811156272888
-0.5340572595596313
-0.5340572595596313
-0.5314342975616455
-0.5314342975616455
-0.5288121104240417
-0.5288121104240417
-0.5261905789375305
-0.5261905789375305
-0.5235697031021118
-0.5235697031021118
-0.5209494233131409
-0.5209494233131409
-0.5183296203613281
-0.5183296203613281
-0.5157102346420288
-0.5157102346420288
-0.5130913257598877
-0.5130913257598877
-0.5104726552963257
-0.5104726552963257
-0.5078542828559875
-0.5078542828559875
-0.5052360892295837
-0.5052360892295837
-0.5026180148124695
-0.5026180148124695
-0.5
-0.5
-0.4973819851875305
-0.4973819851875305
-0.49476394057273865
-0.49476394057273865
-0.49214571714401245
-0.49214571714401245
-0.4895273447036743
-0.4895273447036743
-0.4869087040424347
-0.4869087040424347
-0.4842897355556488
-0.4842897355556488
-0.48167040944099426
-0.48167040944099426
-0.4790506064891815
-0.4790506064891815
-0.4764302968978882
-0.4764302968978882
-0.4738094210624695
-0.4738094210624695
-0.47118791937828064
-0.47118791937828064
-0.4685657024383545
-0.4685657024383545
-0.46594271063804626
-0.46594271063804626
-0.46331891417503357
-0.46331891417503357
-0.46069419384002686
-0.46069419384002686
-0.4580685496330261
-0.4580685496330261
-0.4554418623447418
-0.4554418623447418
-0.45281410217285156
-0.45281410217285156
-0.4501851797103882
-0.4501851797103882
-0.4475550353527069
-0.4475550353527069
-0.44492363929748535
-0.44492363929748535
-0.44229090213775635
-0.44229090213775635
-0.43965673446655273
-0.43965673446655273
-0.4370211362838745
-0.4370211362838745
-0.43438398838043213
-0.43438398838043213
-0.4317452311515808
-0.4317452311515808
-0.42910483479499817
-0.42910483479499817
-0.42646270990371704
-0.42646270990371704
-0.42381876707077026
-0.42381876707077026
-0.42117300629615784
-0.42117300629615784
-0.4185253381729126
-0.4185253381729126
-0.4158756732940674
-0.4158756732940674
-0.4132239520549774
-0.4132239520549774
-0.4105701446533203
-0.4105701446533203
-0.4079141616821289
-0.4079141616821289
-0.4052559435367584
-0.4052559435367584
-0.4025954008102417
-0.4025954008102417
-0.39993253350257874
-0.39993253350257874
-0.39726722240448
-0.39726722240448
-0.39459940791130066
-0.39459940791130066
-0.3919290602207184
-0.3919290602207184
-0.389256089925766
-0.389256089925766
-0.3865804076194763
-0.3865804076194763
-0.38390201330184937
-0.38390201330184937
-0.3812207877635956
-0.3812207877635956
-0.3785367012023926
-0.3785367012023926
-0.3758496642112732
-0.3758496642112732
-0.37315961718559265
-0.37315961718559265
-0.3704665005207062
-0.3704665005207062
-0.367770254611969
-0.367770254611969
-0.36507081985473633
-0.36507081985473633
-0.3623681366443634
-0.3623681366443634
-0.35966211557388306
-0.35966211557388306
-0.3569526970386505
-0.3569526970386505
-0.354239821434021
-0.354239821434021
-0.3515234589576721
-0.3515234589576721
-0.34880349040031433
-0.34880349040031433
-0.34607988595962524
-0.34607988595962524
-0.3433525562286377
-0.3433525562286377
-0.3406214714050293
-0.3406214714050293
-0.3378865718841553
-0.3378865718841553
-0.3351477384567261
-0.3351477384567261
-0.3324049413204193
-0.3324049413204193
-0.3296581208705902
-0.3296581208705902
-0.326907217502594
-0.326907217502594
-0.3241521418094635
-0.3241521418094635
-0.32139283418655396
-0.32139283418655396
-0.31862926483154297
-0.31862926483154297
-0.315861314535141
-0.315861314535141
-0.313088983297348
-0.313088983297348
-0.3103121519088745
-0.3103121519088745
-0.30753079056739807
-0.30753079056739807
-0.3047448396682739
-0.3047448396682739
-0.3019541800022125
-0.3019541800022125
-0.29915881156921387
-0.29915881156921387
-0.2963586449623108
-0.2963586449623108
-0.2935536205768585
-0.2935536205768585
-0.2907436490058899
-0.2907436490058899
-0.2879287004470825
-0.2879287004470825
-0.28510868549346924
-0.28510868549346924
-0.28228357434272766
-0.28228357434272766
-0.2794532775878906
-0.2794532775878906
-0.27661773562431335
-0.27661773562431335
-0.2737768888473511
-0.2737768888473511
-0.2709306478500366
-0.2709306478500366
-0.26807901263237
-0.26807901263237
-0.26522183418273926
-0.26522183418273926
-0.2623591125011444
-0.2623591125011444
-0.2594907879829407
-0.2594907879829407
-0.2566167414188385
-0.2566167414188385
-0.2537369430065155
-0.2537369430065155
-0.2508513331413269
-0.2508513331413269
-0.24795986711978912
-0.24795986711978912
-0.2450624406337738
-0.2450624406337738
-0.24215900897979736
-0.24215900897979736
-0.23924951255321503
-0.23924951255321503
-0.23633387684822083
-0.23633387684822083
-0.23341205716133118
-0.23341205716133118
-0.23048396408557892
-0.23048396408557892
-0.22754956781864166
-0.22754956781864166
-0.22460879385471344
-0.22460879385471344
-0.22166156768798828
-0.22166156768798828
-0.2187078297138214
-0.2187078297138214
-0.21574752032756805
-0.21574752032756805
-0.21278059482574463
-0.21278059482574463
-0.20980696380138397
-0.20980696380138397
-0.2068265825510025
-0.2068265825510025
-0.20383937656879425
-0.20383937656879425
-0.20084530115127563
-0.20084530115127563
-0.19784428179264069
-0.19784428179264069
-0.19483625888824463
-0.19483625888824463
-0.19182118773460388
-0.19182118773460388
-0.18879897892475128
-0.18879897892475128
-0.18576958775520325
-0.18576958775520325
-0.1827329397201538
-0.1827329397201538
-0.17968900501728058
-0.17968900501728058
-0.1766376942396164
-0.1766376942396164
-0.17357894778251648
-0.17357894778251648
-0.17051272094249725
-0.17051272094249725
-0.16743895411491394
-0.16743895411491394
-0.16435757279396057
-0.16435757279396057
-0.16126851737499237
-0.16126851737499237
-0.15817174315452576
-0.15817174315452576
-0.15506719052791595
-0.15506719052791595
-0.151954784989357
-0.151954784989357
-0.1488344818353653
-0.1488344818353653
-0.14570622146129608
-0.14570622146129608
-0.14256992936134338
-0.14256992936134338
-0.13942557573318481
-0.13942557573318481
-0.1362730711698532
-0.1362730711698532
-0.13311238586902618
-0.13311238586902618
-0.12994344532489777
-0.12994344532489777
-0.12676618993282318
-0.12676618993282318
-0.12358058989048004
-0.12358058989048004
-0.12038656324148178
-0.12038656324148178
-0.11718405783176422
-0.11718405783176422
-0.11397302150726318
-0.11397302150726318
-0.11075340211391449
-0.11075340211391449
-0.10752514004707336
-0.10752514004707336
-0.10428818315267563
-0.10428818315267563
-0.1010424792766571
-0.1010424792766571
-0.09778796136379242
-0.09778796136379242
-0.09452459216117859
-0.09452459216117859
-0.09125231206417084
-0.09125231206417084
-0.08797106891870499
-0.08797106891870499
-0.08468081057071686
-0.08468081057071686
-0.08138147741556168
-0.08138147741556168
-0.07807303220033646
-0.07807303220033646
-0.07475541532039642
-0.07475541532039642
-0.0714285746216774
-0.0714285746216774
-0.0680924579501152
-0.0680924579501152
-0.06474702805280685
-0.06474702805280685
-0.061392221599817276
-0.061392221599817276
-0.058027997612953186
-0.058027997612953186
-0.054654303938150406
-0.054654303938150406
-0.051271095871925354
-0.051271095871925354
-0.04787832871079445
-0.04787832871079445
-0.04447595030069351
-0.04447595030069351
-0.04106391593813896
-0.04106391593813896
-0.03764217719435692
-0.03764217719435692
-0.0342106968164444
-0.0342106968164444
-0.030769426375627518
-0.030769426375627518
-0.02731831930577755
-0.02731831930577755
-0.02385733835399151
-0.02385733835399151
-0.020386435091495514
-0.020386435091495514
-0.01690557226538658
-0.01690557226538658
-0.013414706103503704
-0.013414706103503704
-0.009913798421621323
-0.009913798421621323
-0.006402807310223579
-0.006402807310223579
-0.002881694817915559
-0.002881694817915559
0.0006495772977359593
0.0006495772977359593
0.004191046580672264
0.004191046580672264
0.007742749992758036
0.007742749992758036
0.011304723098874092
0.011304723098874092
0.014877000823616982
0.014877000823616982
0.018459618091583252
0.018459618091583252
0.02205260843038559
0.02205260843038559
0.02565600350499153
0.02565600350499153
0.029269836843013763
0.029269836843013763
0.03289413824677467
0.03289413824677467
0.03652893751859665
0.03652893751859665
0.04017426073551178
0.04017426073551178
0.04383014142513275
0.04383014142513275
0.047496601939201355
0.047496601939201355
0.05117367208003998
0.05117367208003998
0.05486137419939041
0.05486137419939041
0.058559734374284744
0.058559734374284744
0.06226877123117447
0.06226877123117447
0.06598851084709167
0.06598851084709167
0.06971897929906845
0.06971897929906845
0.0734601840376854
0.0734601840376854
0.0772121474146843
0.0772121474146843
0.08097489178180695
0.08097489178180695
0.08474843204021454
0.08474843204021454
0.08853277564048767
0.08853277564048767
0.09232794493436813
0.09232794493436813
0.09613394737243652
0.09613394737243652
0.09995079785585403
0.09995079785585403
0.10377850383520126
0.10377850383520126
0.1076170802116394
0.1076170802116394
0.11146651953458786
0.11146651953458786
0.11532683670520782
0.11532683670520782
0.1191980391740799
0.1191980391740799
0.12308012694120407
0.12308012694120407
0.12697309255599976
0.12697309255599976
0.13087695837020874
0.13087695837020874
0.13479170203208923
0.13479170203208923
0.13871732354164124
0.13871732354164124
0.14265382289886475
0.14265382289886475
0.14660120010375977
0.14660120010375977
0.1505594253540039
0.1505594253540039
0.15452851355075836
0.15452851355075836
0.15850844979286194
0.15850844979286194
0.16249920427799225
0.16249920427799225
0.1665007770061493
0.1665007770061493
0.17051315307617188
0.17051315307617188
0.1745363026857376
0.1745363026857376
0.1785702109336853
0.1785702109336853
0.18261486291885376
0.18261486291885376
0.1866702288389206
0.1866702288389206
0.19073627889156342
0.19073627889156342
0.19481298327445984
0.19481298327445984
0.19890032708644867
0.19890032708644867
0.20299826562404633
0.20299826562404633
0.2071067839860916
0.2071067839860916
0.21122582256793976
0.21122582256793976
0.21535535156726837
0.21535535156726837
0.21949534118175507
0.21949534118175507
0.22364573180675507
0.22364573180675507
0.22780649363994598
0.22780649363994598
0.23197758197784424
0.23197758197784424
0.23615892231464386
0.23615892231464386
0.24035049974918365
0.24035049974918365
0.24455223977565765
0.24455223977565765
0.24876408278942108
0.24876408278942108
0.25298598408699036
0.25298598408699036
0.2572178840637207
0.2572178840637207
0.26145967841148376
0.26145967841148376
0.26571136713027954
0.26571136713027954
0.26997286081314087
0.26997286081314087
0.2742440402507782
0.2742440402507782
0.27852490544319153
0.27852490544319153
0.2828153371810913
0.2828153371810913
0.2871152460575104
0.2871152460575104
0.29142457246780396
0.29142457246780396
0.29574325680732727
0.29574325680732727
0.3000711500644684
0.3000711500644684
0.3044082224369049
0.3044082224369049
0.3087543547153473
0.3087543547153473
0.313109427690506
0.313109427690506
0.3174733817577362
0.3174733817577362
0.3218460977077484
0.3218460977077484
0.32622748613357544
0.32622748613357544
0.33061742782592773
0.33061742782592773
0.33501580357551575
0.33501580357551575
0.3394225239753723
0.3394225239753723
0.3438374400138855
0.3438374400138855
0.34826046228408813
0.34826046228408813
0.3526914417743683
0.3526914417743683
0.3571302890777588
0.3571302890777588
0.3615768253803253
0.3615768253803253
0.3660309612751007
0.3660309612751007
0.37049251794815063
0.37049251794815063
0.37496140599250793
0.37496140599250793
0.3794374465942383
0.3794374465942383
0.38392049074172974
0.38392049074172974
0.38841041922569275
0.38841041922569275
0.392907053232193
0.392907053232193
0.3974102735519409
0.3974102735519409
0.4019198417663574
0.4019198417663574
0.40643566846847534
0.40643566846847534
0.41095754504203796
0.41095754504203796
0.41548532247543335
0.41548532247543335
0.4200188219547272
0.4200188219547272
0.4245578348636627
0.4245578348636627
0.42910224199295044
0.42910224199295044
0.43365177512168884
0.43365177512168884
0.4382063150405884
0.4382063150405884
0.44276562333106995
0.44276562333106995
0.4473295211791992
0.4473295211791992
0.45189782977104187
0.45189782977104187
0.4564702808856964
0.4564702808856964
0.4610467255115509
0.4610467255115509
0.46562692523002625
0.46562692523002625
0.47021064162254333
0.47021064162254333
0.47479769587516785
0.47479769587516785
0.4793878197669983
0.4793878197669983
0.48398080468177795
0.48398080468177795
0.4885764420032501
0.4885764420032501
0.4931744337081909
0.4931744337081909
0.497774600982666
0.497774600982666
0.5023766160011292
0.5023766160011292
0.5069803595542908
0.5069803595542908
0.5115854144096375
0.5115854144096375
0.5161916613578796
0.5161916613578796
0.5207987427711487
0.5207987427711487
0.5254064798355103
0.5254064798355103
0.5300145149230957
0.5300145149230957
0.5346226096153259
0.5346226096153259
0.539230465888977
0.539230465888977
0.54383784532547
0.54383784532547
0.5484444499015808
0.5484444499015808
0.5530499219894409
0.5530499219894409
0.5576540231704712
0.5576540231704712
0.562256395816803
0.562256395816803
0.566856861114502
0.566856861114502
0.5714549422264099
0.5714549422264099
0.5760504603385925
0.5760504603385925
0.5806429982185364
0.5806429982185364
0.5852323174476624
0.5852323174476624
0.5898180603981018
0.5898180603981018
0.5943998694419861
0.5943998694419861
0.5989774465560913
0.5989774465560913
0.603550374507904
0.603550374507904
0.6081184148788452
0.6081184148788452
0.6126811504364014
0.6126811504364014
0.6172382831573486
0.6172382831573486
0.6217893958091736
0.6217893958091736
0.6263341307640076
0.6263341307640076
0.6308721899986267
0.6308721899986267
0.6354031562805176
0.6354031562805176
0.6399266719818115
0.6399266719818115
0.6444423198699951
0.6444423198699951
0.6489497423171997
0.6489497423171997
0.6534486413002014
0.6534486413002014
0.6579384803771973
0.6579384803771973
0.6624189615249634
0.6624189615249634
0.6668896079063416
0.6668896079063416
0.6713501214981079
0.6713501214981079
0.675800085067749
0.675800085067749
0.6802389621734619
0.6802389621734619
0.6846665143966675
0.6846665143966675
0.6890822052955627
0.6890822052955627
0.693485677242279
0.693485677242279
0.697876513004303
0.697876513004303
0.7022542357444763
0.7022542357444763
0.7066184282302856
0.7066184282302856
0.7109686732292175
0.7109686732292175
0.7153045535087585
0.7153045535087585
0.7196255922317505
0.7196255922317505
0.7239313721656799
0.7239313721656799
0.7282214760780334
0.7282214760780334
0.7324953675270081
0.7324953675270081
0.7367526888847351
0.7367526888847351
0.7409929037094116
0.7409929037094116
0.745215654373169
0.745215654373169
0.7494204044342041
0.7494204044342041
0.7536066770553589
0.7536066770553589
0.7577740550041199
0.7577740550041199
0.7619220614433289
0.7619220614433289
0.7660502791404724
0.7660502791404724
0.7701581120491028
0.7701581120491028
0.7742452025413513
0.7742452025413513
0.778311014175415
0.778311014175415
0.7823551297187805
0.7823551297187805
0.786376953125
0.786376953125
0.7903761267662048
0.7903761267662048
0.794352114200592
0.794352114200592
0.7983044385910034
0.7983044385910034
0.8022326231002808
0.8022326231002808
0.8061361908912659
0.8061361908912659
0.8100146055221558
0.8100146055221558
0.8138673901557922
0.8138673901557922
0.8176940679550171
0.8176940679550171
0.8214942216873169
0.8214942216873169
0.8252672553062439
0.8252672553062439
0.8290126919746399
0.8290126919746399
0.8327301144599915
0.8327301144599915
0.8364189863204956
0.8364189863204956
0.8400787711143494
0.8400787711143494
0.8437090516090393
0.8437090516090393
0.8473092913627625
0.8473092913627625
0.8508790731430054
0.8508790731430054
0.8544178009033203
0.8544178009033203
0.8579249978065491
0.8579249978065491
0.8614002466201782
0.8614002466201782
0.8648430705070496
0.8648430705070496
0.8682528734207153
0.8682528734207153
0.8716292381286621
0.8716292381286621
0.8749716877937317
0.8749716877937317
0.8782797455787659
0.8782797455787659
0.8815529346466064
0.8815529346466064
0.8847907185554504
0.8847907185554504
0.8879926800727844
0.8879926800727844
0.8911583423614502
0.8911583423614502
0.8942872285842896
0.8942872285842896
0.8973788022994995
0.8973788022994995
0.9004327058792114
0.9004327058792114
0.9034484028816223
0.9034484028816223
0.9064254760742188
0.9064254760742188
0.9093634486198425
0.9093634486198425
0.9122618436813354
0.9122618436813354
0.9151202440261841
0.9151202440261841
0.9179381728172302
0.9179381728172302
0.9207152724266052
0.9207152724266052
0.9234510064125061
0.9234510064125061
0.9261450171470642
0.9261450171470642
0.9287967681884766
0.9287967681884766
0.9314059615135193
0.9314059615135193
0.9339720606803894
0.9339720606803894
0.936494767665863
0.936494767665863
0.938973605632782
0.938973605632782
0.9414081573486328
0.9414081573486328
0.9437980651855469
0.9437980651855469
0.946142852306366
0.946142852306366
0.948442280292511
0.948442280292511
0.950695812702179
0.950695812702179
0.952903151512146
0.952903151512146
0.9550639390945435
0.9550639390945435
0.9571778178215027
0.9571778178215027
0.9592443704605103
0.9592443704605103
0.9612632393836975
0.9612632393836975
0.9632341861724854
0.9632341861724854
0.9651567339897156
0.9651567339897156
0.9670307040214539
0.9670307040214539
0.968855619430542
0.968855619430542
0.9706313014030457
0.9706313014030457
0.9723573923110962
0.9723573923110962
0.974033534526825
0.974033534526825
0.9756594896316528
0.9756594896316528
0.977234959602356
0.977234959602356
0.9787597060203552
0.9787597060203552
0.9802334308624268
0.9802334308624268
0.9816558957099915
0.9816558957099915
0.9830268025398254
0.9830268025398254
0.9843459129333496
0.9843459129333496
0.9856130480766296
0.9856130480766296
0.9868279695510864
0.9868279695510864
0.9879903793334961
0.9879903793334961
0.9891001582145691
0.9891001582145691
0.9901570677757263
0.9901570677757263
0.9911609888076782
0.9911609888076782
0.9921116232872009
0.9921116232872009
0.9930088520050049
0.9930088520050049
0.9938525557518005
0.9938525557518005
0.9946425557136536
0.9946425557136536
0.9953786730766296
0.9953786730766296
0.9960607886314392
0.9960607886314392
0.9966888427734375
0.9966888427734375
0.9972625970840454
0.9972625970840454
0.9977820515632629
0.9977820515632629
0.9982470870018005
0.9982470870018005
0.9986576437950134
0.9986576437950134
0.9990136027336121
0.9990136027336121
0.9993148446083069
0.9993148446083069
0.9995614290237427
0.9995614290237427
0.9997532963752747
0.9997532963752747
0.9998903274536133
0.9998903274536133
0.9999725818634033
0.9999725818634033
1.0
1.0
0.9999725818634033
0.9999725818634033
0.9998903274536133
0.9998903274536133
0.9997532963752747
0.9997532963752747
0.9995614290237427
0.9995614290237427
0.9993148446083069
0.9993148446083069
0.9990136027336121
0.9990136027336121
0.9986576437950134
0.9986576437950134
0.9982470870018005
0.9982470870018005
0.9977820515632629
0.9977820515632629
0.9972625970840454
0.9972625970840454
0.9966888427734375
0.9966888427734375
0.9960607886314392
0.9960607886314392
0.9953786730766296
0.9953786730766296
0.9946425557136536
0.9946425557136536
0.9938525557518005
0.9938525557518005
0.9930088520050049
0.9930088520050049
0.9921116232872009
0.9921116232872009
0.9911609888076782
0.9911609888076782
0.9901570677757263
0.9901570677757263
0.9891001582145691
0.9891001582145691
0.9879903793334961
0.9879903793334961
0.9868279695510864
0.9868279695510864
0.9856130480766296
0.9856130480766296
0.9843459129333496
0.9843459129333496
0.9830268025398254
0.9830268025398254
0.9816558957099915
0.9816558957099915
0.9802334308624268
0.9802334308624268
0.9787597060203552
0.9787597060203552
0.977234959602356
0.977234959602356
0.9756594896316528
0.9756594896316528
0.974033534526825
0.974033534526825
0.9723573923110962
0.9723573923110962
0.9706313014030457
0.9706313014030457
0.968855619430542
0.968855619430542
0.9670307040214539
0.9670307040214539
0.9651567339897156
0.9651567339897156
0.9632341861724854
0.9632341861724854
0.9612632393836975
0.9612632393836975
0.9592443704605103
0.9592443704605103
0.9571778178215027
0.9571778178215027
0.9550639390945435
0.9550639390945435
0.952903151512146
0.952903151512146
0.950695812702179
0.950695812702179
0.948442280292511
0.948442280292511
0.946142852306366
0.946142852306366
0.9437980651855469
0.9437980651855469
0.9414081573486328
0.9414081573486328
0.938973605632782
0.938973605632782
0.936494767665863
0.936494767665863
0.9339720606803894
0.9339720606803894
0.9314059615135193
0.9314059615135193
0.9287967681884766
0.9287967681884766
0.9261450171470642
0.9261450171470642
0.9234510064125061
0.9234510064125061
0.9207152724266052
0.9207152724266052
0.9179381728172302
0.9179381728172302
0.9151202440261841
0.9151202440261841
0.9122618436813354
0.9122618436813354
0.9093634486198425
0.9093634486198425
0.9064254760742188
0.9064254760742188
0.9034484028816223
0.9034484028816223
0.9004327058792114
0.9004327058792114
0.8973788022994995
0.8973788022994995
0.8942872285842896
0.8942872285842896
0.8911583423614502
0.8911583423614502
0.8879926800727844
0.8879926800727844
0.8847907185554504
0.8847907185554504
0.8815529346466064
0.8815529346466064
0.8782797455787659
0.8782797455787659
0.8749716877937317
0.8749716877937317
0.8716292381286621
0.8716292381286621
0.8682528734207153
0.8682528734207153
0.8648430705070496
0.8648430705070496
0.8614002466201782
0.8614002466201782
0.8579249978065491
0.8579249978065491
0.8544178009033203
0.8544178009033203
0.8508790731430054
0.8508790731430054
0.8473092913627625
0.8473092913627625
0.8437090516090393
0.8437090516090393
0.8400787711143494
0.8400787711143494
0.8364189863204956
0.8364189863204956
0.8327301144599915
0.8327301144599915
0.8290126919746399
0.8290126919746399
0.8252672553062439
0.8252672553062439
0.8214942216873169
0.8214942216873169
0.8176940679550171
0.8176940679550171
0.8138673901557922
0.8138673901557922
0.8100146055221558
0.8100146055221558
0.8061361908912659
0.8061361908912659
0.8022326231002808
0.8022326231002808
0.7983044385910034
0.7983044385910034
0.794352114200592
0.794352114200592
0.7903761267662048
0.7903761267662048
0.786376953125
0.786376953125
0.7823551297187805
0.7823551297187805
0.778311014175415
0.778311014175415
0.7742452025413513
0.7742452025413513
0.7701581120491028
0.7701581120491028
0.7660502791404724
0.7660502791404724
0.7619220614433289
0.7619220614433289
0.7577740550041199
0.7577740550041199
0.7536066770553589
0.7536066770553589
0.7494204044342041
0.7494204044342041
0.745215654373169
0.745215654373169
0.7409929037094116
0.7409929037094116
0.7367526888847351
0.7367526888847351
0.7324953675270081
0.7324953675270081
0.7282214760780334
0.7282214760780334
0.7239313721656799
0.7239313721656799
0.7196255922317505
0.7196255922317505
0.7153045535087585
0.7153045535087585
0.7109686732292175
0.7109686732292175
0.7066184282302856
0.7066184282302856
0.7022542357444763
0.7022542357444763
0.697876513004303
0.697876513004303
0.693485677242279
0.693485677242279
0.6890822052955627
0.6890822052955627
0.6846665143966675
0.6846665143966675
0.6802389621734619
0.6802389621734619
0.675800085067749
0.675800085067749
0.6713501214981079
0.6713501214981079
0.6668896079063416
0.6668896079063416
0.6624189615249634
0.6624189615249634
0.6579384803771973
0.6579384803771973
0.6534486413002014
0.6534486413002014
0.6489497423171997
0.6489497423171997
0.6444423198699951
0.6444423198699951
0.6399266719818115
0.6399266719818115
0.6354031562805176
0.6354031562805176
0.6308721899986267
0.6308721899986267
0.6263341307640076
0.6263341307640076
0.6217893958091736
0.6217893958091736
0.6172382831573486
0.6172382831573486
0.6126811504364014
0.6126811504364014
0.6081184148788452
0.6081184148788452
0.603550374507904
0.603550374507904
0.5989774465560913
0.5989774465560913
0.5943998694419861
0.5943998694419861
0.5898180603981018
0.5898180603981018
0.5852323174476624
0.5852323174476624
0.5806429982185364
0.5806429982185364
0.5760504603385925
0.5760504603385925
0.5714549422264099
0.5714549422264099
0.566856861114502
0.566856861114502
0.562256395816803
0.562256395816803
0.5576540231704712
0.5576540231704712
0.5530499219894409
0.5530499219894409
0.5484444499015808
0.5484444499015808
0.54383784532547
0.54383784532547
0.539230465888977
0.539230465888977
0.5346226096153259
0.5346226096153259
0.5300145149230957
0.5300145149230957
0.5254064798355103
0.5254064798355103
0.5207987427711487
0.5207987427711487
0.5161916613578796
0.5161916613578796
0.5115854144096375
0.5115854144096375
0.5069803595542908
0.5069803595542908
0.5023766160011292
0.5023766160011292
0.497774600982666
0.497774600982666
0.4931744337081909
0.4931744337081909
0.4885764420032501
0.4885764420032501
0.48398080468177795
0.48398080468177795
0.4793878197669983
0.4793878197669983
0.47479769587516785
0.47479769587516785
0.47021064162254333
0.47021064162254333
0.46562692523002625
0.46562692523002625
0.4610467255115509
0.4610467255115509
0.4564702808856964
0.4564702808856964
0.45189782977104187
0.45189782977104187
0.4473295211791992
0.4473295211791992
0.44276562333106995
0.44276562333106995
0.4382063150405884
0.4382063150405884
0.43365177512168884
0.43365177512168884
0.42910224199295044
0.42910224199295044
0.4245578348636627
0.4245578348636627
0.4200188219547272
0.4200188219547272
0.41548532247543335
0.41548532247543335
0.41095754504203796
0.41095754504203796
0.40643566846847534
0.40643566846847534
0.4019198417663574
0.4019198417663574
0.3974102735519409
0.3974102735519409
0.392907053232193
0.392907053232193
0.38841041922569275
0.38841041922569275
0.38392049074172974
0.38392049074172974
0.3794374465942383
0.3794374465942383
0.37496140599250793
0.37496140599250793
0.37049251794815063
0.37049251794815063
0.3660309612751007
0.3660309612751007
0.3615768253803253
0.3615768253803253
0.3571302890777588
0.3571302890777588
0.3526914417743683
0.3526914417743683
0.34826046228408813
0.34826046228408813
0.3438374400138855
0.3438374400138855
0.3394225239753723
0.3394225239753723
0.33501580357551575
0.33501580357551575
0.33061742782592773
0.33061742782592773
0.32622748613357544
0.32622748613357544
0.3218460977077484
0.3218460977077484
0.3174733817577362
0.3174733817577362
0.313109427690506
0.313109427690506
0.3087543547153473
0.3087543547153473
0.3044082224369049
0.3044082224369049
0.3000711500644684
0.3000711500644684
0.29574325680732727
0.29574325680732727
0.29142457246780396
0.29142457246780396
0.2871152460575104
0.2871152460575104
0.2828153371810913
0.2828153371810913
0.27852490544319153
0.27852490544319153
0.2742440402507782
0.2742440402507782
0.26997286081314087
0.26997286081314087
0.26571136713027954
0.26571136713027954
0.26145967841148376
0.26145967841148376
0.2572178840637207
0.2572178840637207
0.25298598408699036
0.25298598408699036
0.24876408278942108
0.24876408278942108
0.24455223977565765
0.24455223977565765
0.24035049974918365
0.24035049974918365
0.23615892231464386
0.23615892231464386
0.23197758197784424
0.23197758197784424
0.22780649363994598
0.22780649363994598
0.22364573180675507
0.22364573180675507
0.21949534118175507
0.21949534118175507
0.21535535156726837
0.21535535156726837
0.21122582256793976
0.21122582256793976
0.2071067839860916
0.2071067839860916
0.20299826562404633
0.20299826562404633
0.19890032708644867
0.19890032708644867
0.19481298327445984
0.19481298327445984
0.19073627889156342
0.19073627889156342
0.1866702288389206
0.1866702288389206
0.18261486291885376
0.18261486291885376
0.1785702109336853
0.1785702109336853
0.1745363026857376
0.1745363026857376
0.17051315307617188
0.17051315307617188
0.1665007770061493
0.1665007770061493
0.16249920427799225
0.16249920427799225
0.15850844979286194
0.15850844979286194
0.15452851355075836
0.15452851355075836
0.1505594253540039
0.1505594253540039
0.14660120010375977
0.14660120010375977
0.14265382289886475
0.14265382289886475
0.13871732354164124
0.13871732354164124
0.13479170203208923
0.13479170203208923
0.13087695837020874
0.13087695837020874
0.12697309255599976
0.12697309255599976
0.12308012694120407
0.12308012694120407
0.1191980391740799
0.1191980391740799
0.11532683670520782
0.11532683670520782
0.11146651953458786
0.11146651953458786
0.1076170802116394
0.1076170802116394
0.10377850383520126
0.10377850383520126
0.09995079785585403
0.09995079785585403
0.09613394737243652
0.09613394737243652
0.09232794493436813
0.09232794493436813
0.08853277564048767
0.08853277564048767
0.08474843204021454
0.08474843204021454
0.08097489178180695
0.08097489178180695
0.0772121474146843
0.0772121474146843
0.0734601840376854
0.0734601840376854
0.06971897929906845
0.06971897929906845
0.06598851084709167
0.06598851084709167
0.06226877123117447
0.06226877123117447
0.058559734374284744
0.058559734374284744
0.05486137419939041
0.05486137419939041
0.05117367208003998
0.05117367208003998
0.047496601939201355
0.047496601939201355
0.04383014142513275
0.04383014142513275
0.04017426073551178
0.04017426073551178
0.03652893751859665
0.03652893751859665
0.03289413824677467
0.03289413824677467
0.029269836843013763
0.029269836843013763
0.02565600350499153
0.02565600350499153
0.02205260843038559
0.02205260843038559
0.018459618091583252
0.018459618091583252
0.014877000823616982
0.014877000823616982
0.011304723098874092
0.011304723098874092
0.007742749992758036
0.007742749992758036
0.004191046580672264
0.004191046580672264
0.0006495772977359593
0.0006495772977359593
-0.002881694817915559
-0.002881694817915559
-0.006402807310223579
-0.006402807310223579
-0.009913798421621323
-0.009913798421621323
-0.013414706103503704
-0.013414706103503704
-0.01690557226538658
-0.01690557226538658
-0.020386435091495514
-0.020386435091495514
-0.02385733835399151
-0.02385733835399151
-0.02731831930577755
-0.02731831930577755
-0.030769426375627518
-0.030769426375627518
-0.0342106968164444
-0.0342106968164444
-0.03764217719435692
-0.03764217719435692
-0.04106391593813896
-0.04106391593813896
-0.04447595030069351
-0.04447595030069351
-0.04787832871079445
-0.04787832871079445
-0.051271095871925354
-0.051271095871925354
-0.054654303938150406
-0.054654303938150406
-0.058027997612953186
-0.058027997612953186
-0.061392221599817276
-0.061392221599817276
-0.06474702805280685
-0.06474702805280685
-0.0680924579501152
-0.0680924579501152
-0.0714285746216774
-0.0714285746216774
-0.07475541532039642
-0.07475541532039642
-0.07807303220033646
-0.07807303220033646
-0.08138147741556168
-0.08138147741556168
-0.08468081057071686
-0.08468081057071686
-0.08797106891870499
-0.08797106891870499
-0.09125231206417084
-0.09125231206417084
-0.09452459216117859
-0.09452459216117859
-0.09778796136379242
-0.09778796136379242
-0.1010424792766571
-0.1010424792766571
-0.10428818315267563
-0.10428818315267563
-0.10752514004707336
-0.10752514004707336
-0.11075340211391449
-0.11075340211391449
-0.11397302150726318
-0.11397302150726318
-0.11718405783176422
-0.11718405783176422
-0.12038656324148178
-0.12038656324148178
-0.12358058989048004
-0.12358058989048004
-0.12676618993282318
-0.12676618993282318
-0.12994344532489777
-0.12994344532489777
-0.13311238586902618
-0.13311238586902618
-0.1362730711698532
-0.1362730711698532
-0.13942557573318481
-0.13942557573318481
-0.14256992936134338
-0.14256992936134338
-0.14570622146129608
-0.14570622146129608
-0.1488344818353653
-0.1488344818353653
-0.151954784989357
-0.151954784989357
-0.15506719052791595
-0.15506719052791595
-0.15817174315452576
-0.15817174315452576
-0.16126851737499237
-0.16126851737499237
-0.16435757279396057
-0.16435757279396057
-0.16743895411491394
-0.16743895411491394
-0.17051272094249725
-0.17051272094249725
-0.17357894778251648
-0.17357894778251648
-0.1766376942396164
-0.1766376942396164
-0.17968900501728058
-0.17968900501728058
-0.1827329397201538
-0.1827329397201538
-0.18576958775520325
-0.18576958775520325
-0.18879897892475128
-0.18879897892475128
-0.19182118773460388
-0.19182118773460388
-0.19483625888824463
-0.19483625888824463
-0.19784428179264069
-0.19784428179264069
-0.20084530115127563
-0.20084530115127563
-0.20383937656879425
-0.20383937656879425
-0.2068265825510025
-0.2068265825510025
-0.20980696380138397
-0.20980696380138397
-0.21278059482574463
-0.21278059482574463
-0.21574752032756805
-0.21574752032756805
-0.2187078297138214
-0.2187078297138214
-0.22166156768798828
-0.22166156768798828
-0.22460879385471344
-0.22460879385471344
-0.22754956781864166
-0.22754956781864166
-0.23048396408557892
-0.23048396408557892
-0.23341205716133118
-0.23341205716133118
-0.23633387684822083
-0.23633387684822083
-0.23924951255321503
-0.23924951255321503
-0.24215900897979736
-0.24215900897979736
-0.2450624406337738
-0.2450624406337738
-0.24795986711978912
-0.24795986711978912
-0.2508513331413269
-0.2508513331413269
-0.2537369430065155
-0.2537369430065155
-0.2566167414188385
-0.2566167414188385
-0.2594907879829407
-0.2594907879829407
-0.2623591125011444
-0.2623591125011444
-0.26522183418273926
-0.26522183418273926
-0.26807901263237
-0.26807901263237
-0.2709306478500366
-0.2709306478500366
-0.2737768888473511
-0.2737768888473511
-0.27661773562431335
-0.27661773562431335
-0.2794532775878906
-0.2794532775878906
-0.28228357434272766
-0.28228357434272766
-0.28510868549346924
-0.28510868549346924
-0.2879287004470825
-0.2879287004470825
-0.2907436490058899
-0.2907436490058899
-0.2935536205768585
-0.2935536205768585
-0.2963586449623108
-0.2963586449623108
-0.29915881156921387
-0.29915881156921387
-0.3019541800022125
-0.3019541800022125
-0.3047448396682739
-0.3047448396682739
-0.30753079056739807
-0.30753079056739807
-0.3103121519088745
-0.3103121519088745
-0.313088983297348
-0.313088983297348
-0.315861314535141
-0.315861314535141
-0.31862926483154297
-0.31862926483154297
-0.32139283418655396
-0.32139283418655396
-0.3241521418094635
-0.3241521418094635
-0.326907217502594
-0.326907217502594
-0.3296581208705902
-0.3296581208705902
-0.3324049413204193
-0.3324049413204193
-0.3351477384567261
-0.3351477384567261
-0.3378865718841553
-0.3378865718841553
-0.3406214714050293
-0.3406214714050293
-0.3433525562286377
-0.3433525562286377
-0.34607988595962524
-0.34607988595962524
-0.34880349040031433
-0.34880349040031433
-0.3515234589576721
-0.3515234589576721
-0.354239821434021
-0.354239821434021
-0.3569526970386505
-0.3569526970386505
-0.35966211557388306
-0.35966211557388306
-0.3623681366443634
-0.3623681366443634
-0.36507081985473633
-0.36507081985473633
-0.367770254611969
-0.367770254611969
-0.3704665005207062
-0.3704665005207062
-0.37315961718559265
-0.37315961718559265
-0.3758496642112732
-0.3758496642112732
-0.3785367012023926
-0.3785367012023926
-0.3812207877635956
-0.3812207877635956
-0.38390201330184937
-0.38390201330184937
-0.3865804076194763
-0.3865804076194763
-0.389256089925766
-0.389256089925766
-0.3919290602207184
-0.3919290602207184
-0.39459940791130066
-0.39459940791130066
-0.39726722240448
-0.39726722240448
-0.39993253350257874
-0.39993253350257874
-0.4025954008102417
-0.4025954008102417
-0.4052559435367584
-0.4052559435367584
-0.4079141616821289
-0.4079141616821289
-0.4105701446533203
-0.4105701446533203
-0.4132239520549774
-0.4132239520549774
-0.4158756732940674
-0.4158756732940674
-0.4185253381729126
-0.4185253381729126
-0.42117300629615784
-0.42117300629615784
-0.42381876707077026
-0.42381876707077026
-0.42646270990371704
-0.42646270990371704
-0.42910483479499817
-0.42910483479499817
-0.4317452311515808
-0.4317452311515808
-0.43438398838043213
-0.43438398838043213
-0.4370211362838745
-0.4370211362838745
-0.43965673446655273
-0.43965673446655273
-0.44229090213775635
-0.44229090213775635
-0.44492363929748535
-0.44492363929748535
-0.4475550353527069
-0.4475550353527069
-0.4501851797103882
-0.4501851797103882
-0.45281410217285156
-0.45281410217285156
-0.4554418623447418
-0.4554418623447418
-0.4580685496330261
-0.4580685496330261
-0.46069419384002686
-0.46069419384002686
-0.46331891417503357
-0.46331891417503357
-0.46594271063804626
-0.46594271063804626
-0.4685657024383545
-0.4685657024383545
-0.47118791937828064
-0.47118791937828064
-0.4738094210624695
-0.4738094210624695
-0.4764302968978882
-0.4764302968978882
-0.4790506064891815
-0.4790506064891815
-0.48167040944099426
-0.48167040944099426
-0.4842897355556488
-0.4842897355556488
-0.4869087040424347
-0.4869087040424347
-0.4895273447036743
-0.4895273447036743
-0.49214571714401245
-0.49214571714401245
-0.49476394057273865
-0.49476394057273865
-0.4973819851875305
-0.4973819851875305
-0.4973819851875305
-0.4973819851875305
-0.4973819851875305
-0.4973819851875305
-0.4973819851875305
-0.4973819851875305
-0.4973819851875305
-0.4973819851875305
-0.4973819851875305
-0.4973819851875305
-0.4973819851875305
-0.4973819851875305
0.0
0.0
0.0
0.0
0.0
0.0
0.0
0.0
0.0
0.0
0.0
0.0
0.0
0.0
0.0
0.0
0.0
0.0
0.0
0.0
0.0
0.0
0.0
0.0
0.0
0.0
0.0
0.0
0.0
0.0
0.0
0.0
0.0
0.0
0.0
0.0
0.0
0.0
0.0
0.0
0.0
0.0
0.0
0.0
0.0
0.0
0.0
0.0
0.0
0.0
0.0
0.0
0.0
0.0
0.0
0.0
0.0
0.0
0.0
0.0
0.0
0.0
0.0
0.0
0.0
0.0
0.0
0.0
0.0
0.0
0.0
0.0
0.0
0.0
0.0
0.0
0.0
0.0
0.0
0.0
0.0
0.0
0.0
0.0
0.0
0.0
0.0
0.0
0.0
0.0
0.0
0.0
0.0
0.0
0.0
0.0
0.0
0.0
0.0
0.0
0.0
0.0
0.0
0.0
0.0
0.0
0.0
0.0
0.0
0.0
0.0
0.0
0.0
0.0
0.0
0.0
0.0
0.0
