0.995832622051239
-0.0026928118895739317
0.9916653037071228
-0.005385731812566519
0.9874981045722961
-0.008078869432210922
0.9833312034606934
-0.01077233161777258
0.9791646599769592
-0.013466228730976582
0.9749985337257385
-0.016160666942596436
0.970832884311676
-0.018855758011341095
0.9666678309440613
-0.02155160717666149
0.9625034332275391
-0.02424832433462143
0.9583398103713989
-0.026946017518639565
0.9541770219802856
-0.0296447966247797
0.9500151872634888
-0.032344769686460495
0.9458543658256531
-0.0350460410118103
0.9416946172714233
-0.037748727947473526
0.9375360608100891
-0.04045293107628822
0.9333788156509399
-0.04315876215696335
0.9292228817939758
-0.04586632922291756
0.9250684380531311
-0.0485757440328598
0.9209154844284058
-0.05128711089491844
0.9167641997337341
-0.05400053784251213
0.9126145839691162
-0.05671613663434982
0.9084667563438416
-0.059434015303850174
0.9043208360671997
-0.06215428560972214
0.9001769423484802
-0.06487704813480377
0.8960350751876831
-0.06760241836309433
0.8918953537940979
-0.07033050060272217
0.8877578973770142
-0.07306141406297684
0.8836227655410767
-0.0757952556014061
0.8794901371002197
-0.0785321295261383
0.8753599524497986
-0.08127216249704361
0.8712324500083923
-0.08401545137166977
0.8671076893806458
-0.08676210790872574
0.8629856705665588
-0.08951224386692047
0.8588666319847107
-0.09226596355438232
0.8547505736351013
-0.09502337127923965
0.8506376147270203
-0.09778458625078201
0.8465278744697571
-0.10054971277713776
0.8424214720726013
-0.10331886261701584
0.838318407535553
-0.10609214007854462
0.8342189192771912
-0.10886965692043304
0.8301230072975159
-0.11165152490139008
0.8260308504104614
-0.11443784832954407
0.8219425082206726
-0.11722873151302338
0.8178580403327942
-0.12002429366111755
0.8137776851654053
-0.12282463908195496
0.8097013831138611
-0.12562988698482513
0.8056294322013855
-0.12844012677669525
0.8015617728233337
-0.13125547766685486
0.7974985837936401
-0.1340760439634323
0.7934399843215942
-0.13690194487571716
0.7893861532211304
-0.13973328471183777
0.7853370308876038
-0.14257016777992249
0.7812929153442383
-0.14541271328926086
0.7772538065910339
-0.14826102554798126
0.773219883441925
-0.15111519396305084
0.7691912651062012
-0.15397536754608154
0.7651680707931519
-0.15684162080287933
0.7611503601074219
-0.15971407294273376
0.7571383118629456
-0.1625928282737732
0.7531321048736572
-0.16547800600528717
0.7491317391395569
-0.16836971044540405
0.7451374530792236
-0.1712680608034134
0.7411493062973022
-0.17417313158512115
0.737167477607727
-0.17708507180213928
0.7331920862197876
-0.18000397086143494
0.7292233109474182
-0.18292991816997528
0.7252612113952637
-0.18586306273937225
0.7213059663772583
-0.18880347907543182
0.7173576951026917
-0.19175130128860474
0.713416576385498
-0.19470660388469696
0.709482729434967
-0.19766953587532043
0.7055562734603882
-0.20064017176628113
0.7016374468803406
-0.2036186307668686
0.697726309299469
-0.20660501718521118
0.6938230395317078
-0.20959943532943726
0.6899278163909912
-0.21260200440883636
0.6860407590866089
-0.21561282873153687
0.6821620464324951
-0.21863199770450592
0.6782918572425842
-0.22165964543819427
0.6744303107261658
-0.2246958464384079
0.6705776453018188
-0.22774073481559753
0.6667339205741882
-0.23079439997673035
0.662899374961853
-0.2338569462299347
0.6590741872787476
-0.23692849278450012
0.6552584767341614
-0.2400091290473938
0.6514524221420288
-0.24309897422790527
0.647656261920929
-0.2461981326341629
0.6438701748847961
-0.24930667877197266
0.6400942802429199
-0.2524247467517853
0.6363287568092346
-0.2555524408817291
0.6325738430023193
-0.25868985056877136
0.6288297772407532
-0.26183706521987915
0.6250966191291809
-0.26499423384666443
0.6213746666908264
-0.268161416053772
0.617664098739624
-0.27133873105049133
0.6139650940895081
-0.2745262682437897
0.6102778315544128
-0.27772411704063416
0.6066026091575623
-0.2809324264526367
0.6029395461082458
-0.28415122628211975
0.5992888808250427
-0.2873806953430176
0.5956507921218872
-0.2906208634376526
0.5920255780220032
-0.29387184977531433
0.588413417339325
-0.29713377356529236
0.5848144888877869
-0.30040669441223145
0.5812290906906128
-0.30369076132774353
0.5776574015617371
-0.306986004114151
0.5740996599197388
-0.3102925717830658
0.5705561637878418
-0.3136105239391327
0.5670270323753357
-0.31693994998931885
0.5635126233100891
-0.3202809989452362
0.5600131154060364
-0.32363370060920715
0.5565287470817566
-0.32699814438819885
0.5530598163604736
-0.33037447929382324
0.5496065020561218
-0.3337627351284027
0.5461691617965698
-0.3371630311012268
0.542747974395752
-0.3405754268169403
0.5393432378768921
-0.34400004148483276
0.5359552502632141
-0.34743693470954895
0.5325841903686523
-0.3508862257003784
0.5292304158210754
-0.35434794425964355
0.5258941650390625
-0.3578222393989563
0.5225757360458374
-0.36130911111831665
0.519275426864624
-0.36480870842933655
0.5159934759140015
-0.36832109093666077
0.5127301812171936
-0.3718463182449341
0.5094859004020691
-0.37538444995880127
0.506260871887207
-0.3789356052875519
0.5030553936958313
-0.3824998438358307
0.49986982345581055
-0.38607725501060486
0.49670442938804626
-0.3896678388118744
0.4935595691204071
-0.3932717442512512
0.49043548107147217
-0.39688900113105774
0.4873325824737549
-0.4005196690559387
0.48425111174583435
-0.40416380763053894
0.4811914563179016
-0.40782153606414795
0.47815391421318054
-0.41149282455444336
0.4751388430595398
-0.4151778221130371
0.472146600484848
-0.4188765287399292
0.4691774845123291
-0.4225890040397644
0.4662318825721741
-0.4263153076171875
0.4633101224899292
-0.43005549907684326
0.46041256189346313
-0.43380963802337646
0.4575395882129669
-0.4375777244567871
0.4546915292739868
-0.44135987758636475
0.45186877250671387
-0.445156067609787
0.4490717053413391
-0.4489663541316986
0.4463007152080536
-0.4527907967567444
0.44355612993240356
-0.4566294252872467
0.44083836674690247
-0.46048226952552795
0.43814781308174133
-0.4643493592739105
0.4354848861694336
-0.4682307243347168
0.4328499436378479
-0.4721263647079468
0.4302434027194977
-0.47603633999824524
0.42766568064689636
-0.4799606502056122
0.425117164850235
-0.4838992953300476
0.42259830236434937
-0.4878523349761963
0.42010948061943054
-0.4918197691440582
0.41765114665031433
-0.49580156803131104
0.4152236878871918
-0.4997977614402771
0.41282761096954346
-0.5038083791732788
0.41046327352523804
-0.5078333616256714
0.4081311523914337
-0.5118727684020996
0.4058316946029663
-0.5159264802932739
0.40356534719467163
-0.5199946165084839
0.4013325273990631
-0.5240771174430847
0.39913374185562134
-0.5281739830970764
0.39696940779685974
-0.5322850942611694
0.3948400318622589
-0.5364105105400085
0.39274606108665466
-0.540550172328949
0.3906879425048828
-0.5447040796279907
0.38866618275642395
-0.548872172832489
0.38668128848075867
-0.5530543923377991
0.3847336769104004
-0.5572507381439209
0.3828238844871521
-0.5614610910415649
0.380952388048172
-0.5656854510307312
0.3791196644306183
-0.5699236989021301
0.37732625007629395
-0.5741758346557617
0.37557265162467957
-0.5784417390823364
0.37385931611061096
-0.5827214121818542
0.3721868097782135
-0.5870146751403809
0.3705556392669678
-0.5913214683532715
0.368966281414032
-0.5956417918205261
0.3674193024635315
-0.5999754667282104
0.3659152090549469
-0.6043223738670349
0.3644545376300812
-0.6086825132369995
0.3630377948284149
-0.6130556464195251
0.3616655468940735
-0.6174417734146118
0.3603382706642151
-0.6218406558036804
0.35905659198760986
-0.6262522339820862
0.357820987701416
-0.6306764483451843
0.3566320240497589
-0.635113000869751
0.35549023747444153
-0.6395618319511414
0.35439616441726685
-0.6440228223800659
0.3533504009246826
-0.6484957933425903
0.3523534834384918
-0.6529805064201355
0.35140594840049744
-0.6574769020080566
0.35050836205482483
-0.6619847416877747
0.34966129064559937
-0.6665037870407104
0.3488653004169464
-0.6710339784622192
0.34812095761299133
-0.6755750775337219
0.3474287986755371
-0.6801267862319946
0.3467894196510315
-0.6846889853477478
0.34620335698127747
-0.6892614364624023
0.3456712067127228
-0.6938439607620239
0.3451935350894928
-0.6984362006187439
0.3447709083557129
-0.7030380368232727
0.34440386295318604
-0.7076492309570312
0.3440930247306824
-0.7122694253921509
0.3438389301300049
-0.7168983817100525
0.34364214539527893
-0.721535861492157
0.34350326657295227
-0.7261816263198853
0.3434228301048279
-0.7308353185653687
0.3434014320373535
-0.7354966402053833
0.34343960881233215
-0.7401653528213501
0.34353795647621155
-0.7448411583900452
0.3436970114707947
-0.7495236396789551
0.3439173698425293
-0.754212498664856
0.3441995680332184
-0.7589074373245239
0.3445441722869873
-0.7636081576347351
0.34495171904563904
-0.7683141827583313
0.34542280435562134
-0.7730252146720886
0.3459579348564148
-0.7777408957481384
0.34655770659446716
-0.7824608683586121
0.34722259640693665
-0.7871846556663513
0.347953200340271
-0.7919119000434875
0.3487500250339508
-0.7966423034667969
0.34961360692977905
-0.8013752698898315
0.3505444824695587
-0.8061105012893677
0.3515431880950928
-0.8108475208282471
0.35261017084121704
-0.8155859112739563
0.3537460267543793
-0.8203251957893372
0.3549512028694153
-0.8250648975372314
0.35622623562812805
-0.8298045992851257
0.3575715720653534
-0.834543764591217
0.3589877486228943
-0.8392819166183472
0.36047518253326416
-0.8440186381340027
0.362034410238266
-0.8487533330917358
0.3636658489704132
-0.8534854650497437
0.3653699457645416
-0.8582146167755127
0.36714717745780945
-0.8629401326179504
0.3689979612827301
-0.8676615357398987
0.370922714471817
-0.8723782896995544
0.3729218542575836
-0.87708979845047
0.37499579787254333
-0.8817954659461975
0.3771449625492096
-0.8864947557449341
0.37936967611312866
-0.8911870121955872
0.3816703259944916
-0.8958717584609985
0.3840472996234894
-0.9005482196807861
0.38650092482566833
-0.9052159190177917
0.3890315592288971
-0.9098742008209229
0.39163947105407715
-0.9145223498344421
0.39432501792907715
-0.9191598296165466
0.39708849787712097
-0.9237858653068542
0.3999301493167877
-0.928399920463562
0.4028502404689789
-0.9330012798309326
0.40584906935691833
-0.937589168548584
0.4089268445968628
-0.9421630501747131
0.41208377480506897
-0.946722149848938
0.4153200387954712
-0.9512657523155212
0.41863587498664856
-0.9557932019233704
0.422031432390213
-0.9603037238121033
0.4255068600177765
-0.9647966623306274
0.42906224727630615
-0.969271183013916
0.43269777297973633
-0.9737266302108765
0.4364134967327118
-0.9781621694564819
0.4402095079421997
-0.9825771450996399
0.44408583641052246
-0.9869707822799683
0.44804254174232483
-0.9913422465324402
0.4520796537399292
-0.9956907629966736
0.4561971127986908
-1.0000156164169312
0.460394948720932
-1.0043160915374756
0.46467307209968567
-1.0085911750793457
0.469031423330307
-1.0128402709960938
0.47346991300582886
-1.0170624256134033
0.47798842191696167
-1.021256923675537
0.4825868308544159
-1.0254230499267578
0.4872649312019348
-1.0295597314834595
0.4920225739479065
-1.0336663722991943
0.4968595504760742
-1.0377421379089355
0.5017756223678589
-1.0417860746383667
0.5067704916000366
-1.0457974672317505
0.5118439197540283
-1.04977548122406
0.5169955492019653
-1.0537192821502686
0.5222251415252686
-1.0576279163360596
0.5275322198867798
-1.0615006685256958
0.5329164266586304
-1.0653367042541504
0.5383774042129517
-1.0691351890563965
0.5439146757125854
-1.0728952884674072
0.5495277643203735
-1.0766160488128662
0.5552162528038025
-1.0802967548370361
0.5609794855117798
-1.0839365720748901
0.5668169856071472
-1.0875346660614014
0.5727282166481018
-1.091090202331543
0.578712522983551
-1.094602346420288
0.5847693085670471
-1.0980701446533203
0.5908978581428528
-1.101493000984192
0.5970975756645203
-1.1048699617385864
0.6033676862716675
-1.1082003116607666
0.6097074747085571
-1.111483097076416
0.6161161661148071
-1.1147176027297974
0.6225929856300354
-1.1179029941558838
0.6291370987892151
-1.121038556098938
0.6357476115226746
-1.124123454093933
0.642423689365387
-1.1271568536758423
0.6491644382476807
-1.1301381587982178
0.6559689044952393
-1.1330662965774536
0.6628361344337463
-1.1359407901763916
0.6697651743888855
-1.1387608051300049
0.6767549514770508
-1.1415256261825562
0.6838045120239258
-1.1442344188690186
0.690912663936615
-1.1468864679336548
0.698078453540802
-1.1494812965393066
0.7053006887435913
-1.1520179510116577
0.7125782370567322
-1.1544958353042603
0.7199099659919739
-1.1569143533706665
0.7272946238517761
-1.1592726707458496
0.7347310185432434
-1.1615703105926514
0.7422178983688354
-1.1638065576553345
0.7497540712356567
-1.1659806966781616
0.7573382258415222
-1.1680923700332642
0.764968991279602
-1.1701407432556152
0.7726450562477112
-1.1721254587173462
0.7803651094436646
-1.1740456819534302
0.7881277799606323
-1.1759010553359985
0.7959316372871399
-1.177691102027893
0.8037752509117126
-1.1794151067733765
0.8116572499275208
-1.18107271194458
0.8195762038230896
-1.1826634407043457
0.8275305032730103
-1.1841866970062256
0.8355188369750977
-1.1856422424316406
0.8435395359992981
-1.1870296001434326
0.8515912294387817
-1.1883481740951538
0.8596722483634949
-1.189597725868225
0.8677811622619629
-1.1907780170440674
0.8759163022041321
-1.191888451576233
0.8840761780738831
-1.1929287910461426
0.8922591805458069
-1.1938987970352173
0.9004636406898499
-1.1947979927062988
0.9086880683898926
-1.1956263780593872
0.9169306755065918
-1.1963834762573242
0.9251900315284729
-1.1970692873001099
0.9334643483161926
-1.197683334350586
0.941752016544342
-1.1982256174087524
0.9500513672828674
-1.1986960172653198
0.9583607912063599
-1.1990941762924194
0.9666785597801208
-1.1994200944900513
0.9750030636787415
-1.1996737718582153
0.9833325743675232
-1.1998549699783325
0.9916654229164124
-1.1999636888504028
1.0
-1.2000000476837158
1.0083345174789429
-1.1999636888504028
1.0166674852371216
-1.1998549699783325
1.0249969959259033
-1.1996737718582153
1.033321499824524
-1.1994200944900513
1.0416392087936401
-1.1990941762924194
1.0499486923217773
-1.1986960172653198
1.0582480430603027
-1.1982256174087524
1.0665357112884521
-1.197683334350586
1.0748100280761719
-1.1970692873001099
1.0830693244934082
-1.1963834762573242
1.0913119316101074
-1.1956263780593872
1.0995362997055054
-1.1947979927062988
1.107740879058838
-1.1938987970352173
1.1159237623214722
-1.1929287910461426
1.1240836381912231
-1.191888451576233
1.132218837738037
-1.1907780170440674
1.1403276920318604
-1.189597725868225
1.1484087705612183
-1.1883481740951538
1.1564604043960571
-1.1870296001434326
1.1644811630249023
-1.1856422424316406
1.1724694967269897
-1.1841866970062256
1.1804238557815552
-1.1826634407043457
1.1883426904678345
-1.18107271194458
1.1962246894836426
-1.1794151067733765
1.2040684223175049
-1.177691102027893
1.2118722200393677
-1.1759010553359985
1.2196348905563354
-1.1740456819534302
1.227354884147644
-1.1721254587173462
1.235031008720398
-1.1701407432556152
1.2426618337631226
-1.1680923700332642
1.2502459287643433
-1.1659806966781616
1.2577821016311646
-1.1638065576553345
1.2652690410614014
-1.1615703105926514
1.2727054357528687
-1.1592726707458496
1.280090093612671
-1.1569143533706665
1.287421703338623
-1.1544958353042603
1.2946993112564087
-1.1520179510116577
1.3019214868545532
-1.1494812965393066
1.3090872764587402
-1.1468864679336548
1.3161954879760742
-1.1442344188690186
1.3232450485229492
-1.1415256261825562
1.3302347660064697
-1.1387608051300049
1.3371638059616089
-1.1359407901763916
1.3440310955047607
-1.1330662965774536
1.3508355617523193
-1.1301381587982178
1.3575762510299683
-1.1271568536758423
1.3642524480819702
-1.124123454093933
1.3708629608154297
-1.121038556098938
1.3774070739746094
-1.1179029941558838
1.3838838338851929
-1.1147176027297974
1.3902925252914429
-1.111483097076416
1.3966323137283325
-1.1082003116607666
1.402902364730835
-1.1048699617385864
1.4091020822525024
-1.101493000984192
1.4152307510375977
-1.0980701446533203
1.4212874174118042
-1.094602346420288
1.427271842956543
-1.091090202331543
1.433182954788208
-1.0875346660614014
1.4390205144882202
-1.0839365720748901
1.4447838068008423
-1.0802967548370361
1.4504722356796265
-1.0766160488128662
1.4560853242874146
-1.0728952884674072
1.4616225957870483
-1.0691351890563965
1.4670835733413696
-1.0653367042541504
1.4724677801132202
-1.0615006685256958
1.4777748584747314
-1.0576279163360596
1.4830044507980347
-1.0537192821502686
1.4881560802459717
-1.04977548122406
1.4932295083999634
-1.0457974672317505
1.4982243776321411
-1.0417860746383667
1.5031404495239258
-1.0377421379089355
1.5079773664474487
-1.0336663722991943
1.5127350091934204
-1.0295597314834595
1.5174131393432617
-1.0254230499267578
1.5220115184783936
-1.021256923675537
1.5265300273895264
-1.0170624256134033
1.5309685468673706
-1.0128402709960938
1.5353269577026367
-1.0085911750793457
1.5396050214767456
-1.0043160915374756
1.5438028573989868
-1.0000156164169312
1.5479203462600708
-0.9956907629966736
1.5519574880599976
-0.9913422465324402
1.5559141635894775
-0.9869707822799683
1.5597904920578003
-0.9825771450996399
1.5635864734649658
-0.9781621694564819
1.5673022270202637
-0.9737266302108765
1.5709377527236938
-0.969271183013916
1.574493169784546
-0.9647966623306274
1.5779685974121094
-0.9603037238121033
1.5813641548156738
-0.9557932019233704
1.5846799612045288
-0.9512657523155212
1.5879162549972534
-0.946722149848938
1.5910731554031372
-0.9421630501747131
1.5941509008407593
-0.937589168548584
1.5971497297286987
-0.9330012798309326
1.6000698804855347
-0.928399920463562
1.6029114723205566
-0.9237858653068542
1.6056749820709229
-0.9191598296165466
1.6083605289459229
-0.9145223498344421
1.6109684705734253
-0.9098742008209229
1.6134990453720093
-0.9052159190177917
1.615952730178833
-0.9005482196807861
1.618329644203186
-0.8958717584609985
1.6206303834915161
-0.8911870121955872
1.6228550672531128
-0.8864947557449341
1.6250041723251343
-0.8817954659461975
1.6270781755447388
-0.87708979845047
1.6290773153305054
-0.8723782896995544
1.6310020685195923
-0.8676615357398987
1.6328527927398682
-0.8629401326179504
1.6346300840377808
-0.8582146167755127
1.6363341808319092
-0.8534854650497437
1.6379655599594116
-0.8487533330917358
1.6395248174667358
-0.8440186381340027
1.6410123109817505
-0.8392819166183472
1.6424283981323242
-0.834543764591217
1.6437737941741943
-0.8298045992851257
1.64504873752594
-0.8250648975372314
1.6462539434432983
-0.8203251957893372
1.6473897695541382
-0.8155859112739563
1.6484568119049072
-0.8108475208282471
1.6494555473327637
-0.8061105012893677
1.6503863334655762
-0.8013752698898315
1.6512500047683716
-0.7966423034667969
1.652046799659729
-0.7919119000434875
1.6527774333953857
-0.7871846556663513
1.6534422636032104
-0.7824608683586121
1.6540420055389404
-0.7777408957481384
1.6545771360397339
-0.7730252146720886
1.6550482511520386
-0.7683141827583313
1.6554558277130127
-0.7636081576347351
1.655800461769104
-0.7589074373245239
1.6560826301574707
-0.754212498664856
1.6563029289245605
-0.7495236396789551
1.6564620733261108
-0.7448411583900452
1.6565604209899902
-0.7401653528213501
1.6565985679626465
-0.7354966402053833
1.6565771102905273
-0.7308353185653687
1.6564967632293701
-0.7261816263198853
1.6563578844070435
-0.721535861492157
1.6561610698699951
-0.7168983817100525
1.6559069156646729
-0.7122694253921509
1.655596137046814
-0.7076492309570312
1.655229091644287
-0.7030380368232727
1.6548064947128296
-0.6984362006187439
1.6543288230895996
-0.6938439607620239
1.653796672821045
-0.6892614364624023
1.6532106399536133
-0.6846889853477478
1.652571201324463
-0.6801267862319946
1.651879072189331
-0.6755750775337219
1.651134729385376
-0.6710339784622192
1.6503386497497559
-0.6665037870407104
1.6494916677474976
-0.6619847416877747
1.6485940217971802
-0.6574769020080566
1.6476465463638306
-0.6529805064201355
1.6466495990753174
-0.6484957933425903
1.6456037759780884
-0.6440228223800659
1.6445097923278809
-0.6395618319511414
1.6433680057525635
-0.635113000869751
1.642179012298584
-0.6306764483451843
1.6409434080123901
-0.6262522339820862
1.6396616697311401
-0.6218406558036804
1.6383345127105713
-0.6174417734146118
1.6369621753692627
-0.6130556464195251
1.6355454921722412
-0.6086825132369995
1.6340848207473755
-0.6043223738670349
1.6325806379318237
-0.5999754667282104
1.6310336589813232
-0.5956417918205261
1.6294443607330322
-0.5913214683532715
1.6278132200241089
-0.5870146751403809
1.6261407136917114
-0.5827214121818542
1.624427318572998
-0.5784417390823364
1.622673749923706
-0.5741758346557617
1.620880365371704
-0.5699236989021301
1.6190476417541504
-0.5656854510307312
1.6171761751174927
-0.5614610910415649
1.6152663230895996
-0.5572507381439209
1.613318681716919
-0.5530543923377991
1.6113338470458984
-0.548872172832489
1.6093120574951172
-0.5447040796279907
1.607253909111023
-0.540550172328949
1.6051599979400635
-0.5364105105400085
1.6030305624008179
-0.5322850942611694
1.6008663177490234
-0.5281739830970764
1.5986675024032593
-0.5240771174430847
1.5964347124099731
-0.5199946165084839
1.5941683053970337
-0.5159264802932739
1.5918688774108887
-0.5118727684020996
1.5895367860794067
-0.5078333616256714
1.5871723890304565
-0.5038083791732788
1.5847762823104858
-0.4997977614402771
1.5823488235473633
-0.49580156803131104
1.579890489578247
-0.4918197691440582
1.5774017572402954
-0.4878523349761963
1.5748828649520874
-0.4838992953300476
1.5723342895507812
-0.4799606502056122
1.5697566270828247
-0.47603633999824524
1.5671501159667969
-0.4721263647079468
1.5645151138305664
-0.4682307243347168
1.561852216720581
-0.4643493592739105
1.55916166305542
-0.46048226952552795
1.5564439296722412
-0.4566294252872467
1.553699254989624
-0.4527907967567444
1.5509282350540161
-0.4489663541316986
1.5481312274932861
-0.445156067609787
1.5453084707260132
-0.44135987758636475
1.5424604415893555
-0.4375777244567871
1.5395874977111816
-0.43380963802337646
1.5366898775100708
-0.43005549907684326
1.5337681770324707
-0.4263153076171875
1.530822515487671
-0.4225890040397644
1.5278533697128296
-0.4188765287399292
1.5248610973358154
-0.4151778221130371
1.521846055984497
-0.41149282455444336
1.5188086032867432
-0.40782153606414795
1.5157488584518433
-0.40416380763053894
1.5126674175262451
-0.4005196690559387
1.5095645189285278
-0.39688900113105774
1.5064404010772705
-0.3932717442512512
1.5032955408096313
-0.3896678388118744
1.5001301765441895
-0.38607725501060486
1.496944546699524
-0.3824998438358307
1.493739128112793
-0.3789356052875519
1.4905141592025757
-0.37538444995880127
1.4872697591781616
-0.3718463182449341
1.4840065240859985
-0.36832109093666077
1.480724573135376
-0.36480870842933655
1.4774242639541626
-0.36130911111831665
1.4741058349609375
-0.3578222393989563
1.4707695245742798
-0.35434794425964355
1.4674158096313477
-0.3508862257003784
1.4640448093414307
-0.34743693470954895
1.460656762123108
-0.34400004148483276
1.457252025604248
-0.3405754268169403
1.4538308382034302
-0.3371630311012268
1.4503934383392334
-0.3337627351284027
1.4469401836395264
-0.33037447929382324
1.4434713125228882
-0.32699814438819885
1.4399869441986084
-0.32363370060920715
1.4364874362945557
-0.3202809989452362
1.4329729080200195
-0.31693994998931885
1.4294438362121582
-0.3136105239391327
1.4259003400802612
-0.3102925717830658
1.4223426580429077
-0.306986004114151
1.4187709093093872
-0.30369076132774353
1.415185570716858
-0.30040669441223145
1.4115866422653198
-0.29713377356529236
1.4079744815826416
-0.29387184977531433
1.4043492078781128
-0.2906208634376526
1.400711178779602
-0.2873806953430176
1.397060513496399
-0.28415122628211975
1.3933974504470825
-0.2809324264526367
1.3897221088409424
-0.27772411704063416
1.3860349655151367
-0.2745262682437897
1.382335901260376
-0.27133873105049133
1.3786252737045288
-0.268161416053772
1.3749033212661743
-0.26499423384666443
1.3711702823638916
-0.26183706521987915
1.3674261569976807
-0.25868985056877136
1.3636711835861206
-0.2555524408817291
1.35990571975708
-0.2524247467517853
1.3561298847198486
-0.24930667877197266
1.3523436784744263
-0.2461981326341629
1.3485475778579712
-0.24309897422790527
1.3447415828704834
-0.2400091290473938
1.3409258127212524
-0.23692849278450012
1.337100625038147
-0.2338569462299347
1.3332661390304565
-0.23079439997673035
1.3294223546981812
-0.22774073481559753
1.3255696296691895
-0.2246958464384079
1.321708083152771
-0.22165964543819427
1.3178379535675049
-0.21863199770450592
1.3139592409133911
-0.21561282873153687
1.3100721836090088
-0.21260200440883636
1.3061769008636475
-0.20959943532943726
1.3022737503051758
-0.20660501718521118
1.2983626127243042
-0.2036186307668686
1.2944437265396118
-0.20064017176628113
1.2905173301696777
-0.19766953587532043
1.286583423614502
-0.19470660388469696
1.2826423645019531
-0.19175130128860474
1.2786940336227417
-0.18880347907543182
1.2747387886047363
-0.18586306273937225
1.2707767486572266
-0.18292991816997528
1.2668079137802124
-0.18000397086143494
1.262832522392273
-0.17708507180213928
1.2588506937026978
-0.17417313158512115
1.2548625469207764
-0.1712680608034134
1.2508682012557983
-0.16836971044540405
1.2468678951263428
-0.16547800600528717
1.2428616285324097
-0.1625928282737732
1.2388496398925781
-0.15971407294273376
1.2348319292068481
-0.15684162080287933
1.2308087348937988
-0.15397536754608154
1.2267800569534302
-0.15111519396305084
1.2227461338043213
-0.14826102554798126
1.2187070846557617
-0.14541271328926086
1.2146629095077515
-0.14257016777992249
1.2106138467788696
-0.13973328471183777
1.2065600156784058
-0.13690194487571716
1.2025014162063599
-0.1340760439634323
1.198438286781311
-0.13125547766685486
1.1943706274032593
-0.12844012677669525
1.1902985572814941
-0.12562988698482513
1.1862223148345947
-0.12282463908195496
1.182141900062561
-0.12002429366111755
1.1780575513839722
-0.11722873151302338
1.1739691495895386
-0.11443784832954407
1.1698769330978394
-0.11165152490139008
1.165781021118164
-0.10886965692043304
1.1616815328598022
-0.10609214007854462
1.1575785875320435
-0.10331886261701584
1.1534720659255981
-0.10054971277713776
1.149362325668335
-0.09778458625078201
1.1452494859695435
-0.09502337127923965
1.141133427619934
-0.09226596355438232
1.1370142698287964
-0.08951224386692047
1.132892370223999
-0.08676210790872574
1.128767490386963
-0.08401545137166977
1.1246399879455566
-0.08127216249704361
1.1205098628997803
-0.0785321295261383
1.1163772344589233
-0.0757952556014061
1.1122421026229858
-0.07306141406297684
1.1081047058105469
-0.07033050060272217
1.103964924812317
-0.06760241836309433
1.0998231172561646
-0.06487704813480377
1.0956791639328003
-0.06215428560972214
1.0915331840515137
-0.059434015303850174
1.0873854160308838
-0.05671613663434982
1.0832358598709106
-0.05400053784251213
1.0790845155715942
-0.05128711089491844
1.0749316215515137
-0.0485757440328598
1.0707770586013794
-0.04586632922291756
1.06662118434906
-0.04315876215696335
1.0624638795852661
-0.04045293107628822
1.0583053827285767
-0.037748727947473526
1.0541456937789917
-0.0350460410118103
1.0499848127365112
-0.032344769686460495
1.0458229780197144
-0.0296447966247797
1.041660189628601
-0.026946017518639565
1.037496566772461
-0.02424832433462143
1.0333322286605835
-0.02155160717666149
1.0291671752929688
-0.018855758011341095
1.0250015258789062
-0.016160666942596436
1.0208353996276855
-0.013466228730976582
1.0166687965393066
-0.01077233161777258
1.012501835823059
-0.008078869432210922
1.008334755897522
-0.005385731812566519
1.0041674375534058
-0.0026928118895739317
1.0
4.153038115771619e-15
0.995832622051239
0.0026928118895739317
0.9916653037071228
0.005385731812566519
0.9874981045722961
0.008078869432210922
0.9833312034606934
0.01077233161777258
0.9791646599769592
0.013466228730976582
0.9749985337257385
0.016160666942596436
0.970832884311676
0.018855758011341095
0.9666678309440613
0.02155160717666149
0.9625034332275391
0.02424832433462143
0.9583398103713989
0.026946017518639565
0.9541770219802856
0.0296447966247797
0.9500151872634888
0.032344769686460495
0.9458543658256531
0.0350460410118103
0.9416946172714233
0.037748727947473526
0.9375360608100891
0.04045293107628822
0.9333788156509399
0.04315876215696335
0.9292228817939758
0.04586632922291756
0.9250684380531311
0.0485757440328598
0.9209154844284058
0.05128711089491844
0.9167641997337341
0.05400053784251213
0.9126145839691162
0.05671613663434982
0.9084667563438416
0.059434015303850174
0.9043208360671997
0.06215428560972214
0.9001769423484802
0.06487704813480377
0.8960350751876831
0.06760241836309433
0.8918953537940979
0.07033050060272217
0.8877578973770142
0.07306141406297684
0.8836227655410767
0.0757952556014061
0.8794901371002197
0.0785321295261383
0.8753599524497986
0.08127216249704361
0.8712324500083923
0.08401545137166977
0.8671076893806458
0.08676210790872574
0.8629856705665588
0.08951224386692047
0.8588666319847107
0.09226596355438232
0.8547505736351013
0.09502337127923965
0.8506376147270203
0.09778458625078201
0.8465278744697571
0.10054971277713776
0.8424214720726013
0.10331886261701584
0.838318407535553
0.10609214007854462
0.8342189192771912
0.10886965692043304
0.8301230072975159
0.11165152490139008
0.8260308504104614
0.11443784832954407
0.8219425082206726
0.11722873151302338
0.8178580403327942
0.12002429366111755
0.8137776851654053
0.12282463908195496
0.8097013831138611
0.12562988698482513
0.8056294322013855
0.12844012677669525
0.8015617728233337
0.13125547766685486
0.7974985837936401
0.1340760439634323
0.7934399843215942
0.13690194487571716
0.7893861532211304
0.13973328471183777
0.7853370308876038
0.14257016777992249
0.7812929153442383
0.14541271328926086
0.7772538065910339
0.14826102554798126
0.773219883441925
0.15111519396305084
0.7691912651062012
0.15397536754608154
0.7651680707931519
0.15684162080287933
0.7611503601074219
0.15971407294273376
0.7571383118629456
0.1625928282737732
0.7531321048736572
0.16547800600528717
0.7491317391395569
0.16836971044540405
0.7451374530792236
0.1712680608034134
0.7411493062973022
0.17417313158512115
0.737167477607727
0.17708507180213928
0.7331920862197876
0.18000397086143494
0.7292233109474182
0.18292991816997528
0.7252612113952637
0.18586306273937225
0.7213059663772583
0.18880347907543182
0.7173576951026917
0.19175130128860474
0.713416576385498
0.19470660388469696
0.709482729434967
0.19766953587532043
0.7055562734603882
0.20064017176628113
0.7016374468803406
0.2036186307668686
0.697726309299469
0.20660501718521118
0.6938230395317078
0.20959943532943726
0.6899278163909912
0.21260200440883636
0.6860407590866089
0.21561282873153687
0.6821620464324951
0.21863199770450592
0.6782918572425842
0.22165964543819427
0.6744303107261658
0.2246958464384079
0.6705776453018188
0.22774073481559753
0.6667339205741882
0.23079439997673035
0.662899374961853
0.2338569462299347
0.6590741872787476
0.23692849278450012
0.6552584767341614
0.2400091290473938
0.6514524221420288
0.24309897422790527
0.647656261920929
0.2461981326341629
0.6438701748847961
0.24930667877197266
0.6400942802429199
0.2524247467517853
0.6363287568092346
0.2555524408817291
0.6325738430023193
0.25868985056877136
0.6288297772407532
0.26183706521987915
0.6250966191291809
0.26499423384666443
0.6213746666908264
0.268161416053772
0.617664098739624
0.27133873105049133
0.6139650940895081
0.2745262682437897
0.6102778315544128
0.27772411704063416
0.6066026091575623
0.2809324264526367
0.6029395461082458
0.28415122628211975
0.5992888808250427
0.2873806953430176
0.5956507921218872
0.2906208634376526
0.5920255780220032
0.29387184977531433
0.588413417339325
0.29713377356529236
0.5848144888877869
0.30040669441223145
0.5812290906906128
0.30369076132774353
0.5776574015617371
0.306986004114151
0.5740996599197388
0.3102925717830658
0.5705561637878418
0.3136105239391327
0.5670270323753357
0.31693994998931885
0.5635126233100891
0.3202809989452362
0.5600131154060364
0.32363370060920715
0.5565287470817566
0.32699814438819885
0.5530598163604736
0.33037447929382324
0.5496065020561218
0.3337627351284027
0.5461691617965698
0.3371630311012268
0.542747974395752
0.3405754268169403
0.5393432378768921
0.34400004148483276
0.5359552502632141
0.34743693470954895
0.5325841903686523
0.3508862257003784
0.5292304158210754
0.35434794425964355
0.5258941650390625
0.3578222393989563
0.5225757360458374
0.36130911111831665
0.519275426864624
0.36480870842933655
0.5159934759140015
0.36832109093666077
0.5127301812171936
0.3718463182449341
0.5094859004020691
0.37538444995880127
0.506260871887207
0.3789356052875519
0.5030553936958313
0.3824998438358307
0.49986982345581055
0.38607725501060486
0.49670442938804626
0.3896678388118744
0.4935595691204071
0.3932717442512512
0.49043548107147217
0.39688900113105774
0.4873325824737549
0.4005196690559387
0.48425111174583435
0.40416380763053894
0.4811914563179016
0.40782153606414795
0.47815391421318054
0.41149282455444336
0.4751388430595398
0.4151778221130371
0.472146600484848
0.4188765287399292
0.4691774845123291
0.4225890040397644
0.4662318825721741
0.4263153076171875
0.4633101224899292
0.43005549907684326
0.46041256189346313
0.43380963802337646
0.4575395882129669
0.4375777244567871
0.4546915292739868
0.44135987758636475
0.45186877250671387
0.445156067609787
0.4490717053413391
0.4489663541316986
0.4463007152080536
0.4527907967567444
0.44355612993240356
0.4566294252872467
0.44083836674690247
0.46048226952552795
0.43814781308174133
0.4643493592739105
0.4354848861694336
0.4682307243347168
0.4328499436378479
0.4721263647079468
0.4302434027194977
0.47603633999824524
0.42766568064689636
0.4799606502056122
0.425117164850235
0.4838992953300476
0.42259830236434937
0.4878523349761963
0.42010948061943054
0.4918197691440582
0.41765114665031433
0.49580156803131104
0.4152236878871918
0.4997977614402771
0.41282761096954346
0.5038083791732788
0.41046327352523804
0.5078333616256714
0.4081311523914337
0.5118727684020996
0.4058316946029663
0.5159264802932739
0.40356534719467163
0.5199946165084839
0.4013325273990631
0.5240771174430847
0.39913374185562134
0.5281739830970764
0.39696940779685974
0.5322850942611694
0.3948400318622589
0.5364105105400085
0.39274606108665466
0.540550172328949
0.3906879425048828
0.5447040796279907
0.38866618275642395
0.548872172832489
0.38668128848075867
0.5530543923377991
0.3847336769104004
0.5572507381439209
0.3828238844871521
0.5614610910415649
0.380952388048172
0.5656854510307312
0.3791196644306183
0.5699236989021301
0.37732625007629395
0.5741758346557617
0.37557265162467957
0.5784417390823364
0.37385931611061096
0.5827214121818542
0.3721868097782135
0.5870146751403809
0.3705556392669678
0.5913214683532715
0.368966281414032
0.5956417918205261
0.3674193024635315
0.5999754667282104
0.3659152090549469
0.6043223738670349
0.3644545376300812
0.6086825132369995
0.3630377948284149
0.6130556464195251
0.3616655468940735
0.6174417734146118
0.3603382706642151
0.6218406558036804
0.35905659198760986
0.6262522339820862
0.357820987701416
0.6306764483451843
0.3566320240497589
0.635113000869751
0.35549023747444153
0.6395618319511414
0.35439616441726685
0.6440228223800659
0.3533504009246826
0.6484957933425903
0.3523534834384918
0.6529805064201355
0.35140594840049744
0.6574769020080566
0.35050836205482483
0.6619847416877747
0.34966129064559937
0.6665037870407104
0.3488653004169464
0.6710339784622192
0.34812095761299133
0.6755750775337219
0.3474287986755371
0.6801267862319946
0.3467894196510315
0.6846889853477478
0.34620335698127747
0.6892614364624023
0.3456712067127228
0.6938439607620239
0.3451935350894928
0.6984362006187439
0.3447709083557129
0.7030380368232727
0.34440386295318604
0.7076492309570312
0.3440930247306824
0.7122694253921509
0.3438389301300049
0.7168983817100525
0.34364214539527893
0.721535861492157
0.34350326657295227
0.7261816263198853
0.3434228301048279
0.7308353185653687
0.3434014320373535
0.7354966402053833
0.34343960881233215
0.7401653528213501
0.34353795647621155
0.7448411583900452
0.3436970114707947
0.7495236396789551
0.3439173698425293
0.754212498664856
0.3441995680332184
0.7589074373245239
0.3445441722869873
0.7636081576347351
0.34495171904563904
0.7683141827583313
0.34542280435562134
0.7730252146720886
0.3459579348564148
0.7777408957481384
0.34655770659446716
0.7824608683586121
0.34722259640693665
0.7871846556663513
0.347953200340271
0.7919119000434875
0.3487500250339508
0.7966423034667969
0.34961360692977905
0.8013752698898315
0.3505444824695587
0.8061105012893677
0.3515431880950928
0.8108475208282471
0.35261017084121704
0.8155859112739563
0.3537460267543793
0.8203251957893372
0.3549512028694153
0.8250648975372314
0.35622623562812805
0.8298045992851257
0.3575715720653534
0.834543764591217
0.3589877486228943
0.8392819166183472
0.36047518253326416
0.8440186381340027
0.362034410238266
0.8487533330917358
0.3636658489704132
0.8534854650497437
0.3653699457645416
0.8582146167755127
0.36714717745780945
0.8629401326179504
0.3689979612827301
0.8676615357398987
0.370922714471817
0.8723782896995544
0.3729218542575836
0.87708979845047
0.37499579787254333
0.8817954659461975
0.3771449625492096
0.8864947557449341
0.37936967611312866
0.8911870121955872
0.3816703259944916
0.8958717584609985
0.3840472996234894
0.9005482196807861
0.38650092482566833
0.9052159190177917
0.3890315592288971
0.9098742008209229
0.39163947105407715
0.9145223498344421
0.39432501792907715
0.9191598296165466
0.39708849787712097
0.9237858653068542
0.3999301493167877
0.928399920463562
0.4028502404689789
0.9330012798309326
0.40584906935691833
0.937589168548584
0.4089268445968628
0.9421630501747131
0.41208377480506897
0.946722149848938
0.4153200387954712
0.9512657523155212
0.41863587498664856
0.9557932019233704
0.422031432390213
0.9603037238121033
0.4255068600177765
0.9647966623306274
0.42906224727630615
0.969271183013916
0.43269777297973633
0.9737266302108765
0.4364134967327118
0.9781621694564819
0.4402095079421997
0.9825771450996399
0.44408583641052246
0.9869707822799683
0.44804254174232483
0.9913422465324402
0.4520796537399292
0.9956907629966736
0.4561971127986908
1.0000156164169312
0.460394948720932
1.0043160915374756
0.46467307209968567
1.0085911750793457
0.469031423330307
1.0128402709960938
0.47346991300582886
1.0170624256134033
0.47798842191696167
1.021256923675537
0.4825868308544159
1.0254230499267578
0.4872649312019348
1.0295597314834595
0.4920225739479065
1.0336663722991943
0.4968595504760742
1.0377421379089355
0.5017756223678589
1.0417860746383667
0.5067704916000366
1.0457974672317505
0.5118439197540283
1.04977548122406
0.5169955492019653
1.0537192821502686
0.5222251415252686
1.0576279163360596
0.5275322198867798
1.0615006685256958
0.5329164266586304
1.0653367042541504
0.5383774042129517
1.0691351890563965
0.5439146757125854
1.0728952884674072
0.5495277643203735
1.0766160488128662
0.5552162528038025
1.0802967548370361
0.5609794855117798
1.0839365720748901
0.5668169856071472
1.0875346660614014
0.5727282166481018
1.091090202331543
0.578712522983551
1.094602346420288
0.5847693085670471
1.0980701446533203
0.5908978581428528
1.101493000984192
0.5970975756645203
1.1048699617385864
0.6033676862716675
1.1082003116607666
0.6097074747085571
1.111483097076416
0.6161161661148071
1.1147176027297974
0.6225929856300354
1.1179029941558838
0.6291370987892151
1.121038556098938
0.6357476115226746
1.124123454093933
0.642423689365387
1.1271568536758423
0.6491644382476807
1.1301381587982178
0.6559689044952393
1.1330662965774536
0.6628361344337463
1.1359407901763916
0.6697651743888855
1.1387608051300049
0.6767549514770508
1.1415256261825562
0.6838045120239258
1.1442344188690186
0.690912663936615
1.1468864679336548
0.698078453540802
1.1494812965393066
0.7053006887435913
1.1520179510116577
0.7125782370567322
1.1544958353042603
0.7199099659919739
1.1569143533706665
0.7272946238517761
1.1592726707458496
0.7347310185432434
1.1615703105926514
0.7422178983688354
1.1638065576553345
0.7497540712356567
1.1659806966781616
0.7573382258415222
1.1680923700332642
0.764968991279602
1.1701407432556152
0.7726450562477112
1.1721254587173462
0.7803651094436646
1.1740456819534302
0.7881277799606323
1.1759010553359985
0.7959316372871399
1.177691102027893
0.8037752509117126
1.1794151067733765
0.8116572499275208
1.18107271194458
0.8195762038230896
1.1826634407043457
0.8275305032730103
1.1841866970062256
0.8355188369750977
1.1856422424316406
0.8435395359992981
1.1870296001434326
0.8515912294387817
1.1883481740951538
0.8596722483634949
1.189597725868225
0.8677811622619629
1.1907780170440674
0.8759163022041321
1.191888451576233
0.8840761780738831
1.1929287910461426
0.8922591805458069
1.1938987970352173
0.9004636406898499
1.1947979927062988
0.9086880683898926
1.1956263780593872
0.9169306755065918
1.1963834762573242
0.9251900315284729
1.1970692873001099
0.9334643483161926
1.197683334350586
0.941752016544342
1.1982256174087524
0.9500513672828674
1.1986960172653198
0.9583607912063599
1.1990941762924194
0.9666785597801208
1.1994200944900513
0.9750030636787415
1.1996737718582153
0.9833325743675232
1.1998549699783325
0.9916654229164124
1.1999636888504028
1.0
1.2000000476837158
1.0083345174789429
1.1999636888504028
1.0166674852371216
1.1998549699783325
1.0249969959259033
1.1996737718582153
1.033321499824524
1.1994200944900513
1.0416392087936401
1.1990941762924194
1.0499486923217773
1.1986960172653198
1.0582480430603027
1.1982256174087524
1.0665357112884521
1.197683334350586
1.0748100280761719
1.1970692873001099
1.0830693244934082
1.1963834762573242
1.0913119316101074
1.1956263780593872
1.0995362997055054
1.1947979927062988
1.107740879058838
1.1938987970352173
1.1159237623214722
1.1929287910461426
1.1240836381912231
1.191888451576233
1.132218837738037
1.1907780170440674
1.1403276920318604
1.189597725868225
1.1484087705612183
1.1883481740951538
1.1564604043960571
1.1870296001434326
1.1644811630249023
1.1856422424316406
1.1724694967269897
1.1841866970062256
1.1804238557815552
1.1826634407043457
1.1883426904678345
1.18107271194458
1.1962246894836426
1.1794151067733765
1.2040684223175049
1.177691102027893
1.2118722200393677
1.1759010553359985
1.2196348905563354
1.1740456819534302
1.227354884147644
1.1721254587173462
1.235031008720398
1.1701407432556152
1.2426618337631226
1.1680923700332642
1.2502459287643433
1.1659806966781616
1.2577821016311646
1.1638065576553345
1.2652690410614014
1.1615703105926514
1.2727054357528687
1.1592726707458496
1.280090093612671
1.1569143533706665
1.287421703338623
1.1544958353042603
1.2946993112564087
1.1520179510116577
1.3019214868545532
1.1494812965393066
1.3090872764587402
1.1468864679336548
1.3161954879760742
1.1442344188690186
1.3232450485229492
1.1415256261825562
1.3302347660064697
1.1387608051300049
1.3371638059616089
1.1359407901763916
1.3440310955047607
1.1330662965774536
1.3508355617523193
1.1301381587982178
1.3575762510299683
1.1271568536758423
1.3642524480819702
1.124123454093933
1.3708629608154297
1.121038556098938
1.3774070739746094
1.1179029941558838
1.3838838338851929
1.1147176027297974
1.3902925252914429
1.111483097076416
1.3966323137283325
1.1082003116607666
1.402902364730835
1.1048699617385864
1.4091020822525024
1.101493000984192
1.4152307510375977
1.0980701446533203
1.4212874174118042
1.094602346420288
1.427271842956543
1.091090202331543
1.433182954788208
1.0875346660614014
1.4390205144882202
1.0839365720748901
1.4447838068008423
1.0802967548370361
1.4504722356796265
1.0766160488128662
1.4560853242874146
1.0728952884674072
1.4616225957870483
1.0691351890563965
1.4670835733413696
1.0653367042541504
1.4724677801132202
1.0615006685256958
1.4777748584747314
1.0576279163360596
1.4830044507980347
1.0537192821502686
1.4881560802459717
1.04977548122406
1.4932295083999634
1.0457974672317505
1.4982243776321411
1.0417860746383667
1.5031404495239258
1.0377421379089355
1.5079773664474487
1.0336663722991943
1.5127350091934204
1.0295597314834595
1.5174131393432617
1.0254230499267578
1.5220115184783936
1.021256923675537
1.5265300273895264
1.0170624256134033
1.5309685468673706
1.0128402709960938
1.5353269577026367
1.0085911750793457
1.5396050214767456
1.0043160915374756
1.5438028573989868
1.0000156164169312
1.5479203462600708
0.9956907629966736
1.5519574880599976
0.9913422465324402
1.5559141635894775
0.9869707822799683
1.5597904920578003
0.9825771450996399
1.5635864734649658
0.9781621694564819
1.5673022270202637
0.9737266302108765
1.5709377527236938
0.969271183013916
1.574493169784546
0.9647966623306274
1.5779685974121094
0.9603037238121033
1.5813641548156738
0.9557932019233704
1.5846799612045288
0.9512657523155212
1.5879162549972534
0.946722149848938
1.5910731554031372
0.9421630501747131
1.5941509008407593
0.937589168548584
1.5971497297286987
0.9330012798309326
1.6000698804855347
0.928399920463562
1.6029114723205566
0.9237858653068542
1.6056749820709229
0.9191598296165466
1.6083605289459229
0.9145223498344421
1.6109684705734253
0.9098742008209229
1.6134990453720093
0.9052159190177917
1.615952730178833
0.9005482196807861
1.618329644203186
0.8958717584609985
1.6206303834915161
0.8911870121955872
1.6228550672531128
0.8864947557449341
1.6250041723251343
0.8817954659461975
1.6270781755447388
0.87708979845047
1.6290773153305054
0.8723782896995544
1.6310020685195923
0.8676615357398987
1.6328527927398682
0.8629401326179504
1.6346300840377808
0.8582146167755127
1.6363341808319092
0.8534854650497437
1.6379655599594116
0.8487533330917358
1.6395248174667358
0.8440186381340027
1.6410123109817505
0.8392819166183472
1.6424283981323242
0.834543764591217
1.6437737941741943
0.8298045992851257
1.64504873752594
0.8250648975372314
1.6462539434432983
0.8203251957893372
1.6473897695541382
0.8155859112739563
1.6484568119049072
0.8108475208282471
1.6494555473327637
0.8061105012893677
1.6503863334655762
0.8013752698898315
1.6512500047683716
0.7966423034667969
1.652046799659729
0.7919119000434875
1.6527774333953857
0.7871846556663513
1.6534422636032104
0.7824608683586121
1.6540420055389404
0.7777408957481384
1.6545771360397339
0.7730252146720886
1.6550482511520386
0.7683141827583313
1.6554558277130127
0.7636081576347351
1.655800461769104
0.7589074373245239
1.6560826301574707
0.754212498664856
1.6563029289245605
0.7495236396789551
1.6564620733261108
0.7448411583900452
1.6565604209899902
0.7401653528213501
1.6565985679626465
0.7354966402053833
1.6565771102905273
0.7308353185653687
1.6564967632293701
0.7261816263198853
1.6563578844070435
0.721535861492157
1.6561610698699951
0.7168983817100525
1.6559069156646729
0.7122694253921509
1.655596137046814
0.7076492309570312
1.655229091644287
0.7030380368232727
1.6548064947128296
0.6984362006187439
1.6543288230895996
0.6938439607620239
1.653796672821045
0.6892614364624023
1.6532106399536133
0.6846889853477478
1.652571201324463
0.6801267862319946
1.651879072189331
0.6755750775337219
1.651134729385376
0.6710339784622192
1.6503386497497559
0.6665037870407104
1.6494916677474976
0.6619847416877747
1.6485940217971802
0.6574769020080566
1.6476465463638306
0.6529805064201355
1.6466495990753174
0.6484957933425903
1.6456037759780884
0.6440228223800659
1.6445097923278809
0.6395618319511414
1.6433680057525635
0.635113000869751
1.642179012298584
0.6306764483451843
1.6409434080123901
0.6262522339820862
1.6396616697311401
0.6218406558036804
1.6383345127105713
0.6174417734146118
1.6369621753692627
0.6130556464195251
1.6355454921722412
0.6086825132369995
1.6340848207473755
0.6043223738670349
1.6325806379318237
0.5999754667282104
1.6310336589813232
0.5956417918205261
1.6294443607330322
0.5913214683532715
1.6278132200241089
0.5870146751403809
1.6261407136917114
0.5827214121818542
1.624427318572998
0.5784417390823364
1.622673749923706
0.5741758346557617
1.620880365371704
0.5699236989021301
1.6190476417541504
0.5656854510307312
1.6171761751174927
0.5614610910415649
1.6152663230895996
0.5572507381439209
1.613318681716919
0.5530543923377991
1.6113338470458984
0.548872172832489
1.6093120574951172
0.5447040796279907
1.607253909111023
0.540550172328949
1.6051599979400635
0.5364105105400085
1.6030305624008179
0.5322850942611694
1.6008663177490234
0.5281739830970764
1.5986675024032593
0.5240771174430847
1.5964347124099731
0.5199946165084839
1.5941683053970337
0.5159264802932739
1.5918688774108887
0.5118727684020996
1.5895367860794067
0.5078333616256714
1.5871723890304565
0.5038083791732788
1.5847762823104858
0.4997977614402771
1.5823488235473633
0.49580156803131104
1.579890489578247
0.4918197691440582
1.5774017572402954
0.4878523349761963
1.5748828649520874
0.4838992953300476
1.5723342895507812
0.4799606502056122
1.5697566270828247
0.47603633999824524
1.5671501159667969
0.4721263647079468
1.5645151138305664
0.4682307243347168
1.561852216720581
0.4643493592739105
1.55916166305542
0.46048226952552795
1.5564439296722412
0.4566294252872467
1.553699254989624
0.4527907967567444
1.5509282350540161
0.4489663541316986
1.5481312274932861
0.445156067609787
1.5453084707260132
0.44135987758636475
1.5424604415893555
0.4375777244567871
1.5395874977111816
0.43380963802337646
1.5366898775100708
0.43005549907684326
1.5337681770324707
0.4263153076171875
1.530822515487671
0.4225890040397644
1.5278533697128296
0.4188765287399292
1.5248610973358154
0.4151778221130371
1.521846055984497
0.41149282455444336
1.5188086032867432
0.40782153606414795
1.5157488584518433
0.40416380763053894
1.5126674175262451
0.4005196690559387
1.5095645189285278
0.39688900113105774
1.5064404010772705
0.3932717442512512
1.5032955408096313
0.3896678388118744
1.5001301765441895
0.38607725501060486
1.496944546699524
0.3824998438358307
1.493739128112793
0.3789356052875519
1.4905141592025757
0.37538444995880127
1.4872697591781616
0.3718463182449341
1.4840065240859985
0.36832109093666077
1.480724573135376
0.36480870842933655
1.4774242639541626
0.36130911111831665
1.4741058349609375
0.3578222393989563
1.4707695245742798
0.35434794425964355
1.4674158096313477
0.3508862257003784
1.4640448093414307
0.34743693470954895
1.460656762123108
0.34400004148483276
1.457252025604248
0.3405754268169403
1.4538308382034302
0.3371630311012268
1.4503934383392334
0.3337627351284027
1.4469401836395264
0.33037447929382324
1.4434713125228882
0.32699814438819885
1.4399869441986084
0.32363370060920715
1.4364874362945557
0.3202809989452362
1.4329729080200195
0.31693994998931885
1.4294438362121582
0.3136105239391327
1.4259003400802612
0.3102925717830658
1.4223426580429077
0.306986004114151
1.4187709093093872
0.30369076132774353
1.415185570716858
0.30040669441223145
1.4115866422653198
0.29713377356529236
1.4079744815826416
0.29387184977531433
1.4043492078781128
0.2906208634376526
1.400711178779602
0.2873806953430176
1.397060513496399
0.28415122628211975
1.3933974504470825
0.2809324264526367
1.3897221088409424
0.27772411704063416
1.3860349655151367
0.2745262682437897
1.382335901260376
0.27133873105049133
1.3786252737045288
0.268161416053772
1.3749033212661743
0.26499423384666443
1.3711702823638916
0.26183706521987915
1.3674261569976807
0.25868985056877136
1.3636711835861206
0.2555524408817291
1.35990571975708
0.2524247467517853
1.3561298847198486
0.24930667877197266
1.3523436784744263
0.2461981326341629
1.3485475778579712
0.24309897422790527
1.3447415828704834
0.2400091290473938
1.3409258127212524
0.23692849278450012
1.337100625038147
0.2338569462299347
1.3332661390304565
0.23079439997673035
1.3294223546981812
0.22774073481559753
1.3255696296691895
0.2246958464384079
1.321708083152771
0.22165964543819427
1.3178379535675049
0.21863199770450592
1.3139592409133911
0.21561282873153687
1.3100721836090088
0.21260200440883636
1.3061769008636475
0.20959943532943726
1.3022737503051758
0.20660501718521118
1.2983626127243042
0.2036186307668686
1.2944437265396118
0.20064017176628113
1.2905173301696777
0.19766953587532043
1.286583423614502
0.19470660388469696
1.2826423645019531
0.19175130128860474
1.2786940336227417
0.18880347907543182
1.2747387886047363
0.18586306273937225
1.2707767486572266
0.18292991816997528
1.2668079137802124
0.18000397086143494
1.262832522392273
0.17708507180213928
1.2588506937026978
0.17417313158512115
1.2548625469207764
0.1712680608034134
1.2508682012557983
0.16836971044540405
1.2468678951263428
0.16547800600528717
1.2428616285324097
0.1625928282737732
1.2388496398925781
0.15971407294273376
1.2348319292068481
0.15684162080287933
1.2308087348937988
0.15397536754608154
1.2267800569534302
0.15111519396305084
1.2227461338043213
0.14826102554798126
1.2187070846557617
0.14541271328926086
1.2146629095077515
0.14257016777992249
1.2106138467788696
0.13973328471183777
1.2065600156784058
0.13690194487571716
1.2025014162063599
0.1340760439634323
1.198438286781311
0.13125547766685486
1.1943706274032593
0.12844012677669525
1.1902985572814941
0.12562988698482513
1.1862223148345947
0.12282463908195496
1.182141900062561
0.12002429366111755
1.1780575513839722
0.11722873151302338
1.1739691495895386
0.11443784832954407
1.1698769330978394
0.11165152490139008
1.165781021118164
0.10886965692043304
1.1616815328598022
0.10609214007854462
1.1575785875320435
0.10331886261701584
1.1534720659255981
0.10054971277713776
1.149362325668335
0.09778458625078201
1.1452494859695435
0.09502337127923965
1.141133427619934
0.09226596355438232
1.1370142698287964
0.08951224386692047
1.132892370223999
0.08676210790872574
1.128767490386963
0.08401545137166977
1.1246399879455566
0.08127216249704361
1.1205098628997803
0.0785321295261383
1.1163772344589233
0.0757952556014061
1.1122421026229858
0.07306141406297684
1.1081047058105469
0.07033050060272217
1.103964924812317
0.06760241836309433
1.0998231172561646
0.06487704813480377
1.0956791639328003
0.06215428560972214
1.0915331840515137
0.059434015303850174
1.0873854160308838
0.05671613663434982
1.0832358598709106
0.05400053784251213
1.0790845155715942
0.05128711089491844
1.0749316215515137
0.0485757440328598
1.0707770586013794
0.04586632922291756
1.06662118434906
0.04315876215696335
1.0624638795852661
0.04045293107628822
1.0583053827285767
0.037748727947473526
1.0541456937789917
0.0350460410118103
1.0499848127365112
0.032344769686460495
1.0458229780197144
0.0296447966247797
1.041660189628601
0.026946017518639565
1.037496566772461
0.02424832433462143
1.0333322286605835
0.02155160717666149
1.0291671752929688
0.018855758011341095
1.0250015258789062
0.016160666942596436
1.0208353996276855
0.013466228730976582
1.0166687965393066
0.01077233161777258
1.012501835823059
0.008078869432210922
1.008334755897522
0.005385731812566519
1.0041674375534058
0.0026928118895739317
0.0
0.0
0.0
0.0
0.0
0.0
0.0
0.0
0.0
0.0
0.0
0.0
0.0
0.0
0.0
0.0
0.0
0.0
0.0
0.0
0.0
0.0
0.0
0.0
0.0
0.0
0.0
0.0
0.0
0.0
0.0
0.0
0.0
0.0
0.0
0.0
0.0
0.0
0.0
0.0
0.0
0.0
0.0
0.0
0.0
0.0
0.0
0.0
0.0
0.0
0.0
0.0
0.0
0.0
0.0
0.0
0.0
0.0
0.0
0.0
0.0
0.0
0.0
0.0
0.0
0.0
0.0
0.0
0.0
0.0
0.0
0.0
0.0
0.0
0.0
0.0
0.0
0.0
0.0
0.0
0.0
0.0
0.0
0.0
0.0
0.0
0.0
0.0
0.0
0.0
0.0
0.0
0.0
0.0
