0.9951380491256714
-0.003141621360555291
0.9902762174606323
-0.006283415015786886
0.9854146242141724
-0.009425553493201733
0.9805534482002258
-0.012568208388984203
0.9756928086280823
-0.015711551532149315
0.970832884311676
-0.018855758011341095
0.9659737348556519
-0.02200099639594555
0.9611154794692993
-0.025147441774606705
0.9562582969665527
-0.028295263648033142
0.9514023661613464
-0.03144463896751404
0.9465477466583252
-0.034595735371112823
0.9416946172714233
-0.037748727947473526
0.9368430972099304
-0.040903788059949875
0.9319933652877808
-0.0440610870718956
0.9271454811096191
-0.04722080007195473
0.9222996234893799
-0.05038309842348099
0.9174559712409973
-0.05354815348982811
0.9126145839691162
-0.05671613663434982
0.9077756404876709
-0.059887226670980453
0.9029393196105957
-0.06306158751249313
0.8981057405471802
-0.06623940169811249
0.8932750225067139
-0.06942083686590195
0.8884472846984863
-0.07260605692863464
0.8836227655410767
-0.0757952556014061
0.8788015842437744
-0.07898858189582825
0.8739838600158691
-0.08218622952699661
0.8691697120666504
-0.08538835495710373
0.8643593788146973
-0.08859513700008392
0.8595529198646545
-0.09180675446987152
0.8547505736351013
-0.09502337127923965
0.8499524593353271
-0.09824516624212265
0.8451586961746216
-0.10147231072187424
0.8403695225715637
-0.10470497608184814
0.8355850577354431
-0.1079433411359787
0.8308054208755493
-0.11118756979703903
0.8260308504104614
-0.11443784832954407
0.821261465549469
-0.11769433319568634
0.8164974451065063
-0.12095721065998077
0.8117390275001526
-0.1242266446352005
0.8069862723350525
-0.12750281393527985
0.8022394180297852
-0.13078589737415314
0.7974985837936401
-0.1340760439634323
0.7927640080451965
-0.13737346231937408
0.7880358695983887
-0.1406783014535904
0.7833143472671509
-0.14399072527885437
0.7785996198654175
-0.14731094241142273
0.7738918662071228
-0.15063908696174622
0.7691912651062012
-0.15397536754608154
0.7644980549812317
-0.15731991827487946
0.7598123550415039
-0.16067294776439667
0.7551344633102417
-0.16403460502624512
0.7504644989967346
-0.16740508377552032
0.7458027601242065
-0.17078453302383423
0.7411493062973022
-0.17417313158512115
0.7365044951438904
-0.17757107317447662
0.7318684458732605
-0.18097849190235138
0.7272413969039917
-0.18439559638500214
0.7226235866546631
-0.18782252073287964
0.7180152535438538
-0.1912594735622406
0.713416576385498
-0.19470660388469696
0.708827793598175
-0.19816409051418304
0.7042491436004639
-0.20163211226463318
0.6996809244155884
-0.2051108181476593
0.6951232552528381
-0.20860040187835693
0.690576434135437
-0.212101012468338
0.6860407590866089
-0.21561282873153687
0.6815164685249329
-0.21913601458072662
0.6770037412643433
-0.2226707488298416
0.672502875328064
-0.22621719539165497
0.6680141687393188
-0.229775533080101
0.6635378003120422
-0.2333459109067917
0.6590741872787476
-0.23692849278450012
0.6546234488487244
-0.24052347242832184
0.6501859426498413
-0.24413098394870758
0.6457619667053223
-0.24775122106075287
0.6413517594337463
-0.25138434767723083
0.6369556188583374
-0.25503048300743103
0.6325738430023193
-0.25868985056877136
0.6282067894935608
-0.2623625695705414
0.6238547563552856
-0.2660488486289978
0.619517982006073
-0.2697488069534302
0.6151967644691467
-0.27346259355545044
0.610891580581665
-0.2771904170513153
0.6066026091575623
-0.2809324264526367
0.602330207824707
-0.2846887409687042
0.598074734210968
-0.28845953941345215
0.5938365459442139
-0.2922450006008148
0.5896160006523132
-0.2960452437400818
0.58541339635849
-0.2998604476451874
0.5812290906906128
-0.30369076132774353
0.5770634412765503
-0.3075363039970398
0.5729169249534607
-0.3113972842693329
0.5687897801399231
-0.31527379155158997
0.5646824240684509
-0.31916600465774536
0.5605952739715576
-0.3230741024017334
0.5565287470817566
-0.32699814438819885
0.5524831414222717
-0.33093833923339844
0.5484589338302612
-0.3348948061466217
0.5444565415382385
-0.3388676941394806
0.5404763221740723
-0.34285715222358704
0.5365187525749207
-0.3468632698059082
0.5325841903686523
-0.3508862257003784
0.5286731719970703
-0.35492613911628723
0.5247860550880432
-0.3589831292629242
0.5209233164787292
-0.36305731534957886
0.5170853734016418
-0.36714887619018555
0.513272762298584
-0.37125787138938904
0.5094859004020691
-0.37538444995880127
0.5057252645492554
-0.3795287609100342
0.501991331577301
-0.38369086384773254
0.49828457832336426
-0.3878708779811859
0.49460554122924805
-0.3920689523220062
0.4909546971321106
-0.39628517627716064
0.4873325824737549
-0.4005196690559387
0.4837396442890167
-0.40477249026298523
0.48017647862434387
-0.4090437889099121
0.47664356231689453
-0.41333362460136414
0.47314146161079407
-0.41764208674430847
0.46967071294784546
-0.42196929454803467
0.4662318825721741
-0.4263153076171875
0.4628255069255829
-0.43068021535873413
0.45945215225219727
-0.4350641071796417
0.45611241459846497
-0.43946704268455505
0.45280686020851135
-0.4438891112804413
0.4495360851287842
-0.4483303427696228
0.4463007152080536
-0.4527907967567444
0.44310128688812256
-0.4572705924510956
0.439938485622406
-0.4617697298526764
0.4368128776550293
-0.4662882387638092
0.43372511863708496
-0.4708262085914612
0.43067583441734314
-0.4753836691379547
0.42766568064689636
-0.4799606502056122
0.42469528317451477
-0.4845571517944336
0.4217653274536133
-0.48917320370674133
0.4188764691352844
-0.4938088655471802
0.4160293936729431
-0.49846410751342773
0.4132247567176819
-0.5031389594078064
0.41046327352523804
-0.5078333616256714
0.4077456295490265
-0.5125473737716675
0.40507254004478455
-0.5172809362411499
0.4024447202682495
-0.5220341086387634
0.3998628556728363
-0.5268067717552185
0.397327721118927
-0.5315989255905151
0.3948400318622589
-0.5364105105400085
0.3924005329608917
-0.5412415266036987
0.39000996947288513
-0.5460919141769409
0.3876691162586212
-0.5509615540504456
0.3853786885738373
-0.5558503866195679
0.3831395208835602
-0.5607583522796631
0.380952388048172
-0.5656854510307312
0.3788180351257324
-0.5706314444541931
0.3767372667789459
-0.575596272945404
0.37471091747283936
-0.5805798768997192
0.3727397322654724
-0.5855820775032043
0.3708246052265167
-0.5906027555465698
0.368966281414032
-0.5956417918205261
0.36716562509536743
-0.6006990075111389
0.3654234707355499
-0.6057742834091187
0.36374062299728394
-0.610867440700531
0.3621179759502411
-0.6159783005714417
0.36055633425712585
-0.6211066246032715
0.35905659198760986
-0.6262522339820862
0.3576195538043976
-0.6314150094985962
0.35624614357948303
-0.6365945935249329
0.35493719577789307
-0.6417908668518066
0.3536936044692993
-0.6470034718513489
0.352516233921051
-0.6522322297096252
0.35140594840049744
-0.6574769020080566
0.35036367177963257
-0.6627371311187744
0.34939026832580566
-0.6680126786231995
0.34848663210868835
-0.6733031868934631
0.34765368700027466
-0.6786083579063416
0.3468922972679138
-0.6839278936386108
0.34620335698127747
-0.6892614364624023
0.3455877900123596
-0.6946086287498474
0.3450465202331543
-0.6999691128730774
0.34458041191101074
-0.7053424715995789
0.3441903591156006
-0.7107283473014832
0.34387731552124023
-0.7161262631416321
0.34364214539527893
-0.721535861492157
0.3434857726097107
-0.7269566655158997
0.34340912103652954
-0.7323882579803467
0.34341302514076233
-0.7378301024436951
0.34349843859672546
-0.7432817816734314
0.3436662554740906
-0.7487427592277527
0.3439173698425293
-0.754212498664856
0.34425264596939087
-0.759690523147583
0.3446730077266693
-0.7651762366294861
0.3451792895793915
-0.7706691026687622
0.3457724153995514
-0.7761685252189636
0.3464532196521759
-0.7816739082336426
0.34722259640693665
-0.7871846556663513
0.3480813801288605
-0.7927001118659973
0.34903043508529663
-0.7982196807861328
0.350070595741272
-0.8037426471710205
0.35120272636413574
-0.8092683553695679
0.35242757201194763
-0.8147960901260376
0.3537460267543793
-0.8203251957893372
0.35515886545181274
-0.8258548378944397
0.35666683316230774
-0.8313843607902527
0.3582707941532135
-0.836912989616394
0.35997143387794495
-0.8424399495124817
0.36176952719688416
-0.847964346408844
0.3636658489704132
-0.8534854650497437
0.36566105484962463
-0.8590024709701538
0.3677559196949005
-0.8645144104957581
0.369951069355011
-0.8700205087661743
0.37224718928337097
-0.875519871711731
0.374644935131073
-0.8810116052627563
0.3771449625492096
-0.8864947557449341
0.37974783778190613
-0.8919683694839478
0.38245415687561035
-0.897431492805481
0.38526451587677
-0.9028832316398621
0.3881794214248657
-0.9083225131034851
0.3911994397640228
-0.9137483835220337
0.39432501792907715
-0.9191598296165466
0.3975566625595093
-0.924555778503418
0.40089479088783264
-0.9299351572990417
0.40433982014656067
-0.9352969527244568
0.4078921377658844
-0.9406400322914124
0.4115521013736725
-0.9459633827209473
0.4153200387954712
-0.9512657523155212
0.4191962778568268
-0.9565461874008179
0.42318102717399597
-0.9618033766746521
0.42727455496788025
-0.967036247253418
0.43147704005241394
-0.9722436666488647
0.435788631439209
-0.9774243235588074
0.4402095079421997
-0.9825771450996399
0.4447397291660309
-0.987700879573822
0.4493793249130249
-0.9927943348884583
0.45412832498550415
-0.9978561997413635
0.458986759185791
-1.002885341644287
0.46395447850227356
-1.007880449295044
0.469031423330307
-1.0128402709960938
0.4742174446582794
-1.0177634954452515
0.47951236367225647
-1.022648811340332
0.48491594195365906
-1.02749502658844
0.4904278814792633
-1.0323009490966797
0.49604788422584534
-1.037065029144287
0.5017756223678589
-1.0417860746383667
0.5076106190681458
-1.0464627742767334
0.5135524272918701
-1.0510939359664917
0.5196006298065186
-1.0556780099868774
0.5257545709609985
-1.0602138042449951
0.5320137143135071
-1.0647000074386597
0.5383774042129517
-1.0691351890563965
0.544844925403595
-1.07351815700531
0.5514155626296997
-1.0778474807739258
0.5580885410308838
-1.0821218490600586
0.5648629665374756
-1.0863399505615234
0.5717379450798035
-1.0905005931854248
0.578712522983551
-1.094602346420288
0.5857857465744019
-1.0986437797546387
0.5929566025733948
-1.1026238203048706
0.6002238988876343
-1.1065410375595093
0.6075865030288696
-1.1103941202163696
0.6150433421134949
-1.1141818761825562
0.6225929856300354
-1.1179029941558838
0.6302342414855957
-1.121556282043457
0.637965738773346
-1.1251404285430908
0.6457860469818115
-1.1286541223526
0.6536937355995178
-1.1320961713790894
0.6616873145103455
-1.1354655027389526
0.6697651743888855
-1.1387608051300049
0.6779257655143738
-1.1419808864593506
0.6861674189567566
-1.1451247930526733
0.6944884657859802
-1.1481910943984985
0.7028870582580566
-1.1511788368225098
0.7113615274429321
-1.154086947441101
0.7199099659919739
-1.1569143533706665
0.7285304665565491
-1.1596598625183105
0.7372211217880249
-1.1623225212097168
0.745979905128479
-1.1649013757705688
0.7548049092292786
-1.1673954725265503
0.7636939883232117
-1.1698037385940552
0.7726450562477112
-1.1721254587173462
0.7816559672355652
-1.1743594408035278
0.7907245755195618
-1.1765050888061523
0.7998485565185547
-1.1785613298416138
0.809025764465332
-1.1805275678634644
0.8182538747787476
-1.1824029684066772
0.8275305032730103
-1.1841866970062256
0.8368533849716187
-1.1858782768249512
0.846220076084137
-1.1874767541885376
0.8556281328201294
-1.1889816522598267
0.8650751709938049
-1.190392255783081
0.874558687210083
-1.1917082071304321
0.8840761780738831
-1.1929287910461426
0.8936251401901245
-1.1940535306930542
0.903203010559082
-1.1950820684432983
0.9128071665763855
-1.1960139274597168
0.9224351644515991
-1.1968486309051514
0.932084321975708
-1.1975860595703125
0.941752016544342
-1.1982256174087524
0.9514356255531311
-1.1987673044204712
0.9611325263977051
-1.1992108821868896
0.9708400368690491
-1.1995559930801392
0.9805555939674377
-1.1998026371002197
0.9902764558792114
-1.1999506950378418
1.0
-1.2000000476837158
1.0097235441207886
-1.1999506950378418
1.0194443464279175
-1.1998026371002197
1.0291599035263062
-1.1995559930801392
1.038867473602295
-1.1992108821868896
1.0485644340515137
-1.1987673044204712
1.0582480430603027
-1.1982256174087524
1.067915678024292
-1.1975860595703125
1.0775648355484009
-1.1968486309051514
1.0871927738189697
-1.1960139274597168
1.096796989440918
-1.1950820684432983
1.1063748598098755
-1.1940535306930542
1.1159237623214722
-1.1929287910461426
1.125441312789917
-1.1917082071304321
1.1349247694015503
-1.190392255783081
1.1443718671798706
-1.1889816522598267
1.1537799835205078
-1.1874767541885376
1.1631466150283813
-1.1858782768249512
1.1724694967269897
-1.1841866970062256
1.1817461252212524
-1.1824029684066772
1.190974235534668
-1.1805275678634644
1.2001514434814453
-1.1785613298416138
1.209275484085083
-1.1765050888061523
1.21834397315979
-1.1743594408035278
1.227354884147644
-1.1721254587173462
1.2363059520721436
-1.1698037385940552
1.2451950311660767
-1.1673954725265503
1.254020094871521
-1.1649013757705688
1.262778878211975
-1.1623225212097168
1.2714695930480957
-1.1596598625183105
1.280090093612671
-1.1569143533706665
1.2886384725570679
-1.154086947441101
1.2971129417419434
-1.1511788368225098
1.3055115938186646
-1.1481910943984985
1.3138325214385986
-1.1451247930526733
1.3220741748809814
-1.1419808864593506
1.3302347660064697
-1.1387608051300049
1.3383127450942993
-1.1354655027389526
1.3463062047958374
-1.1320961713790894
1.3542139530181885
-1.1286541223526
1.3620343208312988
-1.1251404285430908
1.3697657585144043
-1.121556282043457
1.3774070739746094
-1.1179029941558838
1.38495671749115
-1.1141818761825562
1.3924134969711304
-1.1103941202163696
1.3997761011123657
-1.1065410375595093
1.40704345703125
-1.1026238203048706
1.4142142534255981
-1.0986437797546387
1.4212874174118042
-1.094602346420288
1.4282621145248413
-1.0905005931854248
1.4351370334625244
-1.0863399505615234
1.4419114589691162
-1.0821218490600586
1.4485844373703003
-1.0778474807739258
1.4551550149917603
-1.07351815700531
1.4616225957870483
-1.0691351890563965
1.4679862260818481
-1.0647000074386597
1.4742454290390015
-1.0602138042449951
1.4803993701934814
-1.0556780099868774
1.4864475727081299
-1.0510939359664917
1.492389440536499
-1.0464627742767334
1.4982243776321411
-1.0417860746383667
1.503952145576477
-1.037065029144287
1.509572148323059
-1.0323009490966797
1.5150840282440186
-1.02749502658844
1.520487666130066
-1.022648811340332
1.525782585144043
-1.0177634954452515
1.5309685468673706
-1.0128402709960938
1.5360455513000488
-1.007880449295044
1.541013240814209
-1.002885341644287
1.545871615409851
-0.9978561997413635
1.550620675086975
-0.9927943348884583
1.5552603006362915
-0.987700879573822
1.5597904920578003
-0.9825771450996399
1.564211368560791
-0.9774243235588074
1.5685229301452637
-0.9722436666488647
1.5727254152297974
-0.967036247253418
1.5768189430236816
-0.9618033766746521
1.5808037519454956
-0.9565461874008179
1.5846799612045288
-0.9512657523155212
1.58844792842865
-0.9459633827209473
1.592107892036438
-0.9406400322914124
1.5956602096557617
-0.9352969527244568
1.5991052389144897
-0.9299351572990417
1.6024433374404907
-0.924555778503418
1.6056749820709229
-0.9191598296165466
1.6088005304336548
-0.9137483835220337
1.6118205785751343
-0.9083225131034851
1.61473548412323
-0.9028832316398621
1.6175458431243896
-0.897431492805481
1.6202521324157715
-0.8919683694839478
1.6228550672531128
-0.8864947557449341
1.6253550052642822
-0.8810116052627563
1.6277527809143066
-0.875519871711731
1.6300489902496338
-0.8700205087661743
1.6322441101074219
-0.8645144104957581
1.6343389749526978
-0.8590024709701538
1.6363341808319092
-0.8534854650497437
1.6382304430007935
-0.847964346408844
1.6400285959243774
-0.8424399495124817
1.6417292356491089
-0.836912989616394
1.6433331966400146
-0.8313843607902527
1.644841194152832
-0.8258548378944397
1.6462539434432983
-0.8203251957893372
1.64757239818573
-0.8147960901260376
1.6487972736358643
-0.8092683553695679
1.649929404258728
-0.8037426471710205
1.6509695053100586
-0.7982196807861328
1.651918649673462
-0.7927001118659973
1.6527774333953857
-0.7871846556663513
1.6535468101501465
-0.7816739082336426
1.654227614402771
-0.7761685252189636
1.6548206806182861
-0.7706691026687622
1.6553269624710083
-0.7651762366294861
1.6557472944259644
-0.759690523147583
1.6560826301574707
-0.754212498664856
1.6563336849212646
-0.7487427592277527
1.6565015316009521
-0.7432817816734314
1.65658700466156
-0.7378301024436951
1.6565909385681152
-0.7323882579803467
1.6565141677856445
-0.7269566655158997
1.6563578844070435
-0.721535861492157
1.6561226844787598
-0.7161262631416321
1.6558096408843994
-0.7107283473014832
1.6554195880889893
-0.7053424715995789
1.6549534797668457
-0.6999691128730774
1.6544121503829956
-0.6946086287498474
1.653796672821045
-0.6892614364624023
1.653107762336731
-0.6839278936386108
1.6523463726043701
-0.6786083579063416
1.6515133380889893
-0.6733031868934631
1.6506097316741943
-0.6680126786231995
1.6496363878250122
-0.6627371311187744
1.6485940217971802
-0.6574769020080566
1.6474838256835938
-0.6522322297096252
1.6463063955307007
-0.6470034718513489
1.645062804222107
-0.6417908668518066
1.6437538862228394
-0.6365945935249329
1.6423804759979248
-0.6314150094985962
1.6409434080123901
-0.6262522339820862
1.6394436359405518
-0.6211066246032715
1.6378819942474365
-0.6159783005714417
1.6362593173980713
-0.610867440700531
1.6345765590667725
-0.6057742834091187
1.6328343152999878
-0.6006990075111389
1.6310336589813232
-0.5956417918205261
1.6291754245758057
-0.5906027555465698
1.6272602081298828
-0.5855820775032043
1.6252890825271606
-0.5805798768997192
1.6232627630233765
-0.575596272945404
1.6211819648742676
-0.5706314444541931
1.6190476417541504
-0.5656854510307312
1.6168605089187622
-0.5607583522796631
1.6146212816238403
-0.5558503866195679
1.6123309135437012
-0.5509615540504456
1.6099900007247925
-0.5460919141769409
1.6075994968414307
-0.5412415266036987
1.6051599979400635
-0.5364105105400085
1.6026722192764282
-0.5315989255905151
1.6001371145248413
-0.5268067717552185
1.5975552797317505
-0.5220341086387634
1.594927430152893
-0.5172809362411499
1.592254400253296
-0.5125473737716675
1.5895367860794067
-0.5078333616256714
1.586775302886963
-0.5031389594078064
1.5839706659317017
-0.49846410751342773
1.5811235904693604
-0.4938088655471802
1.5782346725463867
-0.48917320370674133
1.5753047466278076
-0.4845571517944336
1.5723342895507812
-0.4799606502056122
1.5693241357803345
-0.4753836691379547
1.566274881362915
-0.4708262085914612
1.5631871223449707
-0.4662882387638092
1.5600615739822388
-0.4617697298526764
1.5568987131118774
-0.4572705924510956
1.553699254989624
-0.4527907967567444
1.5504639148712158
-0.4483303427696228
1.547193169593811
-0.4438891112804413
1.5438876152038574
-0.43946704268455505
1.5405478477478027
-0.4350641071796417
1.5371744632720947
-0.43068021535873413
1.5337681770324707
-0.4263153076171875
1.5303293466567993
-0.42196929454803467
1.5268585681915283
-0.41764208674430847
1.5233564376831055
-0.41333362460136414
1.5198235511779785
-0.4090437889099121
1.5162603855133057
-0.40477249026298523
1.5126674175262451
-0.4005196690559387
1.5090452432632446
-0.39628517627716064
1.505394458770752
-0.3920689523220062
1.5017154216766357
-0.3878708779811859
1.4980087280273438
-0.38369086384773254
1.4942747354507446
-0.3795287609100342
1.4905141592025757
-0.37538444995880127
1.486727237701416
-0.37125787138938904
1.4829145669937134
-0.36714887619018555
1.4790767431259155
-0.36305731534957886
1.4752140045166016
-0.3589831292629242
1.4713268280029297
-0.35492613911628723
1.4674158096313477
-0.3508862257003784
1.4634813070297241
-0.3468632698059082
1.4595236778259277
-0.34285715222358704
1.4555435180664062
-0.3388676941394806
1.4515410661697388
-0.3348948061466217
1.4475167989730835
-0.33093833923339844
1.4434713125228882
-0.32699814438819885
1.4394047260284424
-0.3230741024017334
1.4353175163269043
-0.31916600465774536
1.4312102794647217
-0.31527379155158997
1.427083134651184
-0.3113972842693329
1.4229365587234497
-0.3075363039970398
1.4187709093093872
-0.30369076132774353
1.4145866632461548
-0.2998604476451874
1.4103840589523315
-0.2960452437400818
1.4061634540557861
-0.2922450006008148
1.4019252061843872
-0.28845953941345215
1.397669792175293
-0.2846887409687042
1.3933974504470825
-0.2809324264526367
1.389108419418335
-0.2771904170513153
1.3848031759262085
-0.27346259355545044
1.3804820775985718
-0.2697488069534302
1.3761452436447144
-0.2660488486289978
1.3717931509017944
-0.2623625695705414
1.3674261569976807
-0.25868985056877136
1.3630443811416626
-0.25503048300743103
1.3586483001708984
-0.25138434767723083
1.3542380332946777
-0.24775122106075287
1.3498140573501587
-0.24413098394870758
1.3453766107559204
-0.24052347242832184
1.3409258127212524
-0.23692849278450012
1.336462140083313
-0.2333459109067917
1.3319858312606812
-0.229775533080101
1.327497124671936
-0.22621719539165497
1.3229962587356567
-0.2226707488298416
1.318483591079712
-0.21913601458072662
1.3139592409133911
-0.21561282873153687
1.309423565864563
-0.212101012468338
1.3048768043518066
-0.20860040187835693
1.3003190755844116
-0.2051108181476593
1.2957508563995361
-0.20163211226463318
1.2911722660064697
-0.19816409051418304
1.286583423614502
-0.19470660388469696
1.281984806060791
-0.1912594735622406
1.277376413345337
-0.18782252073287964
1.2727586030960083
-0.18439559638500214
1.2681316137313843
-0.18097849190235138
1.2634955644607544
-0.17757107317447662
1.2588506937026978
-0.17417313158512115
1.2541972398757935
-0.17078453302383423
1.2495354413986206
-0.16740508377552032
1.2448655366897583
-0.16403460502624512
1.240187644958496
-0.16067294776439667
1.235502004623413
-0.15731991827487946
1.2308087348937988
-0.15397536754608154
1.2261080741882324
-0.15063908696174622
1.2214003801345825
-0.14731094241142273
1.2166856527328491
-0.14399072527885437
1.2119641304016113
-0.1406783014535904
1.2072359323501587
-0.13737346231937408
1.2025014162063599
-0.1340760439634323
1.1977605819702148
-0.13078589737415314
1.1930137872695923
-0.12750281393527985
1.1882610321044922
-0.1242266446352005
1.1835025548934937
-0.12095721065998077
1.1787384748458862
-0.11769433319568634
1.1739691495895386
-0.11443784832954407
1.1691945791244507
-0.11118756979703903
1.1644150018692017
-0.1079433411359787
1.159630537033081
-0.10470497608184814
1.1548413038253784
-0.10147231072187424
1.1500475406646729
-0.09824516624212265
1.1452494859695435
-0.09502337127923965
1.1404470205307007
-0.09180675446987152
1.1356406211853027
-0.08859513700008392
1.1308302879333496
-0.08538835495710373
1.1260161399841309
-0.08218622952699661
1.1211984157562256
-0.07898858189582825
1.1163772344589233
-0.0757952556014061
1.1115527153015137
-0.07260605692863464
1.1067249774932861
-0.06942083686590195
1.1018942594528198
-0.06623940169811249
1.0970606803894043
-0.06306158751249313
1.092224359512329
-0.059887226670980453
1.0873854160308838
-0.05671613663434982
1.0825440883636475
-0.05354815348982811
1.0777003765106201
-0.05038309842348099
1.0728545188903809
-0.04722080007195473
1.0680066347122192
-0.0440610870718956
1.0631568431854248
-0.040903788059949875
1.0583053827285767
-0.037748727947473526
1.0534522533416748
-0.034595735371112823
1.0485975742340088
-0.03144463896751404
1.0437417030334473
-0.028295263648033142
1.0388845205307007
-0.025147441774606705
1.0340262651443481
-0.02200099639594555
1.0291671752929688
-0.018855758011341095
1.024307131767273
-0.015711551532149315
1.0194464921951294
-0.012568208388984203
1.0145853757858276
-0.009425553493201733
1.0097237825393677
-0.006283415015786886
1.0048619508743286
-0.003141621360555291
1.0
2.554317002663041e-15
0.9951380491256714
0.003141621360555291
0.9902762174606323
0.006283415015786886
0.9854146242141724
0.009425553493201733
0.9805534482002258
0.012568208388984203
0.9756928086280823
0.015711551532149315
0.970832884311676
0.018855758011341095
0.9659737348556519
0.02200099639594555
0.9611154794692993
0.025147441774606705
0.9562582969665527
0.028295263648033142
0.9514023661613464
0.03144463896751404
0.9465477466583252
0.034595735371112823
0.9416946172714233
0.037748727947473526
0.9368430972099304
0.040903788059949875
0.9319933652877808
0.0440610870718956
0.9271454811096191
0.04722080007195473
0.9222996234893799
0.05038309842348099
0.9174559712409973
0.05354815348982811
0.9126145839691162
0.05671613663434982
0.9077756404876709
0.059887226670980453
0.9029393196105957
0.06306158751249313
0.8981057405471802
0.06623940169811249
0.8932750225067139
0.06942083686590195
0.8884472846984863
0.07260605692863464
0.8836227655410767
0.0757952556014061
0.8788015842437744
0.07898858189582825
0.8739838600158691
0.08218622952699661
0.8691697120666504
0.08538835495710373
0.8643593788146973
0.08859513700008392
0.8595529198646545
0.09180675446987152
0.8547505736351013
0.09502337127923965
0.8499524593353271
0.09824516624212265
0.8451586961746216
0.10147231072187424
0.8403695225715637
0.10470497608184814
0.8355850577354431
0.1079433411359787
0.8308054208755493
0.11118756979703903
0.8260308504104614
0.11443784832954407
0.821261465549469
0.11769433319568634
0.8164974451065063
0.12095721065998077
0.8117390275001526
0.1242266446352005
0.8069862723350525
0.12750281393527985
0.8022394180297852
0.13078589737415314
0.7974985837936401
0.1340760439634323
0.7927640080451965
0.13737346231937408
0.7880358695983887
0.1406783014535904
0.7833143472671509
0.14399072527885437
0.7785996198654175
0.14731094241142273
0.7738918662071228
0.15063908696174622
0.7691912651062012
0.15397536754608154
0.7644980549812317
0.15731991827487946
0.7598123550415039
0.16067294776439667
0.7551344633102417
0.16403460502624512
0.7504644989967346
0.16740508377552032
0.7458027601242065
0.17078453302383423
0.7411493062973022
0.17417313158512115
0.7365044951438904
0.17757107317447662
0.7318684458732605
0.18097849190235138
0.7272413969039917
0.18439559638500214
0.7226235866546631
0.18782252073287964
0.7180152535438538
0.1912594735622406
0.713416576385498
0.19470660388469696
0.708827793598175
0.19816409051418304
0.7042491436004639
0.20163211226463318
0.6996809244155884
0.2051108181476593
0.6951232552528381
0.20860040187835693
0.690576434135437
0.212101012468338
0.6860407590866089
0.21561282873153687
0.6815164685249329
0.21913601458072662
0.6770037412643433
0.2226707488298416
0.672502875328064
0.22621719539165497
0.6680141687393188
0.229775533080101
0.6635378003120422
0.2333459109067917
0.6590741872787476
0.23692849278450012
0.6546234488487244
0.24052347242832184
0.6501859426498413
0.24413098394870758
0.6457619667053223
0.24775122106075287
0.6413517594337463
0.25138434767723083
0.6369556188583374
0.25503048300743103
0.6325738430023193
0.25868985056877136
0.6282067894935608
0.2623625695705414
0.6238547563552856
0.2660488486289978
0.619517982006073
0.2697488069534302
0.6151967644691467
0.27346259355545044
0.610891580581665
0.2771904170513153
0.6066026091575623
0.2809324264526367
0.602330207824707
0.2846887409687042
0.598074734210968
0.28845953941345215
0.5938365459442139
0.2922450006008148
0.5896160006523132
0.2960452437400818
0.58541339635849
0.2998604476451874
0.5812290906906128
0.30369076132774353
0.5770634412765503
0.3075363039970398
0.5729169249534607
0.3113972842693329
0.5687897801399231
0.31527379155158997
0.5646824240684509
0.31916600465774536
0.5605952739715576
0.3230741024017334
0.5565287470817566
0.32699814438819885
0.5524831414222717
0.33093833923339844
0.5484589338302612
0.3348948061466217
0.5444565415382385
0.3388676941394806
0.5404763221740723
0.34285715222358704
0.5365187525749207
0.3468632698059082
0.5325841903686523
0.3508862257003784
0.5286731719970703
0.35492613911628723
0.5247860550880432
0.3589831292629242
0.5209233164787292
0.36305731534957886
0.5170853734016418
0.36714887619018555
0.513272762298584
0.37125787138938904
0.5094859004020691
0.37538444995880127
0.5057252645492554
0.3795287609100342
0.501991331577301
0.38369086384773254
0.49828457832336426
0.3878708779811859
0.49460554122924805
0.3920689523220062
0.4909546971321106
0.39628517627716064
0.4873325824737549
0.4005196690559387
0.4837396442890167
0.40477249026298523
0.48017647862434387
0.4090437889099121
0.47664356231689453
0.41333362460136414
0.47314146161079407
0.41764208674430847
0.46967071294784546
0.42196929454803467
0.4662318825721741
0.4263153076171875
0.4628255069255829
0.43068021535873413
0.45945215225219727
0.4350641071796417
0.45611241459846497
0.43946704268455505
0.45280686020851135
0.4438891112804413
0.4495360851287842
0.4483303427696228
0.4463007152080536
0.4527907967567444
0.44310128688812256
0.4572705924510956
0.439938485622406
0.4617697298526764
0.4368128776550293
0.4662882387638092
0.43372511863708496
0.4708262085914612
0.43067583441734314
0.4753836691379547
0.42766568064689636
0.4799606502056122
0.42469528317451477
0.4845571517944336
0.4217653274536133
0.48917320370674133
0.4188764691352844
0.4938088655471802
0.4160293936729431
0.49846410751342773
0.4132247567176819
0.5031389594078064
0.41046327352523804
0.5078333616256714
0.4077456295490265
0.5125473737716675
0.40507254004478455
0.5172809362411499
0.4024447202682495
0.5220341086387634
0.3998628556728363
0.5268067717552185
0.397327721118927
0.5315989255905151
0.3948400318622589
0.5364105105400085
0.3924005329608917
0.5412415266036987
0.39000996947288513
0.5460919141769409
0.3876691162586212
0.5509615540504456
0.3853786885738373
0.5558503866195679
0.3831395208835602
0.5607583522796631
0.380952388048172
0.5656854510307312
0.3788180351257324
0.5706314444541931
0.3767372667789459
0.575596272945404
0.37471091747283936
0.5805798768997192
0.3727397322654724
0.5855820775032043
0.3708246052265167
0.5906027555465698
0.368966281414032
0.5956417918205261
0.36716562509536743
0.6006990075111389
0.3654234707355499
0.6057742834091187
0.36374062299728394
0.610867440700531
0.3621179759502411
0.6159783005714417
0.36055633425712585
0.6211066246032715
0.35905659198760986
0.6262522339820862
0.3576195538043976
0.6314150094985962
0.35624614357948303
0.6365945935249329
0.35493719577789307
0.6417908668518066
0.3536936044692993
0.6470034718513489
0.352516233921051
0.6522322297096252
0.35140594840049744
0.6574769020080566
0.35036367177963257
0.6627371311187744
0.34939026832580566
0.6680126786231995
0.34848663210868835
0.6733031868934631
0.34765368700027466
0.6786083579063416
0.3468922972679138
0.6839278936386108
0.34620335698127747
0.6892614364624023
0.3455877900123596
0.6946086287498474
0.3450465202331543
0.6999691128730774
0.34458041191101074
0.7053424715995789
0.3441903591156006
0.7107283473014832
0.34387731552124023
0.7161262631416321
0.34364214539527893
0.721535861492157
0.3434857726097107
0.7269566655158997
0.34340912103652954
0.7323882579803467
0.34341302514076233
0.7378301024436951
0.34349843859672546
0.7432817816734314
0.3436662554740906
0.7487427592277527
0.3439173698425293
0.754212498664856
0.34425264596939087
0.759690523147583
0.3446730077266693
0.7651762366294861
0.3451792895793915
0.7706691026687622
0.3457724153995514
0.7761685252189636
0.3464532196521759
0.7816739082336426
0.34722259640693665
0.7871846556663513
0.3480813801288605
0.7927001118659973
0.34903043508529663
0.7982196807861328
0.350070595741272
0.8037426471710205
0.35120272636413574
0.8092683553695679
0.35242757201194763
0.8147960901260376
0.3537460267543793
0.8203251957893372
0.35515886545181274
0.8258548378944397
0.35666683316230774
0.8313843607902527
0.3582707941532135
0.836912989616394
0.35997143387794495
0.8424399495124817
0.36176952719688416
0.847964346408844
0.3636658489704132
0.8534854650497437
0.36566105484962463
0.8590024709701538
0.3677559196949005
0.8645144104957581
0.369951069355011
0.8700205087661743
0.37224718928337097
0.875519871711731
0.374644935131073
0.8810116052627563
0.3771449625492096
0.8864947557449341
0.37974783778190613
0.8919683694839478
0.38245415687561035
0.897431492805481
0.38526451587677
0.9028832316398621
0.3881794214248657
0.9083225131034851
0.3911994397640228
0.9137483835220337
0.39432501792907715
0.9191598296165466
0.3975566625595093
0.924555778503418
0.40089479088783264
0.9299351572990417
0.40433982014656067
0.9352969527244568
0.4078921377658844
0.9406400322914124
0.4115521013736725
0.9459633827209473
0.4153200387954712
0.9512657523155212
0.4191962778568268
0.9565461874008179
0.42318102717399597
0.9618033766746521
0.42727455496788025
0.967036247253418
0.43147704005241394
0.9722436666488647
0.435788631439209
0.9774243235588074
0.4402095079421997
0.9825771450996399
0.4447397291660309
0.987700879573822
0.4493793249130249
0.9927943348884583
0.45412832498550415
0.9978561997413635
0.458986759185791
1.002885341644287
0.46395447850227356
1.007880449295044
0.469031423330307
1.0128402709960938
0.4742174446582794
1.0177634954452515
0.47951236367225647
1.022648811340332
0.48491594195365906
1.02749502658844
0.4904278814792633
1.0323009490966797
0.49604788422584534
1.037065029144287
0.5017756223678589
1.0417860746383667
0.5076106190681458
1.0464627742767334
0.5135524272918701
1.0510939359664917
0.5196006298065186
1.0556780099868774
0.5257545709609985
1.0602138042449951
0.5320137143135071
1.0647000074386597
0.5383774042129517
1.0691351890563965
0.544844925403595
1.07351815700531
0.5514155626296997
1.0778474807739258
0.5580885410308838
1.0821218490600586
0.5648629665374756
1.0863399505615234
0.5717379450798035
1.0905005931854248
0.578712522983551
1.094602346420288
0.5857857465744019
1.0986437797546387
0.5929566025733948
1.1026238203048706
0.6002238988876343
1.1065410375595093
0.6075865030288696
1.1103941202163696
0.6150433421134949
1.1141818761825562
0.6225929856300354
1.1179029941558838
0.6302342414855957
1.121556282043457
0.637965738773346
1.1251404285430908
0.6457860469818115
1.1286541223526
0.6536937355995178
1.1320961713790894
0.6616873145103455
1.1354655027389526
0.6697651743888855
1.1387608051300049
0.6779257655143738
1.1419808864593506
0.6861674189567566
1.1451247930526733
0.6944884657859802
1.1481910943984985
0.7028870582580566
1.1511788368225098
0.7113615274429321
1.154086947441101
0.7199099659919739
1.1569143533706665
0.7285304665565491
1.1596598625183105
0.7372211217880249
1.1623225212097168
0.745979905128479
1.1649013757705688
0.7548049092292786
1.1673954725265503
0.7636939883232117
1.1698037385940552
0.7726450562477112
1.1721254587173462
0.7816559672355652
1.1743594408035278
0.7907245755195618
1.1765050888061523
0.7998485565185547
1.1785613298416138
0.809025764465332
1.1805275678634644
0.8182538747787476
1.1824029684066772
0.8275305032730103
1.1841866970062256
0.8368533849716187
1.1858782768249512
0.846220076084137
1.1874767541885376
0.8556281328201294
1.1889816522598267
0.8650751709938049
1.190392255783081
0.874558687210083
1.1917082071304321
0.8840761780738831
1.1929287910461426
0.8936251401901245
1.1940535306930542
0.903203010559082
1.1950820684432983
0.9128071665763855
1.1960139274597168
0.9224351644515991
1.1968486309051514
0.932084321975708
1.1975860595703125
0.941752016544342
1.1982256174087524
0.9514356255531311
1.1987673044204712
0.9611325263977051
1.1992108821868896
0.9708400368690491
1.1995559930801392
0.9805555939674377
1.1998026371002197
0.9902764558792114
1.1999506950378418
1.0
1.2000000476837158
1.0097235441207886
1.1999506950378418
1.0194443464279175
1.1998026371002197
1.0291599035263062
1.1995559930801392
1.038867473602295
1.1992108821868896
1.0485644340515137
1.1987673044204712
1.0582480430603027
1.1982256174087524
1.067915678024292
1.1975860595703125
1.0775648355484009
1.1968486309051514
1.0871927738189697
1.1960139274597168
1.096796989440918
1.1950820684432983
1.1063748598098755
1.1940535306930542
1.1159237623214722
1.1929287910461426
1.125441312789917
1.1917082071304321
1.1349247694015503
1.190392255783081
1.1443718671798706
1.1889816522598267
1.1537799835205078
1.1874767541885376
1.1631466150283813
1.1858782768249512
1.1724694967269897
1.1841866970062256
1.1817461252212524
1.1824029684066772
1.190974235534668
1.1805275678634644
1.2001514434814453
1.1785613298416138
1.209275484085083
1.1765050888061523
1.21834397315979
1.1743594408035278
1.227354884147644
1.1721254587173462
1.2363059520721436
1.1698037385940552
1.2451950311660767
1.1673954725265503
1.254020094871521
1.1649013757705688
1.262778878211975
1.1623225212097168
1.2714695930480957
1.1596598625183105
1.280090093612671
1.1569143533706665
1.2886384725570679
1.154086947441101
1.2971129417419434
1.1511788368225098
1.3055115938186646
1.1481910943984985
1.3138325214385986
1.1451247930526733
1.3220741748809814
1.1419808864593506
1.3302347660064697
1.1387608051300049
1.3383127450942993
1.1354655027389526
1.3463062047958374
1.1320961713790894
1.3542139530181885
1.1286541223526
1.3620343208312988
1.1251404285430908
1.3697657585144043
1.121556282043457
1.3774070739746094
1.1179029941558838
1.38495671749115
1.1141818761825562
1.3924134969711304
1.1103941202163696
1.3997761011123657
1.1065410375595093
1.40704345703125
1.1026238203048706
1.4142142534255981
1.0986437797546387
1.4212874174118042
1.094602346420288
1.4282621145248413
1.0905005931854248
1.4351370334625244
1.0863399505615234
1.4419114589691162
1.0821218490600586
1.4485844373703003
1.0778474807739258
1.4551550149917603
1.07351815700531
1.4616225957870483
1.0691351890563965
1.4679862260818481
1.0647000074386597
1.4742454290390015
1.0602138042449951
1.4803993701934814
1.0556780099868774
1.4864475727081299
1.0510939359664917
1.492389440536499
1.0464627742767334
1.4982243776321411
1.0417860746383667
1.503952145576477
1.037065029144287
1.509572148323059
1.0323009490966797
1.5150840282440186
1.02749502658844
1.520487666130066
1.022648811340332
1.525782585144043
1.0177634954452515
1.5309685468673706
1.0128402709960938
1.5360455513000488
1.007880449295044
1.541013240814209
1.002885341644287
1.545871615409851
0.9978561997413635
1.550620675086975
0.9927943348884583
1.5552603006362915
0.987700879573822
1.5597904920578003
0.9825771450996399
1.564211368560791
0.9774243235588074
1.5685229301452637
0.9722436666488647
1.5727254152297974
0.967036247253418
1.5768189430236816
0.9618033766746521
1.5808037519454956
0.9565461874008179
1.5846799612045288
0.9512657523155212
1.58844792842865
0.9459633827209473
1.592107892036438
0.9406400322914124
1.5956602096557617
0.9352969527244568
1.5991052389144897
0.9299351572990417
1.6024433374404907
0.924555778503418
1.6056749820709229
0.9191598296165466
1.6088005304336548
0.9137483835220337
1.6118205785751343
0.9083225131034851
1.61473548412323
0.9028832316398621
1.6175458431243896
0.897431492805481
1.6202521324157715
0.8919683694839478
1.6228550672531128
0.8864947557449341
1.6253550052642822
0.8810116052627563
1.6277527809143066
0.875519871711731
1.6300489902496338
0.8700205087661743
1.6322441101074219
0.8645144104957581
1.6343389749526978
0.8590024709701538
1.6363341808319092
0.8534854650497437
1.6382304430007935
0.847964346408844
1.6400285959243774
0.8424399495124817
1.6417292356491089
0.836912989616394
1.6433331966400146
0.8313843607902527
1.644841194152832
0.8258548378944397
1.6462539434432983
0.8203251957893372
1.64757239818573
0.8147960901260376
1.6487972736358643
0.8092683553695679
1.649929404258728
0.8037426471710205
1.6509695053100586
0.7982196807861328
1.651918649673462
0.7927001118659973
1.6527774333953857
0.7871846556663513
1.6535468101501465
0.7816739082336426
1.654227614402771
0.7761685252189636
1.6548206806182861
0.7706691026687622
1.6553269624710083
0.7651762366294861
1.6557472944259644
0.759690523147583
1.6560826301574707
0.754212498664856
1.6563336849212646
0.7487427592277527
1.6565015316009521
0.7432817816734314
1.65658700466156
0.7378301024436951
1.6565909385681152
0.7323882579803467
1.6565141677856445
0.7269566655158997
1.6563578844070435
0.721535861492157
1.6561226844787598
0.7161262631416321
1.6558096408843994
0.7107283473014832
1.6554195880889893
0.7053424715995789
1.6549534797668457
0.6999691128730774
1.6544121503829956
0.6946086287498474
1.653796672821045
0.6892614364624023
1.653107762336731
0.6839278936386108
1.6523463726043701
0.6786083579063416
1.6515133380889893
0.6733031868934631
1.6506097316741943
0.6680126786231995
1.6496363878250122
0.6627371311187744
1.6485940217971802
0.6574769020080566
1.6474838256835938
0.6522322297096252
1.6463063955307007
0.6470034718513489
1.645062804222107
0.6417908668518066
1.6437538862228394
0.6365945935249329
1.6423804759979248
0.6314150094985962
1.6409434080123901
0.6262522339820862
1.6394436359405518
0.6211066246032715
1.6378819942474365
0.6159783005714417
1.6362593173980713
0.610867440700531
1.6345765590667725
0.6057742834091187
1.6328343152999878
0.6006990075111389
1.6310336589813232
0.5956417918205261
1.6291754245758057
0.5906027555465698
1.6272602081298828
0.5855820775032043
1.6252890825271606
0.5805798768997192
1.6232627630233765
0.575596272945404
1.6211819648742676
0.5706314444541931
1.6190476417541504
0.5656854510307312
1.6168605089187622
0.5607583522796631
1.6146212816238403
0.5558503866195679
1.6123309135437012
0.5509615540504456
1.6099900007247925
0.5460919141769409
1.6075994968414307
0.5412415266036987
1.6051599979400635
0.5364105105400085
1.6026722192764282
0.5315989255905151
1.6001371145248413
0.5268067717552185
1.5975552797317505
0.5220341086387634
1.594927430152893
0.5172809362411499
1.592254400253296
0.5125473737716675
1.5895367860794067
0.5078333616256714
1.586775302886963
0.5031389594078064
1.5839706659317017
0.49846410751342773
1.5811235904693604
0.4938088655471802
1.5782346725463867
0.48917320370674133
1.5753047466278076
0.4845571517944336
1.5723342895507812
0.4799606502056122
1.5693241357803345
0.4753836691379547
1.566274881362915
0.4708262085914612
1.5631871223449707
0.4662882387638092
1.5600615739822388
0.4617697298526764
1.5568987131118774
0.4572705924510956
1.553699254989624
0.4527907967567444
1.5504639148712158
0.4483303427696228
1.547193169593811
0.4438891112804413
1.5438876152038574
0.43946704268455505
1.5405478477478027
0.4350641071796417
1.5371744632720947
0.43068021535873413
1.5337681770324707
0.4263153076171875
1.5303293466567993
0.42196929454803467
1.5268585681915283
0.41764208674430847
1.5233564376831055
0.41333362460136414
1.5198235511779785
0.4090437889099121
1.5162603855133057
0.40477249026298523
1.5126674175262451
0.4005196690559387
1.5090452432632446
0.39628517627716064
1.505394458770752
0.3920689523220062
1.5017154216766357
0.3878708779811859
1.4980087280273438
0.38369086384773254
1.4942747354507446
0.3795287609100342
1.4905141592025757
0.37538444995880127
1.486727237701416
0.37125787138938904
1.4829145669937134
0.36714887619018555
1.4790767431259155
0.36305731534957886
1.4752140045166016
0.3589831292629242
1.4713268280029297
0.35492613911628723
1.4674158096313477
0.3508862257003784
1.4634813070297241
0.3468632698059082
1.4595236778259277
0.34285715222358704
1.4555435180664062
0.3388676941394806
1.4515410661697388
0.3348948061466217
1.4475167989730835
0.33093833923339844
1.4434713125228882
0.32699814438819885
1.4394047260284424
0.3230741024017334
1.4353175163269043
0.31916600465774536
1.4312102794647217
0.31527379155158997
1.427083134651184
0.3113972842693329
1.4229365587234497
0.3075363039970398
1.4187709093093872
0.30369076132774353
1.4145866632461548
0.2998604476451874
1.4103840589523315
0.2960452437400818
1.4061634540557861
0.2922450006008148
1.4019252061843872
0.28845953941345215
1.397669792175293
0.2846887409687042
1.3933974504470825
0.2809324264526367
1.389108419418335
0.2771904170513153
1.3848031759262085
0.27346259355545044
1.3804820775985718
0.2697488069534302
1.3761452436447144
0.2660488486289978
1.3717931509017944
0.2623625695705414
1.3674261569976807
0.25868985056877136
1.3630443811416626
0.25503048300743103
1.3586483001708984
0.25138434767723083
1.3542380332946777
0.24775122106075287
1.3498140573501587
0.24413098394870758
1.3453766107559204
0.24052347242832184
1.3409258127212524
0.23692849278450012
1.336462140083313
0.2333459109067917
1.3319858312606812
0.229775533080101
1.327497124671936
0.22621719539165497
1.3229962587356567
0.2226707488298416
1.318483591079712
0.21913601458072662
1.3139592409133911
0.21561282873153687
1.309423565864563
0.212101012468338
1.3048768043518066
0.20860040187835693
1.3003190755844116
0.2051108181476593
1.2957508563995361
0.20163211226463318
1.2911722660064697
0.19816409051418304
1.286583423614502
0.19470660388469696
1.281984806060791
0.1912594735622406
1.277376413345337
0.18782252073287964
1.2727586030960083
0.18439559638500214
1.2681316137313843
0.18097849190235138
1.2634955644607544
0.17757107317447662
1.2588506937026978
0.17417313158512115
1.2541972398757935
0.17078453302383423
1.2495354413986206
0.16740508377552032
1.2448655366897583
0.16403460502624512
1.240187644958496
0.16067294776439667
1.235502004623413
0.15731991827487946
1.2308087348937988
0.15397536754608154
1.2261080741882324
0.15063908696174622
1.2214003801345825
0.14731094241142273
1.2166856527328491
0.14399072527885437
1.2119641304016113
0.1406783014535904
1.2072359323501587
0.13737346231937408
1.2025014162063599
0.1340760439634323
1.1977605819702148
0.13078589737415314
1.1930137872695923
0.12750281393527985
1.1882610321044922
0.1242266446352005
1.1835025548934937
0.12095721065998077
1.1787384748458862
0.11769433319568634
1.1739691495895386
0.11443784832954407
1.1691945791244507
0.11118756979703903
1.1644150018692017
0.1079433411359787
1.159630537033081
0.10470497608184814
1.1548413038253784
0.10147231072187424
1.1500475406646729
0.09824516624212265
1.1452494859695435
0.09502337127923965
1.1404470205307007
0.09180675446987152
1.1356406211853027
0.08859513700008392
1.1308302879333496
0.08538835495710373
1.1260161399841309
0.08218622952699661
1.1211984157562256
0.07898858189582825
1.1163772344589233
0.0757952556014061
1.1115527153015137
0.07260605692863464
1.1067249774932861
0.06942083686590195
1.1018942594528198
0.06623940169811249
1.0970606803894043
0.06306158751249313
1.092224359512329
0.059887226670980453
1.0873854160308838
0.05671613663434982
1.0825440883636475
0.05354815348982811
1.0777003765106201
0.05038309842348099
1.0728545188903809
0.04722080007195473
1.0680066347122192
0.0440610870718956
1.0631568431854248
0.040903788059949875
1.0583053827285767
0.037748727947473526
1.0534522533416748
0.034595735371112823
1.0485975742340088
0.03144463896751404
1.0437417030334473
0.028295263648033142
1.0388845205307007
0.025147441774606705
1.0340262651443481
0.02200099639594555
1.0291671752929688
0.018855758011341095
1.024307131767273
0.015711551532149315
1.0194464921951294
0.012568208388984203
1.0145853757858276
0.009425553493201733
1.0097237825393677
0.006283415015786886
1.0048619508743286
0.003141621360555291
0.0
0.0
0.0
0.0
0.0
0.0
0.0
0.0
0.0
0.0
0.0
0.0
0.0
0.0
0.0
0.0
0.0
0.0
0.0
0.0
0.0
0.0
0.0
0.0
0.0
0.0
0.0
0.0
0.0
0.0
0.0
0.0
0.0
0.0
0.0
0.0
0.0
0.0
0.0
0.0
0.0
0.0
0.0
0.0
0.0
0.0
0.0
0.0
0.0
0.0
0.0
0.0
0.0
0.0
0.0
0.0
0.0
0.0
0.0
0.0
0.0
0.0
0.0
0.0
0.0
0.0
0.0
0.0
0.0
0.0
0.0
0.0
0.0
0.0
0.0
0.0
0.0
0.0
0.0
0.0
0.0
0.0
0.0
0.0
0.0
0.0
0.0
0.0
0.0
0.0
0.0
0.0
0.0
0.0
0.0
0.0
0.0
0.0
0.0
0.0
0.0
0.0
0.0
0.0
0.0
0.0
0.0
0.0
0.0
0.0
