0.9928193092346191
-0.005236110184341669
0.9856390953063965
-0.01047295518219471
0.978459894657135
-0.01571127027273178
0.9712822437286377
-0.02095179073512554
0.9641066193580627
-0.02619525045156479
0.9569334983825684
-0.03144238516688347
0.9497634172439575
-0.036693934351205826
0.9425968527793884
-0.04195062443614006
0.9354344010353088
-0.047213200479745865
0.9282765984535217
-0.05248239263892174
0.9211238622665405
-0.057758938521146774
0.913976788520813
-0.06304357200860977
0.9068359136581421
-0.06833703815937042
0.8997017741203308
-0.07364006340503693
0.8925749063491821
-0.07895338535308838
0.885455846786499
-0.08427774906158447
0.878345251083374
-0.0896138846874237
0.8712435960769653
-0.09496253728866577
0.8641515374183655
-0.10032443702220917
0.8570695519447327
-0.10570032894611359
0.849998414516449
-0.11109094321727753
0.8429385423660278
-0.11649701744318008
0.8358907103538513
-0.12191930413246155
0.8288554549217224
-0.12735852599143982
0.8218334913253784
-0.1328154355287552
0.8148254156112671
-0.13829074800014496
0.807831883430481
-0.1437852382659912
0.8008536696434021
-0.14929960668087006
0.7938913702964783
-0.15483462810516357
0.7869458198547363
-0.16039100289344788
0.780017614364624
-0.16596949100494385
0.7731075286865234
-0.17157082259655
0.7662163972854614
-0.177195742726326
0.7593449354171753
-0.18284498155117035
0.7524939179420471
-0.18851926922798157
0.7456642389297485
-0.19421933591365814
0.7388566732406616
-0.19994592666625977
0.7320720553398132
-0.20569975674152374
0.7253113389015198
-0.21148157119750977
0.7185752987861633
-0.21729208528995514
0.7118649482727051
-0.22313202917575836
0.7051811814308167
-0.22900211811065674
0.6985250115394592
-0.23490308225154877
0.6918973326683044
-0.24083565175533295
0.6852992177009583
-0.2468005120754242
0.6787316799163818
-0.2527984082698822
0.6721957921981812
-0.2588300108909607
0.6656926274299622
-0.264896035194397
0.6592233180999756
-0.27099722623825073
0.6527889966964722
-0.2771342098712921
0.6463907957077026
-0.2833077013492584
0.6400299668312073
-0.28951841592788696
0.6337077021598816
-0.29576700925827026
0.6274252533912659
-0.30205413699150085
0.6211839914321899
-0.30838045477867126
0.6149851679801941
-0.3147466778755188
0.6088300943374634
-0.3211534023284912
0.6027202606201172
-0.32760128378868103
0.5966570377349854
-0.3340909779071808
0.5906419157981873
-0.34062308073043823
0.5846763253211975
-0.3471981883049011
0.578761875629425
-0.3538169264793396
0.5729000568389893
-0.3604798913002014
0.5670925378799438
-0.36718764901161194
0.5613409280776978
-0.37394076585769653
0.5556469559669495
-0.3807397484779358
0.5500122904777527
-0.38758519291877747
0.5444387197494507
-0.39447757601737976
0.5389280319213867
-0.40141740441322327
0.5334820747375488
-0.4084051549434662
0.528102695941925
-0.4154413342475891
0.5227919816970825
-0.4225263297557831
0.5175517201423645
-0.4296605885028839
0.5123840570449829
-0.43684449791908264
0.5072909593582153
-0.4440784454345703
0.5022746324539185
-0.4513627886772156
0.49733713269233704
-0.4586978256702423
0.49248072504997253
-0.46608391404151917
0.48770761489868164
-0.47352126240730286
0.4830201268196106
-0.4810101091861725
0.47842058539390564
-0.48855072259902954
0.4739113748073578
-0.4961432218551636
0.46949490904808044
-0.5037878155708313
0.4651736617088318
-0.5114845037460327
0.46095019578933716
-0.5192334651947021
0.4568270444869995
-0.5270346403121948
0.45280686020851135
-0.5348880290985107
0.4488922655582428
-0.5427936315536499
0.4450860023498535
-0.5507513284683228
0.4413908123970032
-0.558760941028595
0.43780946731567383
-0.5668222904205322
0.4343448877334595
-0.5749351978302002
0.43099990487098694
-0.5830992460250854
0.4277774691581726
-0.5913141369819641
0.42468056082725525
-0.5995794534683228
0.421712189912796
-0.6078947186470032
0.41887542605400085
-0.6162594556808472
0.4161733388900757
-0.624673068523407
0.4136090874671936
-0.6331348419189453
0.4111858308315277
-0.6416440606117249
0.4089067876338959
-0.6501999497413635
0.40677517652511597
-0.6588016152381897
0.40479427576065063
-0.6674482226371765
0.4029673635959625
-0.6761385798454285
0.40129780769348145
-0.6848717331886292
0.39978888630867004
-0.6936464905738831
0.3984440267086029
-0.7024614810943604
0.39726659655570984
-0.7113155126571655
0.39625996351242065
-0.7202069759368896
0.39542755484580994
-0.7291345000267029
0.39477279782295227
-0.7380963563919067
0.39429908990859985
-0.7470909357070923
0.39400988817214966
-0.7561163306236267
0.3939085602760315
-0.7651706337928772
0.39399856328964233
-0.7742518782615662
0.394283264875412
-0.7833579182624817
0.39476606249809265
-0.7924865484237671
0.39545026421546936
-0.8016353845596313
0.3963392376899719
-0.8108020424842834
0.397436261177063
-0.8199840188026428
0.3987445533275604
-0.8291785717010498
0.4002673625946045
-0.8383828997612
0.4020078182220459
-0.8475942015647888
0.40396901965141296
-0.8568093776702881
0.40615400671958923
-0.8660253882408142
0.4085657000541687
-0.8752389550209045
0.411206990480423
-0.8844467401504517
0.4140806794166565
-0.8936452269554138
0.41718944907188416
-0.9028308391571045
0.4205358624458313
-0.9119998812675476
0.4241224229335785
-0.9211484789848328
0.42795151472091675
-0.9302727580070496
0.43202531337738037
-0.9393686056137085
0.4363459646701813
-0.9484317898750305
0.44091540575027466
-0.9574581384658813
0.44573545455932617
-0.9664431810379028
0.45080769062042236
-0.975382387638092
0.4561336636543274
-0.9842711687088013
0.46171465516090393
-0.9931048154830933
0.46755170822143555
-1.0018784999847412
0.47364580631256104
-1.0105873346328735
0.4799976050853729
-1.0192261934280396
0.4866076111793518
-1.0277901887893677
0.49347612261772156
-1.0362739562988281
0.5006031394004822
-1.0446722507476807
0.5079885125160217
-1.052979826927185
0.5156317353248596
-1.061191201210022
0.5235322117805481
-1.0693010091781616
0.5316888689994812
-1.0773037672042847
0.5401005744934082
-1.0851938724517822
0.5487657785415649
-1.0929657220840454
0.5576827526092529
-1.1006135940551758
0.566849410533905
-1.108132004737854
0.5762633681297302
-1.1155153512954712
0.5859220623970032
-1.1227577924728394
0.5958225131034851
-1.1298537254333496
0.6059614419937134
-1.136797547340393
0.6163353323936462
-1.1435837745666504
0.6269403100013733
-1.1502065658569336
0.6377722024917603
-1.156660556793213
0.6488264799118042
-1.162940263748169
0.6600984930992126
-1.169040322303772
0.6715829968452454
-1.1749552488327026
0.6832747459411621
-1.1806799173355103
0.6951678395271301
-1.1862092018127441
0.7072564363479614
-1.1915379762649536
0.719534158706665
-1.1966614723205566
0.7319944500923157
-1.2015748023986816
0.7446303963661194
-1.2062733173370361
0.7574348449707031
-1.2107526063919067
0.7704004049301147
-1.2150083780288696
0.7835193872451782
-1.21903657913208
0.7967838048934937
-1.2228330373764038
0.8101854920387268
-1.2263940572738647
0.8237161040306091
-1.2297163009643555
0.8373669385910034
-1.2327960729599
0.8511291742324829
-1.2356306314468384
0.8649938702583313
-1.2382168769836426
0.8789517283439636
-1.2405521869659424
0.8929933905601501
-1.2426341772079468
0.9071094393730164
-1.2444607019424438
0.9212900996208191
-1.2460298538208008
0.9355257749557495
-1.2473399639129639
0.9498064517974854
-1.248389720916748
0.9641222953796387
-1.2491779327392578
0.9784632921218872
-1.2497040033340454
0.9928194284439087
-1.249967098236084
1.0071805715560913
-1.249967098236084
1.0215367078781128
-1.2497040033340454
1.0358777046203613
-1.2491779327392578
1.0501935482025146
-1.248389720916748
1.0644742250442505
-1.2473399639129639
1.0787098407745361
-1.2460298538208008
1.0928906202316284
-1.2444607019424438
1.107006549835205
-1.2426341772079468
1.1210483312606812
-1.2405521869659424
1.1350061893463135
-1.2382168769836426
1.148870825767517
-1.2356306314468384
1.1626330614089966
-1.2327960729599
1.1762839555740356
-1.2297163009643555
1.1898144483566284
-1.2263940572738647
1.2032161951065063
-1.2228330373764038
1.2164806127548218
-1.21903657913208
1.2295995950698853
-1.2150083780288696
1.2425651550292969
-1.2107526063919067
1.2553695440292358
-1.2062733173370361
1.2680054903030396
-1.2015748023986816
1.280465841293335
-1.1966614723205566
1.2927435636520386
-1.1915379762649536
1.304832100868225
-1.1862092018127441
1.316725254058838
-1.1806799173355103
1.3284169435501099
-1.1749552488327026
1.3399015665054321
-1.169040322303772
1.3511735200881958
-1.162940263748169
1.3622277975082397
-1.156660556793213
1.3730597496032715
-1.1502065658569336
1.3836647272109985
-1.1435837745666504
1.3940385580062866
-1.136797547340393
1.4041774272918701
-1.1298537254333496
1.414077877998352
-1.1227577924728394
1.423736572265625
-1.1155153512954712
1.4331506490707397
-1.108132004737854
1.442317247390747
-1.1006135940551758
1.451234221458435
-1.0929657220840454
1.4598994255065918
-1.0851938724517822
1.4683111906051636
-1.0773037672042847
1.4764678478240967
-1.0693010091781616
1.4843682050704956
-1.061191201210022
1.492011547088623
-1.052979826927185
1.499396800994873
-1.0446722507476807
1.506523847579956
-1.0362739562988281
1.5133923292160034
-1.0277901887893677
1.5200023651123047
-1.0192261934280396
1.526354193687439
-1.0105873346328735
1.5324482917785645
-1.0018784999847412
1.5382853746414185
-0.9931048154830933
1.5438662767410278
-0.9842711687088013
1.5491923093795776
-0.975382387638092
1.5542645454406738
-0.9664431810379028
1.5590845346450806
-0.9574581384658813
1.5636540651321411
-0.9484317898750305
1.5679746866226196
-0.9393686056137085
1.572048544883728
-0.9302727580070496
1.5758775472640991
-0.9211484789848328
1.579464077949524
-0.9119998812675476
1.5828105211257935
-0.9028308391571045
1.5859192609786987
-0.8936452269554138
1.5887930393218994
-0.8844467401504517
1.5914342403411865
-0.8752389550209045
1.5938459634780884
-0.8660253882408142
1.5960309505462646
-0.8568093776702881
1.597992181777954
-0.8475942015647888
1.5997326374053955
-0.8383828997612
1.6012554168701172
-0.8291785717010498
1.602563738822937
-0.8199840188026428
1.6036608219146729
-0.8108020424842834
1.604549765586853
-0.8016353845596313
1.605233907699585
-0.7924865484237671
1.6057167053222656
-0.7833579182624817
1.606001377105713
-0.7742518782615662
1.6060913801193237
-0.7651706337928772
1.6059901714324951
-0.7561163306236267
1.6057008504867554
-0.7470909357070923
1.6052272319793701
-0.7380963563919067
1.6045724153518677
-0.7291345000267029
1.6037400960922241
-0.7202069759368896
1.6027333736419678
-0.7113155126571655
1.6015559434890747
-0.7024614810943604
1.6002111434936523
-0.6936464905738831
1.5987021923065186
-0.6848717331886292
1.5970326662063599
-0.6761385798454285
1.5952057838439941
-0.6674482226371765
1.5932248830795288
-0.6588016152381897
1.5910931825637817
-0.6501999497413635
1.58881413936615
-0.6416440606117249
1.5863909721374512
-0.6331348419189453
1.5838266611099243
-0.624673068523407
1.5811245441436768
-0.6162594556808472
1.5782878398895264
-0.6078947186470032
1.5753194093704224
-0.5995794534683228
1.5722224712371826
-0.5913141369819641
1.5690001249313354
-0.5830992460250854
1.5656551122665405
-0.5749351978302002
1.5621905326843262
-0.5668222904205322
1.5586092472076416
-0.558760941028595
1.5549139976501465
-0.5507513284683228
1.5511077642440796
-0.5427936315536499
1.547193169593811
-0.5348880290985107
1.5431729555130005
-0.5270346403121948
1.539049744606018
-0.5192334651947021
1.5348262786865234
-0.5114845037460327
1.5305050611495972
-0.5037878155708313
1.5260885953903198
-0.4961432218551636
1.521579384803772
-0.48855072259902954
1.5169798135757446
-0.4810101091861725
1.5122923851013184
-0.47352126240730286
1.507519245147705
-0.46608391404151917
1.5026628971099854
-0.4586978256702423
1.4977253675460815
-0.4513627886772156
1.4927090406417847
-0.4440784454345703
1.487615942955017
-0.43684449791908264
1.4824483394622803
-0.4296605885028839
1.4772080183029175
-0.4225263297557831
1.4718972444534302
-0.4154413342475891
1.4665179252624512
-0.4084051549434662
1.4610719680786133
-0.40141740441322327
1.4555612802505493
-0.39447757601737976
1.449987769126892
-0.38758519291877747
1.4443531036376953
-0.3807397484779358
1.4386590719223022
-0.37394076585769653
1.4329074621200562
-0.36718764901161194
1.4270999431610107
-0.3604798913002014
1.4212381839752197
-0.3538169264793396
1.4153236150741577
-0.3471981883049011
1.4093581438064575
-0.34062308073043823
1.4033429622650146
-0.3340909779071808
1.3972797393798828
-0.32760128378868103
1.3911699056625366
-0.3211534023284912
1.3850148916244507
-0.3147466778755188
1.37881600856781
-0.30838045477867126
1.3725746870040894
-0.30205413699150085
1.3662922382354736
-0.29576700925827026
1.3599700927734375
-0.28951841592788696
1.3536092042922974
-0.2833077013492584
1.3472110033035278
-0.2771342098712921
1.3407766819000244
-0.27099722623825073
1.334307312965393
-0.264896035194397
1.3278042078018188
-0.2588300108909607
1.3212683200836182
-0.2527984082698822
1.314700722694397
-0.2468005120754242
1.3081026077270508
-0.24083565175533295
1.3014750480651855
-0.23490308225154877
1.2948187589645386
-0.22900211811065674
1.288135051727295
-0.22313202917575836
1.281424641609192
-0.21729208528995514
1.274688720703125
-0.21148157119750977
1.267927885055542
-0.20569975674152374
1.2611433267593384
-0.19994592666625977
1.2543357610702515
-0.19421933591365814
1.247506022453308
-0.18851926922798157
1.2406550645828247
-0.18284498155117035
1.2337836027145386
-0.177195742726326
1.2268924713134766
-0.17157082259655
1.219982385635376
-0.16596949100494385
1.2130541801452637
-0.16039100289344788
1.206108570098877
-0.15483462810516357
1.1991463899612427
-0.14929960668087006
1.192168116569519
-0.1437852382659912
1.185174584388733
-0.13829074800014496
1.1781665086746216
-0.1328154355287552
1.1711444854736328
-0.12735852599143982
1.1641093492507935
-0.12191930413246155
1.1570614576339722
-0.11649701744318008
1.1500016450881958
-0.11109094321727753
1.1429303884506226
-0.10570032894611359
1.1358485221862793
-0.10032443702220917
1.1287564039230347
-0.09496253728866577
1.121654748916626
-0.0896138846874237
1.114544153213501
-0.08427774906158447
1.1074250936508179
-0.07895338535308838
1.100298285484314
-0.07364006340503693
1.093164086341858
-0.06833703815937042
1.086023211479187
-0.06304357200860977
1.0788761377334595
-0.057758938521146774
1.071723461151123
-0.05248239263892174
1.0645655393600464
-0.047213200479745865
1.0574030876159668
-0.04195062443614006
1.0502365827560425
-0.036693934351205826
1.0430665016174316
-0.03144238516688347
1.035893440246582
-0.02619525045156479
1.0287177562713623
-0.02095179073512554
1.0215400457382202
-0.01571127027273178
1.0143609046936035
-0.01047295518219471
1.0071806907653809
-0.005236110184341669
1.0
1.5505238796186243e-15
0.9928193092346191
0.005236110184341669
0.9856390953063965
0.01047295518219471
0.978459894657135
0.01571127027273178
0.9712822437286377
0.02095179073512554
0.9641066193580627
0.02619525045156479
0.9569334983825684
0.03144238516688347
0.9497634172439575
0.036693934351205826
0.9425968527793884
0.04195062443614006
0.9354344010353088
0.047213200479745865
0.9282765984535217
0.05248239263892174
0.9211238622665405
0.057758938521146774
0.913976788520813
0.06304357200860977
0.9068359136581421
0.06833703815937042
0.8997017741203308
0.07364006340503693
0.8925749063491821
0.07895338535308838
0.885455846786499
0.08427774906158447
0.878345251083374
0.0896138846874237
0.8712435960769653
0.09496253728866577
0.8641515374183655
0.10032443702220917
0.8570695519447327
0.10570032894611359
0.849998414516449
0.11109094321727753
0.8429385423660278
0.11649701744318008
0.8358907103538513
0.12191930413246155
0.8288554549217224
0.12735852599143982
0.8218334913253784
0.1328154355287552
0.8148254156112671
0.13829074800014496
0.807831883430481
0.1437852382659912
0.8008536696434021
0.14929960668087006
0.7938913702964783
0.15483462810516357
0.7869458198547363
0.16039100289344788
0.780017614364624
0.16596949100494385
0.7731075286865234
0.17157082259655
0.7662163972854614
0.177195742726326
0.7593449354171753
0.18284498155117035
0.7524939179420471
0.18851926922798157
0.7456642389297485
0.19421933591365814
0.7388566732406616
0.19994592666625977
0.7320720553398132
0.20569975674152374
0.7253113389015198
0.21148157119750977
0.7185752987861633
0.21729208528995514
0.7118649482727051
0.22313202917575836
0.7051811814308167
0.22900211811065674
0.6985250115394592
0.23490308225154877
0.6918973326683044
0.24083565175533295
0.6852992177009583
0.2468005120754242
0.6787316799163818
0.2527984082698822
0.6721957921981812
0.2588300108909607
0.6656926274299622
0.264896035194397
0.6592233180999756
0.27099722623825073
0.6527889966964722
0.2771342098712921
0.6463907957077026
0.2833077013492584
0.6400299668312073
0.28951841592788696
0.6337077021598816
0.29576700925827026
0.6274252533912659
0.30205413699150085
0.6211839914321899
0.30838045477867126
0.6149851679801941
0.3147466778755188
0.6088300943374634
0.3211534023284912
0.6027202606201172
0.32760128378868103
0.5966570377349854
0.3340909779071808
0.5906419157981873
0.34062308073043823
0.5846763253211975
0.3471981883049011
0.578761875629425
0.3538169264793396
0.5729000568389893
0.3604798913002014
0.5670925378799438
0.36718764901161194
0.5613409280776978
0.37394076585769653
0.5556469559669495
0.3807397484779358
0.5500122904777527
0.38758519291877747
0.5444387197494507
0.39447757601737976
0.5389280319213867
0.40141740441322327
0.5334820747375488
0.4084051549434662
0.528102695941925
0.4154413342475891
0.5227919816970825
0.4225263297557831
0.5175517201423645
0.4296605885028839
0.5123840570449829
0.43684449791908264
0.5072909593582153
0.4440784454345703
0.5022746324539185
0.4513627886772156
0.49733713269233704
0.4586978256702423
0.49248072504997253
0.46608391404151917
0.48770761489868164
0.47352126240730286
0.4830201268196106
0.4810101091861725
0.47842058539390564
0.48855072259902954
0.4739113748073578
0.4961432218551636
0.46949490904808044
0.5037878155708313
0.4651736617088318
0.5114845037460327
0.46095019578933716
0.5192334651947021
0.4568270444869995
0.5270346403121948
0.45280686020851135
0.5348880290985107
0.4488922655582428
0.5427936315536499
0.4450860023498535
0.5507513284683228
0.4413908123970032
0.558760941028595
0.43780946731567383
0.5668222904205322
0.4343448877334595
0.5749351978302002
0.43099990487098694
0.5830992460250854
0.4277774691581726
0.5913141369819641
0.42468056082725525
0.5995794534683228
0.421712189912796
0.6078947186470032
0.41887542605400085
0.6162594556808472
0.4161733388900757
0.624673068523407
0.4136090874671936
0.6331348419189453
0.4111858308315277
0.6416440606117249
0.4089067876338959
0.6501999497413635
0.40677517652511597
0.6588016152381897
0.40479427576065063
0.6674482226371765
0.4029673635959625
0.6761385798454285
0.40129780769348145
0.6848717331886292
0.39978888630867004
0.6936464905738831
0.3984440267086029
0.7024614810943604
0.39726659655570984
0.7113155126571655
0.39625996351242065
0.7202069759368896
0.39542755484580994
0.7291345000267029
0.39477279782295227
0.7380963563919067
0.39429908990859985
0.7470909357070923
0.39400988817214966
0.7561163306236267
0.3939085602760315
0.7651706337928772
0.39399856328964233
0.7742518782615662
0.394283264875412
0.7833579182624817
0.39476606249809265
0.7924865484237671
0.39545026421546936
0.8016353845596313
0.3963392376899719
0.8108020424842834
0.397436261177063
0.8199840188026428
0.3987445533275604
0.8291785717010498
0.4002673625946045
0.8383828997612
0.4020078182220459
0.8475942015647888
0.40396901965141296
0.8568093776702881
0.40615400671958923
0.8660253882408142
0.4085657000541687
0.8752389550209045
0.411206990480423
0.8844467401504517
0.4140806794166565
0.8936452269554138
0.41718944907188416
0.9028308391571045
0.4205358624458313
0.9119998812675476
0.4241224229335785
0.9211484789848328
0.42795151472091675
0.9302727580070496
0.43202531337738037
0.9393686056137085
0.4363459646701813
0.9484317898750305
0.44091540575027466
0.9574581384658813
0.44573545455932617
0.9664431810379028
0.45080769062042236
0.975382387638092
0.4561336636543274
0.9842711687088013
0.46171465516090393
0.9931048154830933
0.46755170822143555
1.0018784999847412
0.47364580631256104
1.0105873346328735
0.4799976050853729
1.0192261934280396
0.4866076111793518
1.0277901887893677
0.49347612261772156
1.0362739562988281
0.5006031394004822
1.0446722507476807
0.5079885125160217
1.052979826927185
0.5156317353248596
1.061191201210022
0.5235322117805481
1.0693010091781616
0.5316888689994812
1.0773037672042847
0.5401005744934082
1.0851938724517822
0.5487657785415649
1.0929657220840454
0.5576827526092529
1.1006135940551758
0.566849410533905
1.108132004737854
0.5762633681297302
1.1155153512954712
0.5859220623970032
1.1227577924728394
0.5958225131034851
1.1298537254333496
0.6059614419937134
1.136797547340393
0.6163353323936462
1.1435837745666504
0.6269403100013733
1.1502065658569336
0.6377722024917603
1.156660556793213
0.6488264799118042
1.162940263748169
0.6600984930992126
1.169040322303772
0.6715829968452454
1.1749552488327026
0.6832747459411621
1.1806799173355103
0.6951678395271301
1.1862092018127441
0.7072564363479614
1.1915379762649536
0.719534158706665
1.1966614723205566
0.7319944500923157
1.2015748023986816
0.7446303963661194
1.2062733173370361
0.7574348449707031
1.2107526063919067
0.7704004049301147
1.2150083780288696
0.7835193872451782
1.21903657913208
0.7967838048934937
1.2228330373764038
0.8101854920387268
1.2263940572738647
0.8237161040306091
1.2297163009643555
0.8373669385910034
1.2327960729599
0.8511291742324829
1.2356306314468384
0.8649938702583313
1.2382168769836426
0.8789517283439636
1.2405521869659424
0.8929933905601501
1.2426341772079468
0.9071094393730164
1.2444607019424438
0.9212900996208191
1.2460298538208008
0.9355257749557495
1.2473399639129639
0.9498064517974854
1.248389720916748
0.9641222953796387
1.2491779327392578
0.9784632921218872
1.2497040033340454
0.9928194284439087
1.249967098236084
1.0071805715560913
1.249967098236084
1.0215367078781128
1.2497040033340454
1.0358777046203613
1.2491779327392578
1.0501935482025146
1.248389720916748
1.0644742250442505
1.2473399639129639
1.0787098407745361
1.2460298538208008
1.0928906202316284
1.2444607019424438
1.107006549835205
1.2426341772079468
1.1210483312606812
1.2405521869659424
1.1350061893463135
1.2382168769836426
1.148870825767517
1.2356306314468384
1.1626330614089966
1.2327960729599
1.1762839555740356
1.2297163009643555
1.1898144483566284
1.2263940572738647
1.2032161951065063
1.2228330373764038
1.2164806127548218
1.21903657913208
1.2295995950698853
1.2150083780288696
1.2425651550292969
1.2107526063919067
1.2553695440292358
1.2062733173370361
1.2680054903030396
1.2015748023986816
1.280465841293335
1.1966614723205566
1.2927435636520386
1.1915379762649536
1.304832100868225
1.1862092018127441
1.316725254058838
1.1806799173355103
1.3284169435501099
1.1749552488327026
1.3399015665054321
1.169040322303772
1.3511735200881958
1.162940263748169
1.3622277975082397
1.156660556793213
1.3730597496032715
1.1502065658569336
1.3836647272109985
1.1435837745666504
1.3940385580062866
1.136797547340393
1.4041774272918701
1.1298537254333496
1.414077877998352
1.1227577924728394
1.423736572265625
1.1155153512954712
1.4331506490707397
1.108132004737854
1.442317247390747
1.1006135940551758
1.451234221458435
1.0929657220840454
1.4598994255065918
1.0851938724517822
1.4683111906051636
1.0773037672042847
1.4764678478240967
1.0693010091781616
1.4843682050704956
1.061191201210022
1.492011547088623
1.052979826927185
1.499396800994873
1.0446722507476807
1.506523847579956
1.0362739562988281
1.5133923292160034
1.0277901887893677
1.5200023651123047
1.0192261934280396
1.526354193687439
1.0105873346328735
1.5324482917785645
1.0018784999847412
1.5382853746414185
0.9931048154830933
1.5438662767410278
0.9842711687088013
1.5491923093795776
0.975382387638092
1.5542645454406738
0.9664431810379028
1.5590845346450806
0.9574581384658813
1.5636540651321411
0.9484317898750305
1.5679746866226196
0.9393686056137085
1.572048544883728
0.9302727580070496
1.5758775472640991
0.9211484789848328
1.579464077949524
0.9119998812675476
1.5828105211257935
0.9028308391571045
1.5859192609786987
0.8936452269554138
1.5887930393218994
0.8844467401504517
1.5914342403411865
0.8752389550209045
1.5938459634780884
0.8660253882408142
1.5960309505462646
0.8568093776702881
1.597992181777954
0.8475942015647888
1.5997326374053955
0.8383828997612
1.6012554168701172
0.8291785717010498
1.602563738822937
0.8199840188026428
1.6036608219146729
0.8108020424842834
1.604549765586853
0.8016353845596313
1.605233907699585
0.7924865484237671
1.6057167053222656
0.7833579182624817
1.606001377105713
0.7742518782615662
1.6060913801193237
0.7651706337928772
1.6059901714324951
0.7561163306236267
1.6057008504867554
0.7470909357070923
1.6052272319793701
0.7380963563919067
1.6045724153518677
0.7291345000267029
1.6037400960922241
0.7202069759368896
1.6027333736419678
0.7113155126571655
1.6015559434890747
0.7024614810943604
1.6002111434936523
0.6936464905738831
1.5987021923065186
0.6848717331886292
1.5970326662063599
0.6761385798454285
1.5952057838439941
0.6674482226371765
1.5932248830795288
0.6588016152381897
1.5910931825637817
0.6501999497413635
1.58881413936615
0.6416440606117249
1.5863909721374512
0.6331348419189453
1.5838266611099243
0.624673068523407
1.5811245441436768
0.6162594556808472
1.5782878398895264
0.6078947186470032
1.5753194093704224
0.5995794534683228
1.5722224712371826
0.5913141369819641
1.5690001249313354
0.5830992460250854
1.5656551122665405
0.5749351978302002
1.5621905326843262
0.5668222904205322
1.5586092472076416
0.558760941028595
1.5549139976501465
0.5507513284683228
1.5511077642440796
0.5427936315536499
1.547193169593811
0.5348880290985107
1.5431729555130005
0.5270346403121948
1.539049744606018
0.5192334651947021
1.5348262786865234
0.5114845037460327
1.5305050611495972
0.5037878155708313
1.5260885953903198
0.4961432218551636
1.521579384803772
0.48855072259902954
1.5169798135757446
0.4810101091861725
1.5122923851013184
0.47352126240730286
1.507519245147705
0.46608391404151917
1.5026628971099854
0.4586978256702423
1.4977253675460815
0.4513627886772156
1.4927090406417847
0.4440784454345703
1.487615942955017
0.43684449791908264
1.4824483394622803
0.4296605885028839
1.4772080183029175
0.4225263297557831
1.4718972444534302
0.4154413342475891
1.4665179252624512
0.4084051549434662
1.4610719680786133
0.40141740441322327
1.4555612802505493
0.39447757601737976
1.449987769126892
0.38758519291877747
1.4443531036376953
0.3807397484779358
1.4386590719223022
0.37394076585769653
1.4329074621200562
0.36718764901161194
1.4270999431610107
0.3604798913002014
1.4212381839752197
0.3538169264793396
1.4153236150741577
0.3471981883049011
1.4093581438064575
0.34062308073043823
1.4033429622650146
0.3340909779071808
1.3972797393798828
0.32760128378868103
1.3911699056625366
0.3211534023284912
1.3850148916244507
0.3147466778755188
1.37881600856781
0.30838045477867126
1.3725746870040894
0.30205413699150085
1.3662922382354736
0.29576700925827026
1.3599700927734375
0.28951841592788696
1.3536092042922974
0.2833077013492584
1.3472110033035278
0.2771342098712921
1.3407766819000244
0.27099722623825073
1.334307312965393
0.264896035194397
1.3278042078018188
0.2588300108909607
1.3212683200836182
0.2527984082698822
1.314700722694397
0.2468005120754242
1.3081026077270508
0.24083565175533295
1.3014750480651855
0.23490308225154877
1.2948187589645386
0.22900211811065674
1.288135051727295
0.22313202917575836
1.281424641609192
0.21729208528995514
1.274688720703125
0.21148157119750977
1.267927885055542
0.20569975674152374
1.2611433267593384
0.19994592666625977
1.2543357610702515
0.19421933591365814
1.247506022453308
0.18851926922798157
1.2406550645828247
0.18284498155117035
1.2337836027145386
0.177195742726326
1.2268924713134766
0.17157082259655
1.219982385635376
0.16596949100494385
1.2130541801452637
0.16039100289344788
1.206108570098877
0.15483462810516357
1.1991463899612427
0.14929960668087006
1.192168116569519
0.1437852382659912
1.185174584388733
0.13829074800014496
1.1781665086746216
0.1328154355287552
1.1711444854736328
0.12735852599143982
1.1641093492507935
0.12191930413246155
1.1570614576339722
0.11649701744318008
1.1500016450881958
0.11109094321727753
1.1429303884506226
0.10570032894611359
1.1358485221862793
0.10032443702220917
1.1287564039230347
0.09496253728866577
1.121654748916626
0.0896138846874237
1.114544153213501
0.08427774906158447
1.1074250936508179
0.07895338535308838
1.100298285484314
0.07364006340503693
1.093164086341858
0.06833703815937042
1.086023211479187
0.06304357200860977
1.0788761377334595
0.057758938521146774
1.071723461151123
0.05248239263892174
1.0645655393600464
0.047213200479745865
1.0574030876159668
0.04195062443614006
1.0502365827560425
0.036693934351205826
1.0430665016174316
0.03144238516688347
1.035893440246582
0.02619525045156479
1.0287177562713623
0.02095179073512554
1.0215400457382202
0.01571127027273178
1.0143609046936035
0.01047295518219471
1.0071806907653809
0.005236110184341669
1.0071806907653809
0.005236110184341669
1.0071806907653809
0.005236110184341669
1.0071806907653809
0.005236110184341669
1.0071806907653809
0.005236110184341669
1.0071806907653809
0.005236110184341669
1.0071806907653809
0.005236110184341669
1.0071806907653809
0.005236110184341669
1.0071806907653809
0.005236110184341669
1.0071806907653809
0.005236110184341669
1.0071806907653809
0.005236110184341669
1.0071806907653809
0.005236110184341669
1.0071806907653809
0.005236110184341669
1.0071806907653809
0.005236110184341669
1.0071806907653809
0.005236110184341669
1.0071806907653809
0.005236110184341669
1.0071806907653809
0.005236110184341669
1.0071806907653809
0.005236110184341669
1.0071806907653809
0.005236110184341669
1.0071806907653809
0.005236110184341669
1.0071806907653809
0.005236110184341669
1.0071806907653809
0.005236110184341669
1.0071806907653809
0.005236110184341669
1.0071806907653809
0.005236110184341669
1.0071806907653809
0.005236110184341669
