1.2427071332931519
-0.004908839240670204
1.2354146242141724
-0.009818284772336483
1.2281230688095093
-0.014728941023349762
1.2208328247070312
-0.019641414284706116
1.213544487953186
-0.02455630898475647
1.2062582969665527
-0.029474234208464622
1.198974847793579
-0.034395791590213776
1.1916946172714233
-0.03932159021496773
1.184417963027954
-0.04425223544239998
1.1771454811096191
-0.04918833076953888
1.169877529144287
-0.05413048714399338
1.1626145839691162
-0.05907931178808212
1.1553571224212646
-0.06403540074825287
1.1481057405471802
-0.06899937987327576
1.1408607959747314
-0.07397183775901794
1.1336227655410767
-0.07895338535308838
1.1263922452926636
-0.0839446410536766
1.1191697120666504
-0.08894620090723038
1.1119556427001953
-0.09395867586135864
1.1047505140304565
-0.09898267686367035
1.0975550413131714
-0.10401881486177444
1.090369462966919
-0.10906768590211868
1.083194613456726
-0.11412990838289261
1.0760308504104614
-0.11920608580112457
1.0688787698745728
-0.12429683655500412
1.0617389678955078
-0.129402756690979
1.0546120405197144
-0.13452444970607758
1.0474985837936401
-0.13966254889965057
1.040399193763733
-0.14481765031814575
1.0333143472671509
-0.14999035000801086
1.026244878768921
-0.15518125891685486
1.0191912651062012
-0.16039100289344788
1.012154221534729
-0.16562017798423767
1.0051344633102417
-0.170869380235672
0.998132586479187
-0.1761392503976822
0.9911493062973022
-0.18143035471439362
0.9841853380203247
-0.18674331903457642
0.9772413969039917
-0.19207873940467834
0.9703181982040405
-0.19743722677230835
0.963416576385498
-0.20281939208507538
0.9565371870994568
-0.208225816488266
0.9496809244155884
-0.21365711092948914
0.9428485035896301
-0.21911387145519257
0.9360407590866089
-0.22459669411182404
0.9292586445808411
-0.2301061749458313
0.922502875328064
-0.2356429100036621
0.915774405002594
-0.24120749533176422
0.9090741872787476
-0.2468005120754242
0.9024029970169067
-0.2524225413799286
0.8957619667053223
-0.25807419419288635
0.8891518712043762
-0.26375600695610046
0.8825738430023193
-0.26946860551834106
0.8760288953781128
-0.27521249651908875
0.869517982006073
-0.28098833560943604
0.8630421757698059
-0.28679659962654114
0.8566026091575623
-0.2926379442214966
0.850200355052948
-0.29851284623146057
0.8438365459442139
-0.30442187190055847
0.8375124335289001
-0.31036558747291565
0.8312290906906128
-0.3163445293903351
0.8249877691268921
-0.32235923409461975
0.8187897801399231
-0.32841020822525024
0.8126363158226013
-0.33449798822402954
0.8065287470817566
-0.34062308073043823
0.8004683256149292
-0.3467859625816345
0.7944565415382385
-0.3529872000217438
0.7884946465492249
-0.3592272102832794
0.7825841903686523
-0.36550647020339966
0.7767265439033508
-0.37182551622390747
0.7709233164787292
-0.3781847059726715
0.7651758790016174
-0.38458457589149475
0.7594859004020691
-0.39102548360824585
0.7538549304008484
-0.3975078761577606
0.7482845783233643
-0.4040321707725525
0.7427765727043152
-0.4105987548828125
0.7373325824737549
-0.4172079861164093
0.7319543361663818
-0.42386022210121155
0.7266435623168945
-0.4305558502674103
0.721402108669281
-0.437295138835907
0.7162318825721741
-0.4440784454345703
0.711134672164917
-0.45090603828430176
0.7061123847961426
-0.4577781856060028
0.701167106628418
-0.46469512581825256
0.6963006854057312
-0.4716570973396301
0.6915152668952942
-0.4786643087863922
0.6868128776550293
-0.48571693897247314
0.6821956038475037
-0.4928151071071625
0.677665650844574
-0.49995899200439453
0.6732252240180969
-0.5071486830711365
0.6688764691352844
-0.5143842101097107
0.6646217107772827
-0.5216656923294067
0.660463273525238
-0.5289930701255798
0.6564034819602966
-0.5363664031028748
0.6524447202682495
-0.5437855124473572
0.6485894322395325
-0.5512503981590271
0.6448400616645813
-0.558760941028595
0.6411991119384766
-0.5663169622421265
0.6376690864562988
-0.5739182829856873
0.634252667427063
-0.5815646052360535
0.6309523582458496
-0.5892556309700012
0.6277709007263184
-0.5969911217689514
0.6247109174728394
-0.6047706604003906
0.6217750906944275
-0.6125938296318054
0.618966281414032
-0.6204602122306824
0.6162871718406677
-0.6283692121505737
0.6137406229972839
-0.6363202333450317
0.6113294959068298
-0.6443127989768982
0.6090565919876099
-0.652346134185791
0.606924831867218
-0.6604194641113281
0.6049371957778931
-0.668532133102417
0.603096604347229
-0.6766831874847412
0.601405918598175
-0.6848717331886292
0.5998682975769043
-0.6930968761444092
0.5984866619110107
-0.7013574838638306
0.5972639918327332
-0.7096524834632874
0.5962033867835999
-0.717980682849884
0.5953078269958496
-0.7263408899307251
0.5945804119110107
-0.7347317337989807
0.5940241813659668
-0.7431519031524658
0.5936421751976013
-0.7515998482704163
0.5934374332427979
-0.7600741386413574
0.5934130549430847
-0.7685730457305908
0.5935720205307007
-0.7770949602127075
0.5939173698425293
-0.7856380343437195
0.5944521427154541
-0.7942004799842834
0.5951793193817139
-0.8027803301811218
0.5961018204689026
-0.8113754987716675
0.597222626209259
-0.8199840188026428
0.5985445976257324
-0.8286035656929016
0.600070595741272
-0.8372319340705872
0.6018034815788269
-0.8458666801452637
0.6037460565567017
-0.8545054197311401
0.6059008836746216
-0.8631455302238464
0.6082707643508911
-0.8717843890190125
0.6108582615852356
-0.8804192543029785
0.6136658191680908
-0.889047384262085
0.6166960000991821
-0.8976657390594482
0.619951069355011
-0.9062713980674744
0.6234333515167236
-0.9148612022399902
0.6271449327468872
-0.9234319925308228
0.6310880184173584
-0.9319804906845093
0.63526451587677
-0.9405033588409424
0.6396762728691101
-0.9489970803260803
0.6443250179290771
-0.9574581384658813
0.6492123603820801
-0.9658828973770142
0.6543397903442383
-0.9742676615715027
0.6597086191177368
-0.9826086163520813
0.6653200387954712
-0.9909018278121948
0.6711750626564026
-0.9991434812545776
0.6772745251655579
-1.0073294639587402
0.6836192011833191
-1.0154556035995483
0.6902095079421997
-1.0235178470611572
0.6970458626747131
-1.031511902809143
0.7041283249855042
-1.0394335985183716
0.7114569544792175
-1.0472784042358398
0.7190314531326294
-1.0550419092178345
0.7268512845039368
-1.062719702720642
0.7349159121513367
-1.0703073740005493
0.7432243824005127
-1.0778002738952637
0.7517756223678589
-1.0851938724517822
0.7605682015419006
-1.0924835205078125
0.7696006298065186
-1.099664568901062
0.7788710594177246
-1.1067324876785278
0.7883774042129517
-1.113682508468628
0.798117458820343
-1.1205099821090698
0.8080885410308838
-1.127210259437561
0.8182879090309143
-1.133778691291809
0.828712522983551
-1.140210747718811
0.8393590450286865
-1.1465016603469849
0.8502238988876343
-1.1526468992233276
0.8613032102584839
-1.1586419343948364
0.8725929856300354
-1.1644823551177979
0.8840888142585754
-1.170163631439209
0.8957860469818115
-1.1756813526153564
0.9076798558235168
-1.1810312271118164
0.9197651743888855
-1.1862092018127441
0.9320365786552429
-1.1912108659744263
0.9444884657859802
-1.1960324048995972
0.9571149349212646
-1.200669765472412
0.9699099659919739
-1.205119013786316
0.9828671216964722
-1.2093766927719116
0.995979905128479
-1.2134389877319336
1.0092415809631348
-1.2173025608062744
1.022645115852356
-1.220963954925537
1.03618323802948
-1.224420189857483
1.0498485565185547
-1.227668046951294
1.0636335611343384
-1.2307049036026
1.0775305032730103
-1.2335278987884521
1.0915313959121704
-1.2361345291137695
1.1056281328201294
-1.2385225296020508
1.1198124885559082
-1.240689754486084
1.1340762376785278
-1.2426341772079468
1.1484105587005615
-1.244354009628296
1.1628072261810303
-1.2458478212356567
1.1772572994232178
-1.2471140623092651
1.1917519569396973
-1.2481517791748047
1.206282615661621
-1.2489597797393799
1.2208400964736938
-1.249537467956543
1.2354155778884888
-1.2498843669891357
1.25
-1.25
1.2645844221115112
-1.2498843669891357
1.2791599035263062
-1.249537467956543
1.293717384338379
-1.2489597797393799
1.3082480430603027
-1.2481517791748047
1.3227427005767822
-1.2471140623092651
1.3371927738189697
-1.2458478212356567
1.3515894412994385
-1.244354009628296
1.3659237623214722
-1.2426341772079468
1.3801875114440918
-1.240689754486084
1.3943718671798706
-1.2385225296020508
1.4084686040878296
-1.2361345291137695
1.4224694967269897
-1.2335278987884521
1.4363664388656616
-1.2307049036026
1.4501514434814453
-1.227668046951294
1.46381676197052
-1.224420189857483
1.477354884147644
-1.220963954925537
1.4907584190368652
-1.2173025608062744
1.504020094871521
-1.2134389877319336
1.5171328783035278
-1.2093766927719116
1.530090093612671
-1.205119013786316
1.5428850650787354
-1.200669765472412
1.5555115938186646
-1.1960324048995972
1.5679634809494019
-1.1912108659744263
1.5802347660064697
-1.1862092018127441
1.5923200845718384
-1.1810312271118164
1.6042139530181885
-1.1756813526153564
1.6159112453460693
-1.170163631439209
1.6274070739746094
-1.1644823551177979
1.6386967897415161
-1.1586419343948364
1.6497761011123657
-1.1526468992233276
1.6606409549713135
-1.1465016603469849
1.6712874174118042
-1.140210747718811
1.681712031364441
-1.133778691291809
1.6919114589691162
-1.127210259437561
1.7018826007843018
-1.1205099821090698
1.7116225957870483
-1.113682508468628
1.7211289405822754
-1.1067324876785278
1.7303993701934814
-1.099664568901062
1.7394317388534546
-1.0924835205078125
1.7482243776321411
-1.0851938724517822
1.7567756175994873
-1.0778002738952637
1.7650840282440186
-1.0703073740005493
1.7731486558914185
-1.062719702720642
1.7809685468673706
-1.0550419092178345
1.7885431051254272
-1.0472784042358398
1.795871615409851
-1.0394335985183716
1.8029541969299316
-1.031511902809143
1.8097904920578003
-1.0235178470611572
1.8163808584213257
-1.0154556035995483
1.8227254152297974
-1.0073294639587402
1.8288248777389526
-0.9991434812545776
1.8346799612045288
-0.9909018278121948
1.8402913808822632
-0.9826086163520813
1.8456602096557617
-0.9742676615715027
1.85078763961792
-0.9658828973770142
1.8556749820709229
-0.9574581384658813
1.8603237867355347
-0.9489970803260803
1.86473548412323
-0.9405033588409424
1.8689119815826416
-0.9319804906845093
1.8728550672531128
-0.9234319925308228
1.8765666484832764
-0.9148612022399902
1.8800489902496338
-0.9062713980674744
1.8833039999008179
-0.8976657390594482
1.8863341808319092
-0.889047384262085
1.8891417980194092
-0.8804192543029785
1.8917292356491089
-0.8717843890190125
1.8940991163253784
-0.8631455302238464
1.8962539434432983
-0.8545054197311401
1.8981964588165283
-0.8458666801452637
1.899929404258728
-0.8372319340705872
1.9014554023742676
-0.8286035656929016
1.9027774333953857
-0.8199840188026428
1.9038982391357422
-0.8113754987716675
1.9048206806182861
-0.8027803301811218
1.905547857284546
-0.7942004799842834
1.9060826301574707
-0.7856380343437195
1.9064279794692993
-0.7770949602127075
1.90658700466156
-0.7685730457305908
1.9065625667572021
-0.7600741386413574
1.9063578844070435
-0.7515998482704163
1.9059758186340332
-0.7431519031524658
1.9054195880889893
-0.7347317337989807
1.9046921730041504
-0.7263408899307251
1.903796672821045
-0.717980682849884
1.9027360677719116
-0.7096524834632874
1.9015133380889893
-0.7013574838638306
1.9001317024230957
-0.6930968761444092
1.8985940217971802
-0.6848717331886292
1.896903395652771
-0.6766831874847412
1.895062804222107
-0.668532133102417
1.8930751085281372
-0.6604194641113281
1.8909434080123901
-0.652346134185791
1.888670563697815
-0.6443127989768982
1.8862593173980713
-0.6363202333450317
1.8837127685546875
-0.6283692121505737
1.8810336589813232
-0.6204602122306824
1.8782248497009277
-0.6125938296318054
1.8752890825271606
-0.6047706604003906
1.8722290992736816
-0.5969911217689514
1.8690476417541504
-0.5892556309700012
1.865747332572937
-0.5815646052360535
1.8623309135437012
-0.5739182829856873
1.8588008880615234
-0.5663169622421265
1.8551599979400635
-0.558760941028595
1.8514106273651123
-0.5512503981590271
1.8475552797317505
-0.5437855124473572
1.8435965776443481
-0.5363664031028748
1.8395367860794067
-0.5289930701255798
1.8353782892227173
-0.5216656923294067
1.8311235904693604
-0.5143842101097107
1.8267748355865479
-0.5071486830711365
1.8223342895507812
-0.49995899200439453
1.8178043365478516
-0.4928151071071625
1.8131871223449707
-0.48571693897247314
1.808484673500061
-0.4786643087863922
1.803699254989624
-0.4716570973396301
1.798832893371582
-0.46469512581825256
1.7938876152038574
-0.4577781856060028
1.788865327835083
-0.45090603828430176
1.7837681770324707
-0.4440784454345703
1.7785978317260742
-0.437295138835907
1.7733564376831055
-0.4305558502674103
1.7680456638336182
-0.42386022210121155
1.7626674175262451
-0.4172079861164093
1.75722336769104
-0.4105987548828125
1.7517154216766357
-0.4040321707725525
1.7461451292037964
-0.3975078761577606
1.7405141592025757
-0.39102548360824585
1.7348241806030273
-0.38458457589149475
1.7290767431259155
-0.3781847059726715
1.7232733964920044
-0.37182551622390747
1.7174158096313477
-0.36550647020339966
1.7115052938461304
-0.3592272102832794
1.7055435180664062
-0.3529872000217438
1.6995316743850708
-0.3467859625816345
1.6934713125228882
-0.34062308073043823
1.687363624572754
-0.33449798822402954
1.6812102794647217
-0.32841020822525024
1.675012230873108
-0.32235923409461975
1.6687709093093872
-0.3163445293903351
1.6624876260757446
-0.31036558747291565
1.6561634540557861
-0.30442187190055847
1.6497997045516968
-0.29851284623146057
1.6433974504470825
-0.2926379442214966
1.6369578838348389
-0.28679659962654114
1.6304820775985718
-0.28098833560943604
1.6239711046218872
-0.27521249651908875
1.6174261569976807
-0.26946860551834106
1.610848069190979
-0.26375600695610046
1.6042380332946777
-0.25807419419288635
1.5975970029830933
-0.2524225413799286
1.5909258127212524
-0.2468005120754242
1.5842255353927612
-0.24120749533176422
1.577497124671936
-0.2356429100036621
1.5707414150238037
-0.2301061749458313
1.5639592409133911
-0.22459669411182404
1.5571515560150146
-0.21911387145519257
1.5503190755844116
-0.21365711092948914
1.5434627532958984
-0.208225816488266
1.536583423614502
-0.20281939208507538
1.5296818017959595
-0.19743722677230835
1.5227586030960083
-0.19207873940467834
1.5158146619796753
-0.18674331903457642
1.5088506937026978
-0.18143035471439362
1.501867413520813
-0.1761392503976822
1.4948655366897583
-0.170869380235672
1.487845778465271
-0.16562017798423767
1.4808087348937988
-0.16039100289344788
1.473755121231079
-0.15518125891685486
1.4666856527328491
-0.14999035000801086
1.459600806236267
-0.14481765031814575
1.4525014162063599
-0.13966254889965057
1.4453879594802856
-0.13452444970607758
1.4382610321044922
-0.129402756690979
1.4311212301254272
-0.12429683655500412
1.4239691495895386
-0.11920608580112457
1.416805386543274
-0.11412990838289261
1.409630537033081
-0.10906768590211868
1.4024449586868286
-0.10401881486177444
1.3952494859695435
-0.09898267686367035
1.3880443572998047
-0.09395867586135864
1.3808302879333496
-0.08894620090723038
1.3736077547073364
-0.0839446410536766
1.3663772344589233
-0.07895338535308838
1.3591392040252686
-0.07397183775901794
1.3518942594528198
-0.06899937987327576
1.3446428775787354
-0.06403540074825287
1.3373854160308838
-0.05907931178808212
1.330122470855713
-0.05413048714399338
1.3228545188903809
-0.04918833076953888
1.315582036972046
-0.04425223544239998
1.3083053827285767
-0.03932159021496773
1.301025152206421
-0.034395791590213776
1.2937417030334473
-0.029474234208464622
1.286455512046814
-0.02455630898475647
1.2791671752929688
-0.019641414284706116
1.2718769311904907
-0.014728941023349762
1.2645853757858276
-0.009818284772336483
1.2572928667068481
-0.004908839240670204
1.25
1.5505238796186243e-15
1.2427071332931519
0.004908839240670204
1.2354146242141724
0.009818284772336483
1.2281230688095093
0.014728941023349762
1.2208328247070312
0.019641414284706116
1.213544487953186
0.02455630898475647
1.2062582969665527
0.029474234208464622
1.198974847793579
0.034395791590213776
1.1916946172714233
0.03932159021496773
1.184417963027954
0.04425223544239998
1.1771454811096191
0.04918833076953888
1.169877529144287
0.05413048714399338
1.1626145839691162
0.05907931178808212
1.1553571224212646
0.06403540074825287
1.1481057405471802
0.06899937987327576
1.1408607959747314
0.07397183775901794
1.1336227655410767
0.07895338535308838
1.1263922452926636
0.0839446410536766
1.1191697120666504
0.08894620090723038
1.1119556427001953
0.09395867586135864
1.1047505140304565
0.09898267686367035
1.0975550413131714
0.10401881486177444
1.090369462966919
0.10906768590211868
1.083194613456726
0.11412990838289261
1.0760308504104614
0.11920608580112457
1.0688787698745728
0.12429683655500412
1.0617389678955078
0.129402756690979
1.0546120405197144
0.13452444970607758
1.0474985837936401
0.13966254889965057
1.040399193763733
0.14481765031814575
1.0333143472671509
0.14999035000801086
1.026244878768921
0.15518125891685486
1.0191912651062012
0.16039100289344788
1.012154221534729
0.16562017798423767
1.0051344633102417
0.170869380235672
0.998132586479187
0.1761392503976822
0.9911493062973022
0.18143035471439362
0.9841853380203247
0.18674331903457642
0.9772413969039917
0.19207873940467834
0.9703181982040405
0.19743722677230835
0.963416576385498
0.20281939208507538
0.9565371870994568
0.208225816488266
0.9496809244155884
0.21365711092948914
0.9428485035896301
0.21911387145519257
0.9360407590866089
0.22459669411182404
0.9292586445808411
0.2301061749458313
0.922502875328064
0.2356429100036621
0.915774405002594
0.24120749533176422
0.9090741872787476
0.2468005120754242
0.9024029970169067
0.2524225413799286
0.8957619667053223
0.25807419419288635
0.8891518712043762
0.26375600695610046
0.8825738430023193
0.26946860551834106
0.8760288953781128
0.27521249651908875
0.869517982006073
0.28098833560943604
0.8630421757698059
0.28679659962654114
0.8566026091575623
0.2926379442214966
0.850200355052948
0.29851284623146057
0.8438365459442139
0.30442187190055847
0.8375124335289001
0.31036558747291565
0.8312290906906128
0.3163445293903351
0.8249877691268921
0.32235923409461975
0.8187897801399231
0.32841020822525024
0.8126363158226013
0.33449798822402954
0.8065287470817566
0.34062308073043823
0.8004683256149292
0.3467859625816345
0.7944565415382385
0.3529872000217438
0.7884946465492249
0.3592272102832794
0.7825841903686523
0.36550647020339966
0.7767265439033508
0.37182551622390747
0.7709233164787292
0.3781847059726715
0.7651758790016174
0.38458457589149475
0.7594859004020691
0.39102548360824585
0.7538549304008484
0.3975078761577606
0.7482845783233643
0.4040321707725525
0.7427765727043152
0.4105987548828125
0.7373325824737549
0.4172079861164093
0.7319543361663818
0.42386022210121155
0.7266435623168945
0.4305558502674103
0.721402108669281
0.437295138835907
0.7162318825721741
0.4440784454345703
0.711134672164917
0.45090603828430176
0.7061123847961426
0.4577781856060028
0.701167106628418
0.46469512581825256
0.6963006854057312
0.4716570973396301
0.6915152668952942
0.4786643087863922
0.6868128776550293
0.48571693897247314
0.6821956038475037
0.4928151071071625
0.677665650844574
0.49995899200439453
0.6732252240180969
0.5071486830711365
0.6688764691352844
0.5143842101097107
0.6646217107772827
0.5216656923294067
0.660463273525238
0.5289930701255798
0.6564034819602966
0.5363664031028748
0.6524447202682495
0.5437855124473572
0.6485894322395325
0.5512503981590271
0.6448400616645813
0.558760941028595
0.6411991119384766
0.5663169622421265
0.6376690864562988
0.5739182829856873
0.634252667427063
0.5815646052360535
0.6309523582458496
0.5892556309700012
0.6277709007263184
0.5969911217689514
0.6247109174728394
0.6047706604003906
0.6217750906944275
0.6125938296318054
0.618966281414032
0.6204602122306824
0.6162871718406677
0.6283692121505737
0.6137406229972839
0.6363202333450317
0.6113294959068298
0.6443127989768982
0.6090565919876099
0.652346134185791
0.606924831867218
0.6604194641113281
0.6049371957778931
0.668532133102417
0.603096604347229
0.6766831874847412
0.601405918598175
0.6848717331886292
0.5998682975769043
0.6930968761444092
0.5984866619110107
0.7013574838638306
0.5972639918327332
0.7096524834632874
0.5962033867835999
0.717980682849884
0.5953078269958496
0.7263408899307251
0.5945804119110107
0.7347317337989807
0.5940241813659668
0.7431519031524658
0.5936421751976013
0.7515998482704163
0.5934374332427979
0.7600741386413574
0.5934130549430847
0.7685730457305908
0.5935720205307007
0.7770949602127075
0.5939173698425293
0.7856380343437195
0.5944521427154541
0.7942004799842834
0.5951793193817139
0.8027803301811218
0.5961018204689026
0.8113754987716675
0.597222626209259
0.8199840188026428
0.5985445976257324
0.8286035656929016
0.600070595741272
0.8372319340705872
0.6018034815788269
0.8458666801452637
0.6037460565567017
0.8545054197311401
0.6059008836746216
0.8631455302238464
0.6082707643508911
0.8717843890190125
0.6108582615852356
0.8804192543029785
0.6136658191680908
0.889047384262085
0.6166960000991821
0.8976657390594482
0.619951069355011
0.9062713980674744
0.6234333515167236
0.9148612022399902
0.6271449327468872
0.9234319925308228
0.6310880184173584
0.9319804906845093
0.63526451587677
0.9405033588409424
0.6396762728691101
0.9489970803260803
0.6443250179290771
0.9574581384658813
0.6492123603820801
0.9658828973770142
0.6543397903442383
0.9742676615715027
0.6597086191177368
0.9826086163520813
0.6653200387954712
0.9909018278121948
0.6711750626564026
0.9991434812545776
0.6772745251655579
1.0073294639587402
0.6836192011833191
1.0154556035995483
0.6902095079421997
1.0235178470611572
0.6970458626747131
1.031511902809143
0.7041283249855042
1.0394335985183716
0.7114569544792175
1.0472784042358398
0.7190314531326294
1.0550419092178345
0.7268512845039368
1.062719702720642
0.7349159121513367
1.0703073740005493
0.7432243824005127
1.0778002738952637
0.7517756223678589
1.0851938724517822
0.7605682015419006
1.0924835205078125
0.7696006298065186
1.099664568901062
0.7788710594177246
1.1067324876785278
0.7883774042129517
1.113682508468628
0.798117458820343
1.1205099821090698
0.8080885410308838
1.127210259437561
0.8182879090309143
1.133778691291809
0.828712522983551
1.140210747718811
0.8393590450286865
1.1465016603469849
0.8502238988876343
1.1526468992233276
0.8613032102584839
1.1586419343948364
0.8725929856300354
1.1644823551177979
0.8840888142585754
1.170163631439209
0.8957860469818115
1.1756813526153564
0.9076798558235168
1.1810312271118164
0.9197651743888855
1.1862092018127441
0.9320365786552429
1.1912108659744263
0.9444884657859802
1.1960324048995972
0.9571149349212646
1.200669765472412
0.9699099659919739
1.205119013786316
0.9828671216964722
1.2093766927719116
0.995979905128479
1.2134389877319336
1.0092415809631348
1.2173025608062744
1.022645115852356
1.220963954925537
1.03618323802948
1.224420189857483
1.0498485565185547
1.227668046951294
1.0636335611343384
1.2307049036026
1.0775305032730103
1.2335278987884521
1.0915313959121704
1.2361345291137695
1.1056281328201294
1.2385225296020508
1.1198124885559082
1.240689754486084
1.1340762376785278
1.2426341772079468
1.1484105587005615
1.244354009628296
1.1628072261810303
1.2458478212356567
1.1772572994232178
1.2471140623092651
1.1917519569396973
1.2481517791748047
1.206282615661621
1.2489597797393799
1.2208400964736938
1.249537467956543
1.2354155778884888
1.2498843669891357
1.25
1.25
1.2645844221115112
1.2498843669891357
1.2791599035263062
1.249537467956543
1.293717384338379
1.2489597797393799
1.3082480430603027
1.2481517791748047
1.3227427005767822
1.2471140623092651
1.3371927738189697
1.2458478212356567
1.3515894412994385
1.244354009628296
1.3659237623214722
1.2426341772079468
1.3801875114440918
1.240689754486084
1.3943718671798706
1.2385225296020508
1.4084686040878296
1.2361345291137695
1.4224694967269897
1.2335278987884521
1.4363664388656616
1.2307049036026
1.4501514434814453
1.227668046951294
1.46381676197052
1.224420189857483
1.477354884147644
1.220963954925537
1.4907584190368652
1.2173025608062744
1.504020094871521
1.2134389877319336
1.5171328783035278
1.2093766927719116
1.530090093612671
1.205119013786316
1.5428850650787354
1.200669765472412
1.5555115938186646
1.1960324048995972
1.5679634809494019
1.1912108659744263
1.5802347660064697
1.1862092018127441
1.5923200845718384
1.1810312271118164
1.6042139530181885
1.1756813526153564
1.6159112453460693
1.170163631439209
1.6274070739746094
1.1644823551177979
1.6386967897415161
1.1586419343948364
1.6497761011123657
1.1526468992233276
1.6606409549713135
1.1465016603469849
1.6712874174118042
1.140210747718811
1.681712031364441
1.133778691291809
1.6919114589691162
1.127210259437561
1.7018826007843018
1.1205099821090698
1.7116225957870483
1.113682508468628
1.7211289405822754
1.1067324876785278
1.7303993701934814
1.099664568901062
1.7394317388534546
1.0924835205078125
1.7482243776321411
1.0851938724517822
1.7567756175994873
1.0778002738952637
1.7650840282440186
1.0703073740005493
1.7731486558914185
1.062719702720642
1.7809685468673706
1.0550419092178345
1.7885431051254272
1.0472784042358398
1.795871615409851
1.0394335985183716
1.8029541969299316
1.031511902809143
1.8097904920578003
1.0235178470611572
1.8163808584213257
1.0154556035995483
1.8227254152297974
1.0073294639587402
1.8288248777389526
0.9991434812545776
1.8346799612045288
0.9909018278121948
1.8402913808822632
0.9826086163520813
1.8456602096557617
0.9742676615715027
1.85078763961792
0.9658828973770142
1.8556749820709229
0.9574581384658813
1.8603237867355347
0.9489970803260803
1.86473548412323
0.9405033588409424
1.8689119815826416
0.9319804906845093
1.8728550672531128
0.9234319925308228
1.8765666484832764
0.9148612022399902
1.8800489902496338
0.9062713980674744
1.8833039999008179
0.8976657390594482
1.8863341808319092
0.889047384262085
1.8891417980194092
0.8804192543029785
1.8917292356491089
0.8717843890190125
1.8940991163253784
0.8631455302238464
1.8962539434432983
0.8545054197311401
1.8981964588165283
0.8458666801452637
1.899929404258728
0.8372319340705872
1.9014554023742676
0.8286035656929016
1.9027774333953857
0.8199840188026428
1.9038982391357422
0.8113754987716675
1.9048206806182861
0.8027803301811218
1.905547857284546
0.7942004799842834
1.9060826301574707
0.7856380343437195
1.9064279794692993
0.7770949602127075
1.90658700466156
0.7685730457305908
1.9065625667572021
0.7600741386413574
1.9063578844070435
0.7515998482704163
1.9059758186340332
0.7431519031524658
1.9054195880889893
0.7347317337989807
1.9046921730041504
0.7263408899307251
1.903796672821045
0.717980682849884
1.9027360677719116
0.7096524834632874
1.9015133380889893
0.7013574838638306
1.9001317024230957
0.6930968761444092
1.8985940217971802
0.6848717331886292
1.896903395652771
0.6766831874847412
1.895062804222107
0.668532133102417
1.8930751085281372
0.6604194641113281
1.8909434080123901
0.652346134185791
1.888670563697815
0.6443127989768982
1.8862593173980713
0.6363202333450317
1.8837127685546875
0.6283692121505737
1.8810336589813232
0.6204602122306824
1.8782248497009277
0.6125938296318054
1.8752890825271606
0.6047706604003906
1.8722290992736816
0.5969911217689514
1.8690476417541504
0.5892556309700012
1.865747332572937
0.5815646052360535
1.8623309135437012
0.5739182829856873
1.8588008880615234
0.5663169622421265
1.8551599979400635
0.558760941028595
1.8514106273651123
0.5512503981590271
1.8475552797317505
0.5437855124473572
1.8435965776443481
0.5363664031028748
1.8395367860794067
0.5289930701255798
1.8353782892227173
0.5216656923294067
1.8311235904693604
0.5143842101097107
1.8267748355865479
0.5071486830711365
1.8223342895507812
0.49995899200439453
1.8178043365478516
0.4928151071071625
1.8131871223449707
0.48571693897247314
1.808484673500061
0.4786643087863922
1.803699254989624
0.4716570973396301
1.798832893371582
0.46469512581825256
1.7938876152038574
0.4577781856060028
1.788865327835083
0.45090603828430176
1.7837681770324707
0.4440784454345703
1.7785978317260742
0.437295138835907
1.7733564376831055
0.4305558502674103
1.7680456638336182
0.42386022210121155
1.7626674175262451
0.4172079861164093
1.75722336769104
0.4105987548828125
1.7517154216766357
0.4040321707725525
1.7461451292037964
0.3975078761577606
1.7405141592025757
0.39102548360824585
1.7348241806030273
0.38458457589149475
1.7290767431259155
0.3781847059726715
1.7232733964920044
0.37182551622390747
1.7174158096313477
0.36550647020339966
1.7115052938461304
0.3592272102832794
1.7055435180664062
0.3529872000217438
1.6995316743850708
0.3467859625816345
1.6934713125228882
0.34062308073043823
1.687363624572754
0.33449798822402954
1.6812102794647217
0.32841020822525024
1.675012230873108
0.32235923409461975
1.6687709093093872
0.3163445293903351
1.6624876260757446
0.31036558747291565
1.6561634540557861
0.30442187190055847
1.6497997045516968
0.29851284623146057
1.6433974504470825
0.2926379442214966
1.6369578838348389
0.28679659962654114
1.6304820775985718
0.28098833560943604
1.6239711046218872
0.27521249651908875
1.6174261569976807
0.26946860551834106
1.610848069190979
0.26375600695610046
1.6042380332946777
0.25807419419288635
1.5975970029830933
0.2524225413799286
1.5909258127212524
0.2468005120754242
1.5842255353927612
0.24120749533176422
1.577497124671936
0.2356429100036621
1.5707414150238037
0.2301061749458313
1.5639592409133911
0.22459669411182404
1.5571515560150146
0.21911387145519257
1.5503190755844116
0.21365711092948914
1.5434627532958984
0.208225816488266
1.536583423614502
0.20281939208507538
1.5296818017959595
0.19743722677230835
1.5227586030960083
0.19207873940467834
1.5158146619796753
0.18674331903457642
1.5088506937026978
0.18143035471439362
1.501867413520813
0.1761392503976822
1.4948655366897583
0.170869380235672
1.487845778465271
0.16562017798423767
1.4808087348937988
0.16039100289344788
1.473755121231079
0.15518125891685486
1.4666856527328491
0.14999035000801086
1.459600806236267
0.14481765031814575
1.4525014162063599
0.13966254889965057
1.4453879594802856
0.13452444970607758
1.4382610321044922
0.129402756690979
1.4311212301254272
0.12429683655500412
1.4239691495895386
0.11920608580112457
1.416805386543274
0.11412990838289261
1.409630537033081
0.10906768590211868
1.4024449586868286
0.10401881486177444
1.3952494859695435
0.09898267686367035
1.3880443572998047
0.09395867586135864
1.3808302879333496
0.08894620090723038
1.3736077547073364
0.0839446410536766
1.3663772344589233
0.07895338535308838
1.3591392040252686
0.07397183775901794
1.3518942594528198
0.06899937987327576
1.3446428775787354
0.06403540074825287
1.3373854160308838
0.05907931178808212
1.330122470855713
0.05413048714399338
1.3228545188903809
0.04918833076953888
1.315582036972046
0.04425223544239998
1.3083053827285767
0.03932159021496773
1.301025152206421
0.034395791590213776
1.2937417030334473
0.029474234208464622
1.286455512046814
0.02455630898475647
1.2791671752929688
0.019641414284706116
1.2718769311904907
0.014728941023349762
1.2645853757858276
0.009818284772336483
1.2572928667068481
0.004908839240670204
1.2572928667068481
0.004908839240670204
1.2572928667068481
0.004908839240670204
1.2572928667068481
0.004908839240670204
1.2572928667068481
0.004908839240670204
1.2572928667068481
0.004908839240670204
1.2572928667068481
0.004908839240670204
1.2572928667068481
0.004908839240670204
1.2572928667068481
0.004908839240670204
1.2572928667068481
0.004908839240670204
1.2572928667068481
0.004908839240670204
1.2572928667068481
0.004908839240670204
1.2572928667068481
0.004908839240670204
1.2572928667068481
0.004908839240670204
1.2572928667068481
0.004908839240670204
1.2572928667068481
0.004908839240670204
1.2572928667068481
0.004908839240670204
1.2572928667068481
0.004908839240670204
1.2572928667068481
0.004908839240670204
1.2572928667068481
0.004908839240670204
1.2572928667068481
0.004908839240670204
1.2572928667068481
0.004908839240670204
1.2572928667068481
0.004908839240670204
1.2572928667068481
0.004908839240670204
1.2572928667068481
0.004908839240670204
1.2572928667068481
0.004908839240670204
1.2572928667068481
0.004908839240670204
1.2572928667068481
0.004908839240670204
1.2572928667068481
0.004908839240670204
1.2572928667068481
0.004908839240670204
1.2572928667068481
0.004908839240670204
1.2572928667068481
0.004908839240670204
1.2572928667068481
0.004908839240670204
1.2572928667068481
0.004908839240670204
1.2572928667068481
0.004908839240670204
1.2572928667068481
0.004908839240670204
1.2572928667068481
0.004908839240670204
1.2572928667068481
0.004908839240670204
1.2572928667068481
0.004908839240670204
1.2572928667068481
0.004908839240670204
1.2572928667068481
0.004908839240670204
1.2572928667068481
0.004908839240670204
1.2572928667068481
0.004908839240670204
1.2572928667068481
0.004908839240670204
1.2572928667068481
0.004908839240670204
1.2572928667068481
0.004908839240670204
1.2572928667068481
0.004908839240670204
1.2572928667068481
0.004908839240670204
1.2572928667068481
0.004908839240670204
1.2572928667068481
0.004908839240670204
1.2572928667068481
0.004908839240670204
1.2572928667068481
0.004908839240670204
1.2572928667068481
0.004908839240670204
1.2572928667068481
0.004908839240670204
1.2572928667068481
0.004908839240670204
1.2572928667068481
0.004908839240670204
1.2572928667068481
0.004908839240670204
1.2572928667068481
0.004908839240670204
1.2572928667068481
0.004908839240670204
1.2572928667068481
0.004908839240670204
1.2572928667068481
0.004908839240670204
1.2572928667068481
0.004908839240670204
1.2572928667068481
0.004908839240670204
1.2572928667068481
0.004908839240670204
1.2572928667068481
0.004908839240670204
1.2572928667068481
0.004908839240670204
1.2572928667068481
0.004908839240670204
1.2572928667068481
0.004908839240670204
1.2572928667068481
0.004908839240670204
1.2572928667068481
0.004908839240670204
1.2572928667068481
0.004908839240670204
1.2572928667068481
0.004908839240670204
1.2572928667068481
0.004908839240670204
1.2572928667068481
0.004908839240670204
1.2572928667068481
0.004908839240670204
1.2572928667068481
0.004908839240670204
1.2572928667068481
0.004908839240670204
1.2572928667068481
0.004908839240670204
1.2572928667068481
0.004908839240670204
1.2572928667068481
0.004908839240670204
1.2572928667068481
0.004908839240670204
1.2572928667068481
0.004908839240670204
1.2572928667068481
0.004908839240670204
1.2572928667068481
0.004908839240670204
1.2572928667068481
0.004908839240670204
1.2572928667068481
0.004908839240670204
1.2572928667068481
0.004908839240670204
1.2572928667068481
0.004908839240670204
1.2572928667068481
0.004908839240670204
1.2572928667068481
0.004908839240670204
1.2572928667068481
0.004908839240670204
1.2572928667068481
0.004908839240670204
1.2572928667068481
0.004908839240670204
1.2572928667068481
0.004908839240670204
1.2572928667068481
0.004908839240670204
1.2572928667068481
0.004908839240670204
1.2572928667068481
0.004908839240670204
1.2572928667068481
0.004908839240670204
