-0.5026180148124695
-1.0032413005828857
-0.5052360892295837
-1.0064826011657715
-0.5078542828559875
-1.0097237825393677
-0.5104726552963257
-1.0129648447036743
-0.5130913257598877
-1.0162057876586914
-0.5157102346420288
-1.0194464921951294
-0.5183296203613281
-1.0226870775222778
-0.5209494233131409
-1.025927186012268
-0.5235697031021118
-1.0291671752929688
-0.5261905789375305
-1.0324066877365112
-0.5288121104240417
-1.035645842552185
-0.5314342975616455
-1.0388845205307007
-0.5340572595596313
-1.042122721672058
-0.5366811156272888
-1.0453604459762573
-0.5393058061599731
-1.0485975742340088
-0.5419314503669739
-1.051834225654602
-0.5445581674575806
-1.055070161819458
-0.5471858978271484
-1.0583053827285767
-0.5498148202896118
-1.061539888381958
-0.5524449348449707
-1.064773678779602
-0.5550763607025146
-1.0680066347122192
-0.5577090978622437
-1.0712387561798096
-0.5603432655334473
-1.074470043182373
-0.5629788637161255
-1.0777003765106201
-0.5656160116195679
-1.0809297561645508
-0.5682547688484192
-1.0841580629348755
-0.5708951950073242
-1.0873854160308838
-0.573537290096283
-1.0906116962432861
-0.5761812329292297
-1.093836784362793
-0.5788269639015198
-1.0970606803894043
-0.5814746618270874
-1.1002833843231201
-0.5841243267059326
-1.1035048961639404
-0.5867760181427002
-1.1067249774932861
-0.5894298553466797
-1.1099437475204468
-0.5920858383178711
-1.1131612062454224
-0.594744086265564
-1.1163772344589233
-0.5974045991897583
-1.1195917129516602
-0.6000674962997437
-1.1228047609329224
-0.60273277759552
-1.1260161399841309
-0.605400562286377
-1.1292259693145752
-0.608070969581604
-1.1324341297149658
-0.6107439398765564
-1.1356406211853027
-0.6134195923805237
-1.1388453245162964
-0.6160979866981506
-1.1420483589172363
-0.6187792420387268
-1.1452494859695435
-0.6214632987976074
-1.1484487056732178
-0.6241503357887268
-1.1516460180282593
-0.6268404126167297
-1.1548413038253784
-0.6295335292816162
-1.1580345630645752
-0.632229745388031
-1.1612257957458496
-0.6349291801452637
-1.1644150018692017
-0.637631893157959
-1.1676019430160522
-0.6403378844261169
-1.1707866191864014
-0.6430473327636719
-1.1739691495895386
-0.645760178565979
-1.1771492958068848
-0.6484765410423279
-1.1803271770477295
-0.6511965394020081
-1.1835025548934937
-0.6539201140403748
-1.1866754293441772
-0.6566474437713623
-1.1898459196090698
-0.6593785285949707
-1.1930137872695923
-0.6621134281158447
-1.1961790323257446
-0.6648522615432739
-1.1993415355682373
-0.6675950884819031
-1.2025014162063599
-0.6703419089317322
-1.2056584358215332
-0.673092782497406
-1.2088127136230469
-0.6758478879928589
-1.2119641304016113
-0.678607165813446
-1.215112566947937
-0.681370735168457
-1.218258023262024
-0.6841386556625366
-1.2214003801345825
-0.6869110465049744
-1.2245396375656128
-0.6896878480911255
-1.2276757955551147
-0.6924691796302795
-1.2308087348937988
-0.6952551603317261
-1.2339383363723755
-0.6980457901954651
-1.2370647192001343
-0.7008411884307861
-1.240187644958496
-0.7036413550376892
-1.243307113647461
-0.7064464092254639
-1.2464231252670288
-0.7092563509941101
-1.2495354413986206
-0.7120712995529175
-1.2526443004608154
-0.7148913145065308
-1.2557493448257446
-0.71771639585495
-1.2588506937026978
-0.7205467224121094
-1.2619482278823853
-0.723382294178009
-1.2650418281555176
-0.7262231111526489
-1.2681316137313843
-0.7290693521499634
-1.2712172269821167
-0.7319210171699524
-1.274298906326294
-0.7347781658172607
-1.277376413345337
-0.7376408576965332
-1.2804497480392456
-0.7405092120170593
-1.2835187911987305
-0.7433832883834839
-1.286583423614502
-0.7462630271911621
-1.2896437644958496
-0.7491486668586731
-1.2926995754241943
-0.7520401477813721
-1.2957508563995361
-0.7549375891685486
-1.2987974882125854
-0.7578409910202026
-1.3018394708633423
-0.7607504725456238
-1.3048768043518066
-0.7636661529541016
-1.3079091310501099
-0.7665879726409912
-1.310936689376831
-0.7695160508155823
-1.3139592409133911
-0.7724504470825195
-1.3169766664505005
-0.7753912210464478
-1.3199890851974487
-0.7783384323120117
-1.3229962587356567
-0.781292200088501
-1.3259981870651245
-0.7842524647712708
-1.3289947509765625
-0.7872194051742554
-1.3319858312606812
-0.7901930212974548
-1.3349714279174805
-0.7931734323501587
-1.3379515409469604
-0.7961606383323669
-1.3409258127212524
-0.7991546988487244
-1.3438944816589355
-0.8021557331085205
-1.3468571901321411
-0.8051637411117554
-1.3498140573501587
-0.8081788420677185
-1.3527649641036987
-0.8112010359764099
-1.3557096719741821
-0.8142304420471191
-1.3586483001708984
-0.8172670602798462
-1.3615806102752686
-0.8203110098838806
-1.3645066022872925
-0.8233622908592224
-1.3674261569976807
-0.8264210224151611
-1.3703391551971436
-0.8294872641563416
-1.3732455968856812
-0.8325610756874084
-1.3761452436447144
-0.8356424570083618
-1.3790382146835327
-0.8387314677238464
-1.3819241523742676
-0.8418282270431519
-1.3848031759262085
-0.8449327945709229
-1.387675166130066
-0.8480452299118042
-1.3905398845672607
-0.8511655330657959
-1.3933974504470825
-0.8542937636375427
-1.3962475061416626
-0.8574300408363342
-1.3990901708602905
-0.8605744242668152
-1.4019252061843872
-0.8637269139289856
-1.4047526121139526
-0.866887629032135
-1.4075722694396973
-0.8700565695762634
-1.4103840589523315
-0.8732337951660156
-1.4131877422332764
-0.8764194250106812
-1.4159834384918213
-0.87961345911026
-1.4187709093093872
-0.882815957069397
-1.4215500354766846
-0.8860269784927368
-1.4243208169937134
-0.8892465829849243
-1.427083134651184
-0.8924748301506042
-1.4298367500305176
-0.8957118391990662
-1.4325815439224243
-0.8989575505256653
-1.4353175163269043
-0.9022120237350464
-1.438044548034668
-0.905475378036499
-1.4407625198364258
-0.908747673034668
-1.4434713125228882
-0.9120289087295532
-1.446170687675476
-0.9153192043304443
-1.4488606452941895
-0.9186185002326965
-1.4515410661697388
-0.9219269752502441
-1.4542118310928345
-0.9252445697784424
-1.4568727016448975
-0.9285714030265808
-1.4595236778259277
-0.9319075345993042
-1.4621646404266357
-0.9352529644966125
-1.4647953510284424
-0.9386077523231506
-1.4674158096313477
-0.941972017288208
-1.4700257778167725
-0.9453456997871399
-1.4726252555847168
-0.9487289190292358
-1.4752140045166016
-0.9521216750144958
-1.4777919054031372
-0.9555240273475647
-1.4803588390350342
-0.9589360952377319
-1.4829145669937134
-0.9623578190803528
-1.4854592084884644
-0.9657893180847168
-1.4879924058914185
-0.969230592250824
-1.4905141592025757
-0.9726817011833191
-1.4930241107940674
-0.9761426448822021
-1.495522379875183
-0.9796135425567627
-1.4980087280273438
-0.9830944538116455
-1.5004829168319702
-0.9865853190422058
-1.502944827079773
-0.9900861978530884
-1.505394458770752
-0.9935972094535828
-1.5078314542770386
-0.9971182942390442
-1.5102559328079224
-1.0006495714187622
-1.5126674175262451
-1.0041910409927368
-1.5150660276412964
-1.0077427625656128
-1.5174514055252075
-1.0113047361373901
-1.5198235511779785
-1.0148769617080688
-1.5221822261810303
-1.018459677696228
-1.5245273113250732
-1.0220526456832886
-1.5268585681915283
-1.02565598487854
-1.529175877571106
-1.029269814491272
-1.5314791202545166
-1.0328941345214844
-1.5337681770324707
-1.0365289449691772
-1.5360426902770996
-1.0401742458343506
-1.5383026599884033
-1.043830156326294
-1.5405478477478027
-1.0474965572357178
-1.5427781343460083
-1.0511736869812012
-1.544993281364441
-1.0548614263534546
-1.547193169593811
-1.058559775352478
-1.5493775606155396
-1.0622687339782715
-1.551546335220337
-1.065988540649414
-1.553699254989624
-1.0697189569473267
-1.5558363199234009
-1.0734602212905884
-1.5579570531845093
-1.0772120952606201
-1.5600615739822388
-1.0809749364852905
-1.5621494054794312
-1.084748387336731
-1.564220666885376
-1.08853280544281
-1.566274881362915
-1.0923279523849487
-1.5683120489120483
-1.0961339473724365
-1.5703319311141968
-1.0999507904052734
-1.5723342895507812
-1.1037784814834595
-1.5743190050125122
-1.1076170206069946
-1.5762858390808105
-1.1114665269851685
-1.5782346725463867
-1.1153268814086914
-1.580165147781372
-1.1191980838775635
-1.5820772647857666
-1.1230801343917847
-1.5839706659317017
-1.1269731521606445
-1.5858451128005981
-1.130876898765564
-1.587700605392456
-1.1347917318344116
-1.5895367860794067
-1.1387172937393188
-1.591353416442871
-1.1426538228988647
-1.5931503772735596
-1.1466012001037598
-1.594927430152893
-1.150559425354004
-1.596684455871582
-1.1545284986495972
-1.5984210968017578
-1.1585084199905396
-1.6001371145248413
-1.162499189376831
-1.6018325090408325
-1.1665008068084717
-1.6035068035125732
-1.1705131530761719
-1.6051599979400635
-1.1745363473892212
-1.6067917346954346
-1.1785701513290405
-1.6084017753601074
-1.182614803314209
-1.6099900007247925
-1.186670184135437
-1.6115561723709106
-1.1907362937927246
-1.6131000518798828
-1.1948130130767822
-1.6146212816238403
-1.1989003419876099
-1.6161198616027832
-1.2029982805252075
-1.6175953149795532
-1.2071068286895752
-1.6190476417541504
-1.2112258672714233
-1.620476484298706
-1.215355396270752
-1.6218816041946411
-1.2194952964782715
-1.6232627630233765
-1.2236456871032715
-1.624619722366333
-1.2278064489364624
-1.6259523630142212
-1.2319775819778442
-1.6272602081298828
-1.2361589670181274
-1.6285432577133179
-1.2403504848480225
-1.6298011541366577
-1.2445522546768188
-1.6310336589813232
-1.2487640380859375
-1.632240653038025
-1.252985954284668
-1.6334216594696045
-1.2572178840637207
-1.6345765590667725
-1.2614597082138062
-1.6357051134109497
-1.2657114267349243
-1.6368069648742676
-1.269972801208496
-1.6378819942474365
-1.2742440700531006
-1.6389299631118774
-1.2785248756408691
-1.6399505138397217
-1.2828153371810913
-1.6409434080123901
-1.287115216255188
-1.6419084072113037
-1.2914246320724487
-1.6428453922271729
-1.2957432270050049
-1.6437538862228394
-1.300071120262146
-1.6446336507797241
-1.3044081926345825
-1.6454846858978271
-1.308754324913025
-1.6463063955307007
-1.3131093978881836
-1.6470987796783447
-1.3174734115600586
-1.647861361503601
-1.3218461275100708
-1.6485940217971802
-1.3262275457382202
-1.649296522140503
-1.3306174278259277
-1.6499685049057007
-1.3350157737731934
-1.6506097316741943
-1.3394224643707275
-1.6512199640274048
-1.3438374996185303
-1.651798963546753
-1.3482604026794434
-1.6523463726043701
-1.352691411972046
-1.6528619527816772
-1.3571302890777588
-1.6533454656600952
-1.361576795578003
-1.653796672821045
-1.3660309314727783
-1.6542152166366577
-1.3704925775527954
-1.654600977897644
-1.3749613761901855
-1.6549534797668457
-1.3794374465942383
-1.6552726030349731
-1.3839205503463745
-1.6555581092834473
-1.3884104490280151
-1.6558096408843994
-1.3929070234298706
-1.6560269594192505
-1.397410273551941
-1.6562098264694214
-1.4019198417663574
-1.6563578844070435
-1.4064356088638306
-1.6564708948135376
-1.4109575748443604
-1.6565486192703247
-1.4154853820800781
-1.6565909385681152
-1.4200187921524048
-1.6565972566604614
-1.4245578050613403
-1.6565675735473633
-1.4291021823883057
-1.6565015316009521
-1.4336518049240112
-1.656398892402649
-1.4382063150405884
-1.656259298324585
-1.4427655935287476
-1.6560826301574707
-1.4473295211791992
-1.6558685302734375
-1.4518978595733643
-1.6556167602539062
-1.456470251083374
-1.6553269624710083
-1.4610466957092285
-1.654999017715454
-1.4656269550323486
-1.6546326875686646
-1.4702106714248657
-1.654227614402771
-1.4747977256774902
-1.6537835597991943
-1.4793877601623535
-1.653300166130066
-1.4839807748794556
-1.6527774333953857
-1.4885764122009277
-1.6522148847579956
-1.493174433708191
-1.6516122817993164
-1.497774600982666
-1.6509695053100586
-1.502376675605774
-1.650286316871643
-1.506980299949646
-1.6495622396469116
-1.5115854740142822
-1.6487972736358643
-1.5161917209625244
-1.6479910612106323
-1.5207988023757935
-1.6471433639526367
-1.5254064798355103
-1.6462539434432983
-1.5300145149230957
-1.6453226804733276
-1.5346226692199707
-1.6443490982055664
-1.539230465888977
-1.6433331966400146
-1.5438379049301147
-1.6422746181488037
-1.548444390296936
-1.6411731243133545
-1.553049921989441
-1.6400285959243774
-1.5576540231704712
-1.638840675354004
-1.5622564554214478
-1.6376093626022339
-1.566856861114502
-1.6363341808319092
-1.5714550018310547
-1.6350150108337402
-1.5760504007339478
-1.6336517333984375
-1.5806430578231812
-1.6322441101074219
-1.5852323770523071
-1.6307917833328247
-1.589818000793457
-1.6292948722839355
-1.5943998098373413
-1.6277527809143066
-1.5989774465560913
-1.6261656284332275
-1.6035504341125488
-1.6245330572128296
-1.6081184148788452
-1.6228550672531128
-1.6126811504364014
-1.6211313009262085
-1.6172382831573486
-1.6193616390228271
-1.6217893362045288
-1.6175458431243896
-1.6263341903686523
-1.615683913230896
-1.6308722496032715
-1.6137754917144775
-1.6354031562805176
-1.6118205785751343
-1.6399266719818115
-1.609818935394287
-1.6444423198699951
-1.6077704429626465
-1.6489497423171997
-1.6056749820709229
-1.6534485816955566
-1.603532314300537
-1.6579384803771973
-1.6013424396514893
-1.6624189615249634
-1.5991052389144897
-1.6668896675109863
-1.5968204736709595
-1.671350121498108
-1.5944880247116089
-1.675800085067749
-1.592107892036438
-1.680238962173462
-1.5896798372268677
-1.6846665143966675
-1.5872039794921875
-1.6890822649002075
-1.5846799612045288
-1.6934857368469238
-1.5821079015731812
-1.6978764533996582
-1.5794875621795654
-1.7022541761398315
-1.5768189430236816
-1.7066184282302856
-1.5741020441055298
-1.7109687328338623
-1.5713367462158203
-1.7153044939041138
-1.5685229301452637
-1.7196255922317505
-1.5656607151031494
-1.7239314317703247
-1.5627498626708984
-1.7282214164733887
-1.5597904920578003
-1.7324954271316528
-1.5567824840545654
-1.7367526292800903
-1.5537259578704834
-1.7409929037094116
-1.550620675086975
-1.745215654373169
-1.5474668741226196
-1.749420404434204
-1.544264316558838
-1.7536066770553589
-1.541013240814209
-1.7577741146087646
-1.5377135276794434
-1.7619221210479736
-1.5343652963638306
-1.7660502195358276
-1.5309685468673706
-1.7701581716537476
-1.5275232791900635
-1.774245262145996
-1.5240296125411987
-1.778311014175415
-1.520487666130066
-1.7823550701141357
-1.5168973207473755
-1.786376953125
-1.5132588148117065
-1.7903761863708496
-1.509572148323059
-1.7943521738052368
-1.5058374404907227
-1.7983044385910034
-1.5020548105239868
-1.8022326231002808
-1.4982243776321411
-1.806136131286621
-1.494346261024475
-1.8100146055221558
-1.4904205799102783
-1.8138673305511475
-1.4864475727081299
-1.817694067955017
-1.4824272394180298
-1.821494221687317
-1.4783598184585571
-1.8252671957015991
-1.4742454290390015
-1.8290127515792847
-1.470084309577942
-1.8327301740646362
-1.465876579284668
-1.8364189863204956
-1.4616225957870483
-1.8400788307189941
-1.457322359085083
-1.843709111213684
-1.4529762268066406
-1.8473093509674072
-1.4485844373703003
-1.8508790731430054
-1.4441471099853516
-1.8544178009033203
-1.439664602279663
-1.8579250574111938
-1.4351370334625244
-1.8614002466201782
-1.4305648803710938
-1.8648430109024048
-1.4259482622146606
-1.8682528734207153
-1.4212874174118042
-1.871629238128662
-1.4165828227996826
-1.8749717473983765
-1.411834716796875
-1.8782798051834106
-1.40704345703125
-1.8815529346466064
-1.4022091627120972
-1.8847907781600952
-1.3973324298858643
-1.8879927396774292
-1.3924134969711304
-1.8911583423614502
-1.3874527215957642
-1.8942872285842896
-1.3824503421783447
-1.8973788022994995
-1.3774070739746094
-1.9004327058792114
-1.372322916984558
-1.903448462486267
-1.3671985864639282
-1.9064254760742188
-1.3620343208312988
-1.9093633890151978
-1.3568304777145386
-1.9122618436813354
-1.3515876531600952
-1.915120244026184
-1.3463062047958374
-1.917938232421875
-1.3409866094589233
-1.9207152128219604
-1.3356293439865112
-1.9234510660171509
-1.3302347660064697
-1.9261449575424194
-1.3248034715652466
-1.9287967681884766
-1.3193359375
-1.9314059019088745
-1.3138325214385986
-1.9339721202850342
-1.3082939386367798
-1.9364947080612183
-1.302720546722412
-1.9389735460281372
-1.2971129417419434
-1.9414081573486328
-1.2914716005325317
-1.9437980651855469
-1.285797119140625
-1.9461429119110107
-1.280090093612671
-1.9484422206878662
-1.2743510007858276
-1.9506958723068237
-1.2685803174972534
-1.952903151512146
-1.262778878211975
-1.9550639390945435
-1.2569471597671509
-1.957177758216858
-1.251085638999939
-1.9592443704605103
-1.2451950311660767
-1.9612632989883423
-1.2392760515213013
-1.9632341861724854
-1.2333290576934814
-1.9651567935943604
-1.227354884147644
-1.967030644416809
-1.2213541269302368
-1.968855619430542
-1.215327501296997
-1.9706313610076904
-1.209275484085083
-1.9723573923110962
-1.203198790550232
-1.9740334749221802
-1.1970981359481812
-1.9756594896316528
-1.190974235534668
-1.977234959602356
-1.1848276853561401
-1.978759765625
-1.178659200668335
-1.9802334308624268
-1.1724694967269897
-1.9816558361053467
-1.1662591695785522
-1.9830267429351807
-1.1600291728973389
-1.9843459129333496
-1.1537799835205078
-1.9856131076812744
-1.1475123167037964
-1.9868279695510864
-1.1412270069122314
-1.987990379333496
-1.1349247694015503
-1.9891002178192139
-1.1286063194274902
-1.990157127380371
-1.1222724914550781
-1.9911609888076782
-1.1159237623214722
-1.9921115636825562
-1.1095612049102783
-1.9930088520050049
-1.1031852960586548
-1.9938526153564453
-1.096796989440918
-1.9946424961090088
-1.0903970003128052
-1.9953786134719849
-1.0839860439300537
-1.996060848236084
-1.0775648355484009
-1.9966888427734375
-1.071134328842163
-1.9972625970840454
-1.064695119857788
-1.9977821111679077
-1.0582480430603027
-1.9982471466064453
-1.0517939329147339
-1.9986575841903687
-1.0453333854675293
-1.9990135431289673
-1.038867473602295
-1.9993149042129517
-1.0323967933654785
-1.9995614290237427
-1.025922179222107
-1.9997532367706299
-1.0194443464279175
-1.9998903274536133
-1.0129642486572266
-1.9999725818634033
-1.006482481956482
-2.0
-1.0
-1.9999725818634033
-0.9935174584388733
-1.9998903274536133
-0.9870357513427734
-1.9997532367706299
-0.9805555939674377
-1.9995614290237427
-0.9740778207778931
-1.9993149042129517
-0.9676032066345215
-1.9990135431289673
-0.9611325263977051
-1.9986575841903687
-0.9546665549278259
-1.9982471466064453
-0.9482061266899109
-1.9977821111679077
-0.941752016544342
-1.9972625970840454
-0.9353049397468567
-1.9966888427734375
-0.9288657307624817
-1.996060848236084
-0.9224351644515991
-1.9953786134719849
-0.9160140156745911
-1.9946424961090088
-0.9096029996871948
-1.9938526153564453
-0.903203010559082
-1.9930088520050049
-0.8968146443367004
-1.9921115636825562
-0.8904387950897217
-1.9911609888076782
-0.8840761780738831
-1.990157127380371
-0.8777275681495667
-1.9891002178192139
-0.871393620967865
-1.987990379333496
-0.8650751709938049
-1.9868279695510864
-0.8587729334831238
-1.9856131076812744
-0.8524876832962036
-1.9843459129333496
-0.846220076084137
-1.9830267429351807
-0.8399708867073059
-1.9816558361053467
-0.833740770816803
-1.9802334308624268
-0.8275305032730103
-1.978759765625
-0.821340799331665
-1.977234959602356
-0.8151723146438599
-1.9756594896316528
-0.809025764465332
-1.9740334749221802
-0.8029018640518188
-1.9723573923110962
-0.7968012094497681
-1.9706313610076904
-0.7907245755195618
-1.968855619430542
-0.7846725583076477
-1.967030644416809
-0.7786458134651184
-1.9651567935943604
-0.7726450562477112
-1.9632341861724854
-0.7666708827018738
-1.9612632989883423
-0.7607239484786987
-1.9592443704605103
-0.7548049092292786
-1.957177758216858
-0.748914361000061
-1.9550639390945435
-0.7430528402328491
-1.952903151512146
-0.7372211217880249
-1.9506958723068237
-0.7314196228981018
-1.9484422206878662
-0.7256490588188171
-1.9461429119110107
-0.7199099659919739
-1.9437980651855469
-0.714202880859375
-1.9414081573486328
-0.7085283994674683
-1.9389735460281372
-0.7028870582580566
-1.9364947080612183
-0.6972794532775879
-1.9339721202850342
-0.6917060613632202
-1.9314059019088745
-0.6861674189567566
-1.9287967681884766
-0.6806640625
-1.9261449575424194
-0.6751964688301086
-1.9234510660171509
-0.6697651743888855
-1.9207152128219604
-0.6643706560134888
-1.917938232421875
-0.6590133309364319
-1.915120244026184
-0.6536937355995178
-1.9122618436813354
-0.64841228723526
-1.9093633890151978
-0.6431694626808167
-1.9064254760742188
-0.637965738773346
-1.903448462486267
-0.6328014731407166
-1.9004327058792114
-0.6276770830154419
-1.8973788022994995
-0.6225929856300354
-1.8942872285842896
-0.6175495982170105
-1.8911583423614502
-0.6125473380088806
-1.8879927396774292
-0.6075865030288696
-1.8847907781600952
-0.6026675701141357
-1.8815529346466064
-0.5977907776832581
-1.8782798051834106
-0.5929566025733948
-1.8749717473983765
-0.5881652235984802
-1.871629238128662
-0.5834171175956726
-1.8682528734207153
-0.578712522983551
-1.8648430109024048
-0.5740517973899841
-1.8614002466201782
-0.5694351196289062
-1.8579250574111938
-0.5648629665374756
-1.8544178009033203
-0.5603354573249817
-1.8508790731430054
-0.5558528900146484
-1.8473093509674072
-0.5514155626296997
-1.843709111213684
-0.5470237731933594
-1.8400788307189941
-0.542677640914917
-1.8364189863204956
-0.5383774042129517
-1.8327301740646362
-0.5341233611106873
-1.8290127515792847
-0.5299156904220581
-1.8252671957015991
-0.5257545709609985
-1.821494221687317
-0.5216402411460876
-1.817694067955017
-0.5175727605819702
-1.8138673305511475
-0.5135524272918701
-1.8100146055221558
-0.5095793604850769
-1.806136131286621
-0.5056537389755249
-1.8022326231002808
-0.5017756223678589
-1.7983044385910034
-0.4979451894760132
-1.7943521738052368
-0.49416255950927734
-1.7903761863708496
-0.4904278814792633
-1.786376953125
-0.48674121499061584
-1.7823550701141357
-0.4831026792526245
-1.778311014175415
-0.47951236367225647
-1.774245262145996
-0.4759703278541565
-1.7701581716537476
-0.47247666120529175
-1.7660502195358276
-0.469031423330307
-1.7619221210479736
-0.46563467383384705
-1.7577741146087646
-0.46228641271591187
-1.7536066770553589
-0.458986759185791
-1.749420404434204
-0.4557356536388397
-1.745215654373169
-0.45253318548202515
-1.7409929037094116
-0.4493793249130249
-1.7367526292800903
-0.4462741017341614
-1.7324954271316528
-0.4432174861431122
-1.7282214164733887
-0.4402095079421997
-1.7239314317703247
-0.4372501075267792
-1.7196255922317505
-0.434339314699173
-1.7153044939041138
-0.43147704005241394
-1.7109687328338623
-0.4286632537841797
-1.7066184282302856
-0.4258979558944702
-1.7022541761398315
-0.42318102717399597
-1.6978764533996582
-0.42051243782043457
-1.6934857368469238
-0.4178921580314636
-1.6890822649002075
-0.4153200387954712
-1.6846665143966675
-0.4127960801124573
-1.680238962173462
-0.41032013297080994
-1.675800085067749
-0.4078921377658844
-1.671350121498108
-0.4055119752883911
-1.6668896675109863
-0.4031795561313629
-1.6624189615249634
-0.40089479088783264
-1.6579384803771973
-0.39865750074386597
-1.6534485816955566
-0.3964676260948181
-1.6489497423171997
-0.39432501792907715
-1.6444423198699951
-0.3922295570373535
-1.6399266719818115
-0.3901810646057129
-1.6354031562805176
-0.3881794214248657
-1.6308722496032715
-0.38622450828552246
-1.6263341903686523
-0.3843161463737488
-1.6217893362045288
-0.38245415687561035
-1.6172382831573486
-0.3806384205818176
-1.6126811504364014
-0.3788687288761139
-1.6081184148788452
-0.3771449625492096
-1.6035504341125488
-0.37546688318252563
-1.5989774465560913
-0.37383437156677246
-1.5943998098373413
-0.37224718928337097
-1.589818000793457
-0.37070518732070923
-1.5852323770523071
-0.3692081570625305
-1.5806430578231812
-0.3677559196949005
-1.5760504007339478
-0.3663482367992401
-1.5714550018310547
-0.3649849593639374
-1.566856861114502
-0.3636658489704132
-1.5622564554214478
-0.3623906970024109
-1.5576540231704712
-0.3611592948436737
-1.553049921989441
-0.35997143387794495
-1.548444390296936
-0.3588268756866455
-1.5438379049301147
-0.35772544145584106
-1.539230465888977
-0.35666683316230774
-1.5346226692199707
-0.3556509017944336
-1.5300145149230957
-0.35467737913131714
-1.5254064798355103
-0.3537460267543793
-1.5207988023757935
-0.3528566360473633
-1.5161917209625244
-0.3520089387893677
-1.5115854740142822
-0.35120272636413574
-1.506980299949646
-0.350437730550766
-1.502376675605774
-0.3497137129306793
-1.497774600982666
-0.34903043508529663
-1.493174433708191
-0.3483876585960388
-1.4885764122009277
-0.3477851450443268
-1.4839807748794556
-0.34722259640693665
-1.4793877601623535
-0.3466998040676117
-1.4747977256774902
-0.34621649980545044
-1.4702106714248657
-0.3457724153995514
-1.4656269550323486
-0.34536731243133545
-1.4610466957092285
-0.3450009226799011
-1.456470251083374
-0.3446730077266693
-1.4518978595733643
-0.34438326954841614
-1.4473295211791992
-0.3441314995288849
-1.4427655935287476
-0.3439173698425293
-1.4382063150405884
-0.34374067187309265
-1.4336518049240112
-0.3436011075973511
-1.4291021823883057
-0.34349843859672546
-1.4245578050613403
-0.34343239665031433
-1.4200187921524048
-0.3434027135372162
-1.4154853820800781
-0.34340912103652954
-1.4109575748443604
-0.3434513211250305
-1.4064356088638306
-0.3435291051864624
-1.4019198417663574
-0.34364214539527893
-1.397410273551941
-0.3437902331352234
-1.3929070234298706
-0.3439730405807495
-1.3884104490280151
-0.3441903591156006
-1.3839205503463745
-0.34444189071655273
-1.3794374465942383
-0.34472736716270447
-1.3749613761901855
-0.3450465202331543
-1.3704925775527954
-0.34539908170700073
-1.3660309314727783
-0.3457847833633423
-1.361576795578003
-0.34620335698127747
-1.3571302890777588
-0.3466545641422272
-1.352691411972046
-0.34713807702064514
-1.3482604026794434
-0.34765368700027466
-1.3438374996185303
-0.34820109605789185
-1.3394224643707275
-0.3487800359725952
-1.3350157737731934
-0.34939026832580566
-1.3306174278259277
-0.3500314950942993
-1.3262275457382202
-0.35070347785949707
-1.3218461275100708
-0.35140594840049744
-1.3174734115600586
-0.3521386384963989
-1.3131093978881836
-0.35290127992630005
-1.308754324913025
-0.3536936044692993
-1.3044081926345825
-0.3545153737068176
-1.300071120262146
-0.3553662896156311
-1.2957432270050049
-0.35624614357948303
-1.2914246320724487
-0.35715463757514954
-1.287115216255188
-0.3580915629863739
-1.2828153371810913
-0.35905659198760986
-1.2785248756408691
-0.3600495159626007
-1.2742440700531006
-0.36107006669044495
-1.269972801208496
-0.3621179759502411
-1.2657114267349243
-0.3631930351257324
-1.2614597082138062
-0.36429494619369507
-1.2572178840637207
-0.3654234707355499
-1.252985954284668
-0.3665783703327179
-1.2487640380859375
-0.3677593767642975
-1.2445522546768188
-0.368966281414032
-1.2403504848480225
-0.3701988160610199
-1.2361589670181274
-0.37145671248435974
-1.2319775819778442
-0.3727397322654724
-1.2278064489364624
-0.3740476667881012
-1.2236456871032715
-0.375380277633667
-1.2194952964782715
-0.3767372667789459
-1.215355396270752
-0.37811845541000366
-1.2112258672714233
-0.3795235753059387
-1.2071068286895752
-0.380952388048172
-1.2029982805252075
-0.3824046552181244
-1.1989003419876099
-0.3838801681995392
-1.1948130130767822
-0.3853786885738373
-1.1907362937927246
-0.3868999779224396
-1.186670184135437
-0.38844382762908936
-1.182614803314209
-0.39000996947288513
-1.1785701513290405
-0.3915981948375702
-1.1745363473892212
-0.3932082951068878
-1.1705131530761719
-0.3948400318622589
-1.1665008068084717
-0.39649319648742676
-1.162499189376831
-0.39816752076148987
-1.1585084199905396
-0.3998628556728363
-1.1545284986495972
-0.40157896280288696
-1.150559425354004
-0.40331557393074036
-1.1466012001037598
-0.40507254004478455
-1.1426538228988647
-0.40684962272644043
-1.1387172937393188
-0.4086465835571289
-1.1347917318344116
-0.41046327352523804
-1.130876898765564
-0.41229942440986633
-1.1269731521606445
-0.41415485739707947
-1.1230801343917847
-0.4160293936729431
-1.1191980838775635
-0.4179227650165558
-1.1153268814086914
-0.41983482241630554
-1.1114665269851685
-0.4217653274536133
-1.1076170206069946
-0.4237141013145447
-1.1037784814834595
-0.4256809651851654
-1.0999507904052734
-0.42766568064689636
-1.0961339473724365
-0.4296680688858032
-1.0923279523849487
-0.43168795108795166
-1.08853280544281
-0.43372511863708496
-1.084748387336731
-0.4357793927192688
-1.0809749364852905
-0.43785056471824646
-1.0772120952606201
-0.439938485622406
-1.0734602212905884
-0.44204291701316833
-1.0697189569473267
-0.4441637396812439
-1.065988540649414
-0.4463007152080536
-1.0622687339782715
-0.4484536647796631
-1.058559775352478
-0.45062243938446045
-1.0548614263534546
-0.45280686020851135
-1.0511736869812012
-0.45500674843788147
-1.0474965572357178
-0.4572218954563141
-1.043830156326294
-0.45945215225219727
-1.0401742458343506
-0.4616973400115967
-1.0365289449691772
-0.4639573097229004
-1.0328941345214844
-0.4662318825721741
-1.029269814491272
-0.468520849943161
-1.02565598487854
-0.47082412242889404
-1.0220526456832886
-0.47314146161079407
-1.018459677696228
-0.47547274827957153
-1.0148769617080688
-0.4778178036212921
-1.0113047361373901
-0.48017647862434387
-1.0077427625656128
-0.4825485944747925
-1.0041910409927368
-0.484934002161026
-1.0006495714187622
-0.4873325824737549
-0.9971182942390442
-0.4897441267967224
-0.9935972094535828
-0.49216848611831665
-0.9900861978530884
-0.49460554122924805
-0.9865853190422058
-0.49705514311790466
-0.9830944538116455
-0.4995171129703522
-0.9796135425567627
-0.501991331577301
-0.9761426448822021
-0.5044776201248169
-0.9726817011833191
-0.5069758296012878
-0.969230592250824
-0.5094859004020691
-0.9657893180847168
-0.5120075941085815
-0.9623578190803528
-0.5145407915115356
-0.9589360952377319
-0.5170853734016418
-0.9555240273475647
-0.5196412205696106
-0.9521216750144958
-0.5222081542015076
-0.9487289190292358
-0.5247860550880432
-0.9453456997871399
-0.5273747444152832
-0.941972017288208
-0.5299742221832275
-0.9386077523231506
-0.5325841903686523
-0.9352529644966125
-0.5352046489715576
-0.9319075345993042
-0.5378353595733643
-0.9285714030265808
-0.5404763221740723
-0.9252445697784424
-0.5431272983551025
-0.9219269752502441
-0.5457882285118103
-0.9186185002326965
-0.5484589338302612
-0.9153192043304443
-0.5511393547058105
-0.9120289087295532
-0.5538293123245239
-0.908747673034668
-0.5565287470817566
-0.905475378036499
-0.5592374801635742
-0.9022120237350464
-0.5619553923606873
-0.8989575505256653
-0.5646824240684509
-0.8957118391990662
-0.5674184560775757
-0.8924748301506042
-0.5701633095741272
-0.8892465829849243
-0.5729169249534607
-0.8860269784927368
-0.5756791234016418
-0.882815957069397
-0.5784499049186707
-0.87961345911026
-0.5812290906906128
-0.8764194250106812
-0.5840165615081787
-0.8732337951660156
-0.5868121981620789
-0.8700565695762634
-0.5896160006523132
-0.866887629032135
-0.5924277305603027
-0.8637269139289856
-0.5952473282814026
-0.8605744242668152
-0.598074734210968
-0.8574300408363342
-0.6009098291397095
-0.8542937636375427
-0.6037524938583374
-0.8511655330657959
-0.6066026091575623
-0.8480452299118042
-0.6094600558280945
-0.8449327945709229
-0.6123248338699341
-0.8418282270431519
-0.6151967644691467
-0.8387314677238464
-0.6180758476257324
-0.8356424570083618
-0.6209618449211121
-0.8325610756874084
-0.6238547563552856
-0.8294872641563416
-0.6267544627189636
-0.8264210224151611
-0.6296608448028564
-0.8233622908592224
-0.6325738430023193
-0.8203110098838806
-0.6354933977127075
-0.8172670602798462
-0.6384193897247314
-0.8142304420471191
-0.6413517594337463
-0.8112010359764099
-0.6442903280258179
-0.8081788420677185
-0.647235095500946
-0.8051637411117554
-0.6501859426498413
-0.8021557331085205
-0.6531428098678589
-0.7991546988487244
-0.6561055779457092
-0.7961606383323669
-0.6590741872787476
-0.7931734323501587
-0.6620485186576843
-0.7901930212974548
-0.6650285124778748
-0.7872194051742554
-0.6680141687393188
-0.7842524647712708
-0.6710052490234375
-0.781292200088501
-0.6740018129348755
-0.7783384323120117
-0.6770037412643433
-0.7753912210464478
-0.6800109148025513
-0.7724504470825195
-0.6830232739448547
-0.7695160508155823
-0.6860407590866089
-0.7665879726409912
-0.689063310623169
-0.7636661529541016
-0.6920908093452454
-0.7607504725456238
-0.6951232552528381
-0.7578409910202026
-0.6981604695320129
-0.7549375891685486
-0.7012025117874146
-0.7520401477813721
-0.7042491436004639
-0.7491486668586731
-0.7073004245758057
-0.7462630271911621
-0.7103562951087952
-0.7433832883834839
-0.713416576385498
-0.7405092120170593
-0.7164812684059143
-0.7376408576965332
-0.7195503115653992
-0.7347781658172607
-0.7226235866546631
-0.7319210171699524
-0.725701093673706
-0.7290693521499634
-0.7287827134132385
-0.7262231111526489
-0.7318684458732605
-0.723382294178009
-0.7349581718444824
-0.7205467224121094
-0.7380517721176147
-0.71771639585495
-0.7411493062973022
-0.7148913145065308
-0.7442506551742554
-0.7120712995529175
-0.7473557591438293
-0.7092563509941101
-0.7504644989967346
-0.7064464092254639
-0.753576934337616
-0.7036413550376892
-0.7566928863525391
-0.7008411884307861
-0.7598123550415039
-0.6980457901954651
-0.7629353404045105
-0.6952551603317261
-0.7660616040229797
-0.6924691796302795
-0.7691912651062012
-0.6896878480911255
-0.7723242044448853
-0.6869110465049744
-0.7754603624343872
-0.6841386556625366
-0.7785996198654175
-0.681370735168457
-0.7817420363426208
-0.678607165813446
-0.7848874926567078
-0.6758478879928589
-0.7880358695983887
-0.673092782497406
-0.7911872863769531
-0.6703419089317322
-0.794341504573822
-0.6675950884819031
-0.7974985837936401
-0.6648522615432739
-0.8006584644317627
-0.6621134281158447
-0.8038210272789001
-0.6593785285949707
-0.8069862723350525
-0.6566474437713623
-0.810154139995575
-0.6539201140403748
-0.813324511051178
-0.6511965394020081
-0.8164974451065063
-0.6484765410423279
-0.8196728825569153
-0.645760178565979
-0.8228507041931152
-0.6430473327636719
-0.8260308504104614
-0.6403378844261169
-0.8292133212089539
-0.637631893157959
-0.8323980569839478
-0.6349291801452637
-0.8355850577354431
-0.632229745388031
-0.8387741446495056
-0.6295335292816162
-0.84196537733078
-0.6268404126167297
-0.8451586961746216
-0.6241503357887268
-0.8483540415763855
-0.6214632987976074
-0.851551353931427
-0.6187792420387268
-0.8547505736351013
-0.6160979866981506
-0.8579517006874084
-0.6134195923805237
-0.8611546158790588
-0.6107439398765564
-0.8643593788146973
-0.608070969581604
-0.8675658106803894
-0.605400562286377
-0.8707740306854248
-0.60273277759552
-0.8739838600158691
-0.6000674962997437
-0.8771952986717224
-0.5974045991897583
-0.8804082870483398
-0.594744086265564
-0.8836227655410767
-0.5920858383178711
-0.8868387937545776
-0.5894298553466797
-0.8900561928749084
-0.5867760181427002
-0.8932750225067139
-0.5841243267059326
-0.8964951634407043
-0.5814746618270874
-0.8997166156768799
-0.5788269639015198
-0.9029393196105957
-0.5761812329292297
-0.9061632752418518
-0.573537290096283
-0.9093883633613586
-0.5708951950073242
-0.9126145839691162
-0.5682547688484192
-0.9158418774604797
-0.5656160116195679
-0.9190702438354492
-0.5629788637161255
-0.9222996234893799
-0.5603432655334473
-0.925529956817627
-0.5577090978622437
-0.9287611842155457
-0.5550763607025146
-0.9319933652877808
-0.5524449348449707
-0.935226321220398
-0.5498148202896118
-0.938460111618042
-0.5471858978271484
-0.9416946172714233
-0.5445581674575806
-0.9449298977851868
-0.5419314503669739
-0.9481658339500427
-0.5393058061599731
-0.9514023661613464
-0.5366811156272888
-0.9546395540237427
-0.5340572595596313
-0.9578772187232971
-0.5314342975616455
-0.9611154794692993
-0.5288121104240417
-0.9643541574478149
-0.5261905789375305
-0.9675933122634888
-0.5235697031021118
-0.970832884311676
-0.5209494233131409
-0.9740727543830872
-0.5183296203613281
-0.9773129820823669
-0.5157102346420288
-0.9805534482002258
-0.5130913257598877
-0.9837942123413086
-0.5104726552963257
-0.9870350956916809
-0.5078542828559875
-0.9902762174606323
-0.5052360892295837
-0.9935173988342285
-0.5026180148124695
-0.9967586994171143
-0.5
-1.0
-0.4973819851875305
-1.0032413005828857
-0.49476394057273865
-1.0064826011657715
-0.49214571714401245
-1.0097237825393677
-0.4895273447036743
-1.0129648447036743
-0.4869087040424347
-1.0162057876586914
-0.4842897355556488
-1.0194464921951294
-0.48167040944099426
-1.0226870775222778
-0.4790506064891815
-1.025927186012268
-0.4764302968978882
-1.0291671752929688
-0.4738094210624695
-1.0324066877365112
-0.47118791937828064
-1.035645842552185
-0.4685657024383545
-1.0388845205307007
-0.46594271063804626
-1.042122721672058
-0.46331891417503357
-1.0453604459762573
-0.46069419384002686
-1.0485975742340088
-0.4580685496330261
-1.051834225654602
-0.4554418623447418
-1.055070161819458
-0.45281410217285156
-1.0583053827285767
-0.4501851797103882
-1.061539888381958
-0.4475550353527069
-1.064773678779602
-0.44492363929748535
-1.0680066347122192
-0.44229090213775635
-1.0712387561798096
-0.43965673446655273
-1.074470043182373
-0.4370211362838745
-1.0777003765106201
-0.43438398838043213
-1.0809297561645508
-0.4317452311515808
-1.0841580629348755
-0.42910483479499817
-1.0873854160308838
-0.42646270990371704
-1.0906116962432861
-0.42381876707077026
-1.093836784362793
-0.42117300629615784
-1.0970606803894043
-0.4185253381729126
-1.1002833843231201
-0.4158756732940674
-1.1035048961639404
-0.4132239520549774
-1.1067249774932861
-0.4105701446533203
-1.1099437475204468
-0.4079141616821289
-1.1131612062454224
-0.4052559435367584
-1.1163772344589233
-0.4025954008102417
-1.1195917129516602
-0.39993253350257874
-1.1228047609329224
-0.39726722240448
-1.1260161399841309
-0.39459940791130066
-1.1292259693145752
-0.3919290602207184
-1.1324341297149658
-0.389256089925766
-1.1356406211853027
-0.3865804076194763
-1.1388453245162964
-0.38390201330184937
-1.1420483589172363
-0.3812207877635956
-1.1452494859695435
-0.3785367012023926
-1.1484487056732178
-0.3758496642112732
-1.1516460180282593
-0.37315961718559265
-1.1548413038253784
-0.3704665005207062
-1.1580345630645752
-0.367770254611969
-1.1612257957458496
-0.36507081985473633
-1.1644150018692017
-0.3623681366443634
-1.1676019430160522
-0.35966211557388306
-1.1707866191864014
-0.3569526970386505
-1.1739691495895386
-0.354239821434021
-1.1771492958068848
-0.3515234589576721
-1.1803271770477295
-0.34880349040031433
-1.1835025548934937
-0.34607988595962524
-1.1866754293441772
-0.3433525562286377
-1.1898459196090698
-0.3406214714050293
-1.1930137872695923
-0.3378865718841553
-1.1961790323257446
-0.3351477384567261
-1.1993415355682373
-0.3324049413204193
-1.2025014162063599
-0.3296581208705902
-1.2056584358215332
-0.326907217502594
-1.2088127136230469
-0.3241521418094635
-1.2119641304016113
-0.32139283418655396
-1.215112566947937
-0.31862926483154297
-1.218258023262024
-0.315861314535141
-1.2214003801345825
-0.313088983297348
-1.2245396375656128
-0.3103121519088745
-1.2276757955551147
-0.30753079056739807
-1.2308087348937988
-0.3047448396682739
-1.2339383363723755
-0.3019541800022125
-1.2370647192001343
-0.29915881156921387
-1.240187644958496
-0.2963586449623108
-1.243307113647461
-0.2935536205768585
-1.2464231252670288
-0.2907436490058899
-1.2495354413986206
-0.2879287004470825
-1.2526443004608154
-0.28510868549346924
-1.2557493448257446
-0.28228357434272766
-1.2588506937026978
-0.2794532775878906
-1.2619482278823853
-0.27661773562431335
-1.2650418281555176
-0.2737768888473511
-1.2681316137313843
-0.2709306478500366
-1.2712172269821167
-0.26807901263237
-1.274298906326294
-0.26522183418273926
-1.277376413345337
-0.2623591125011444
-1.2804497480392456
-0.2594907879829407
-1.2835187911987305
-0.2566167414188385
-1.286583423614502
-0.2537369430065155
-1.2896437644958496
-0.2508513331413269
-1.2926995754241943
-0.24795986711978912
-1.2957508563995361
-0.2450624406337738
-1.2987974882125854
-0.24215900897979736
-1.3018394708633423
-0.23924951255321503
-1.3048768043518066
-0.23633387684822083
-1.3079091310501099
-0.23341205716133118
-1.310936689376831
-0.23048396408557892
-1.3139592409133911
-0.22754956781864166
-1.3169766664505005
-0.22460879385471344
-1.3199890851974487
-0.22166156768798828
-1.3229962587356567
-0.2187078297138214
-1.3259981870651245
-0.21574752032756805
-1.3289947509765625
-0.21278059482574463
-1.3319858312606812
-0.20980696380138397
-1.3349714279174805
-0.2068265825510025
-1.3379515409469604
-0.20383937656879425
-1.3409258127212524
-0.20084530115127563
-1.3438944816589355
-0.19784428179264069
-1.3468571901321411
-0.19483625888824463
-1.3498140573501587
-0.19182118773460388
-1.3527649641036987
-0.18879897892475128
-1.3557096719741821
-0.18576958775520325
-1.3586483001708984
-0.1827329397201538
-1.3615806102752686
-0.17968900501728058
-1.3645066022872925
-0.1766376942396164
-1.3674261569976807
-0.17357894778251648
-1.3703391551971436
-0.17051272094249725
-1.3732455968856812
-0.16743895411491394
-1.3761452436447144
-0.16435757279396057
-1.3790382146835327
-0.16126851737499237
-1.3819241523742676
-0.15817174315452576
-1.3848031759262085
-0.15506719052791595
-1.387675166130066
-0.151954784989357
-1.3905398845672607
-0.1488344818353653
-1.3933974504470825
-0.14570622146129608
-1.3962475061416626
-0.14256992936134338
-1.3990901708602905
-0.13942557573318481
-1.4019252061843872
-0.1362730711698532
-1.4047526121139526
-0.13311238586902618
-1.4075722694396973
-0.12994344532489777
-1.4103840589523315
-0.12676618993282318
-1.4131877422332764
-0.12358058989048004
-1.4159834384918213
-0.12038656324148178
-1.4187709093093872
-0.11718405783176422
-1.4215500354766846
-0.11397302150726318
-1.4243208169937134
-0.11075340211391449
-1.427083134651184
-0.10752514004707336
-1.4298367500305176
-0.10428818315267563
-1.4325815439224243
-0.1010424792766571
-1.4353175163269043
-0.09778796136379242
-1.438044548034668
-0.09452459216117859
-1.4407625198364258
-0.09125231206417084
-1.4434713125228882
-0.08797106891870499
-1.446170687675476
-0.08468081057071686
-1.4488606452941895
-0.08138147741556168
-1.4515410661697388
-0.07807303220033646
-1.4542118310928345
-0.07475541532039642
-1.4568727016448975
-0.0714285746216774
-1.4595236778259277
-0.0680924579501152
-1.4621646404266357
-0.06474702805280685
-1.4647953510284424
-0.061392221599817276
-1.4674158096313477
-0.058027997612953186
-1.4700257778167725
-0.054654303938150406
-1.4726252555847168
-0.051271095871925354
-1.4752140045166016
-0.04787832871079445
-1.4777919054031372
-0.04447595030069351
-1.4803588390350342
-0.04106391593813896
-1.4829145669937134
-0.03764217719435692
-1.4854592084884644
-0.0342106968164444
-1.4879924058914185
-0.030769426375627518
-1.4905141592025757
-0.02731831930577755
-1.4930241107940674
-0.02385733835399151
-1.495522379875183
-0.020386435091495514
-1.4980087280273438
-0.01690557226538658
-1.5004829168319702
-0.013414706103503704
-1.502944827079773
-0.009913798421621323
-1.505394458770752
-0.006402807310223579
-1.5078314542770386
-0.002881694817915559
-1.5102559328079224
0.0006495772977359593
-1.5126674175262451
0.004191046580672264
-1.5150660276412964
0.007742749992758036
-1.5174514055252075
0.011304723098874092
-1.5198235511779785
0.014877000823616982
-1.5221822261810303
0.018459618091583252
-1.5245273113250732
0.02205260843038559
-1.5268585681915283
0.02565600350499153
-1.529175877571106
0.029269836843013763
-1.5314791202545166
0.03289413824677467
-1.5337681770324707
0.03652893751859665
-1.5360426902770996
0.04017426073551178
-1.5383026599884033
0.04383014142513275
-1.5405478477478027
0.047496601939201355
-1.5427781343460083
0.05117367208003998
-1.544993281364441
0.05486137419939041
-1.547193169593811
0.058559734374284744
-1.5493775606155396
0.06226877123117447
-1.551546335220337
0.06598851084709167
-1.553699254989624
0.06971897929906845
-1.5558363199234009
0.0734601840376854
-1.5579570531845093
0.0772121474146843
-1.5600615739822388
0.08097489178180695
-1.5621494054794312
0.08474843204021454
-1.564220666885376
0.08853277564048767
-1.566274881362915
0.09232794493436813
-1.5683120489120483
0.09613394737243652
-1.5703319311141968
0.09995079785585403
-1.5723342895507812
0.10377850383520126
-1.5743190050125122
0.1076170802116394
-1.5762858390808105
0.11146651953458786
-1.5782346725463867
0.11532683670520782
-1.580165147781372
0.1191980391740799
-1.5820772647857666
0.12308012694120407
-1.5839706659317017
0.12697309255599976
-1.5858451128005981
0.13087695837020874
-1.587700605392456
0.13479170203208923
-1.5895367860794067
0.13871732354164124
-1.591353416442871
0.14265382289886475
-1.5931503772735596
0.14660120010375977
-1.594927430152893
0.1505594253540039
-1.596684455871582
0.15452851355075836
-1.5984210968017578
0.15850844979286194
-1.6001371145248413
0.16249920427799225
-1.6018325090408325
0.1665007770061493
-1.6035068035125732
0.17051315307617188
-1.6051599979400635
0.1745363026857376
-1.6067917346954346
0.1785702109336853
-1.6084017753601074
0.18261486291885376
-1.6099900007247925
0.1866702288389206
-1.6115561723709106
0.19073627889156342
-1.6131000518798828
0.19481298327445984
-1.6146212816238403
0.19890032708644867
-1.6161198616027832
0.20299826562404633
-1.6175953149795532
0.2071067839860916
-1.6190476417541504
0.21122582256793976
-1.620476484298706
0.21535535156726837
-1.6218816041946411
0.21949534118175507
-1.6232627630233765
0.22364573180675507
-1.624619722366333
0.22780649363994598
-1.6259523630142212
0.23197758197784424
-1.6272602081298828
0.23615892231464386
-1.6285432577133179
0.24035049974918365
-1.6298011541366577
0.24455223977565765
-1.6310336589813232
0.24876408278942108
-1.632240653038025
0.25298598408699036
-1.6334216594696045
0.2572178840637207
-1.6345765590667725
0.26145967841148376
-1.6357051134109497
0.26571136713027954
-1.6368069648742676
0.26997286081314087
-1.6378819942474365
0.2742440402507782
-1.6389299631118774
0.27852490544319153
-1.6399505138397217
0.2828153371810913
-1.6409434080123901
0.2871152460575104
-1.6419084072113037
0.29142457246780396
-1.6428453922271729
0.29574325680732727
-1.6437538862228394
0.3000711500644684
-1.6446336507797241
0.3044082224369049
-1.6454846858978271
0.3087543547153473
-1.6463063955307007
0.313109427690506
-1.6470987796783447
0.3174733817577362
-1.647861361503601
0.3218460977077484
-1.6485940217971802
0.32622748613357544
-1.649296522140503
0.33061742782592773
-1.6499685049057007
0.33501580357551575
-1.6506097316741943
0.3394225239753723
-1.6512199640274048
0.3438374400138855
-1.651798963546753
0.34826046228408813
-1.6523463726043701
0.3526914417743683
-1.6528619527816772
0.3571302890777588
-1.6533454656600952
0.3615768253803253
-1.653796672821045
0.3660309612751007
-1.6542152166366577
0.37049251794815063
-1.654600977897644
0.37496140599250793
-1.6549534797668457
0.3794374465942383
-1.6552726030349731
0.38392049074172974
-1.6555581092834473
0.38841041922569275
-1.6558096408843994
0.392907053232193
-1.6560269594192505
0.3974102735519409
-1.6562098264694214
0.4019198417663574
-1.6563578844070435
0.40643566846847534
-1.6564708948135376
0.41095754504203796
-1.6565486192703247
0.41548532247543335
-1.6565909385681152
0.4200188219547272
-1.6565972566604614
0.4245578348636627
-1.6565675735473633
0.42910224199295044
-1.6565015316009521
0.43365177512168884
-1.656398892402649
0.4382063150405884
-1.656259298324585
0.44276562333106995
-1.6560826301574707
0.4473295211791992
-1.6558685302734375
0.45189782977104187
-1.6556167602539062
0.4564702808856964
-1.6553269624710083
0.4610467255115509
-1.654999017715454
0.46562692523002625
-1.6546326875686646
0.47021064162254333
-1.654227614402771
0.47479769587516785
-1.6537835597991943
0.4793878197669983
-1.653300166130066
0.48398080468177795
-1.6527774333953857
0.4885764420032501
-1.6522148847579956
0.4931744337081909
-1.6516122817993164
0.497774600982666
-1.6509695053100586
0.5023766160011292
-1.650286316871643
0.5069803595542908
-1.6495622396469116
0.5115854144096375
-1.6487972736358643
0.5161916613578796
-1.6479910612106323
0.5207987427711487
-1.6471433639526367
0.5254064798355103
-1.6462539434432983
0.5300145149230957
-1.6453226804733276
0.5346226096153259
-1.6443490982055664
0.539230465888977
-1.6433331966400146
0.54383784532547
-1.6422746181488037
0.5484444499015808
-1.6411731243133545
0.5530499219894409
-1.6400285959243774
0.5576540231704712
-1.638840675354004
0.562256395816803
-1.6376093626022339
0.566856861114502
-1.6363341808319092
0.5714549422264099
-1.6350150108337402
0.5760504603385925
-1.6336517333984375
0.5806429982185364
-1.6322441101074219
0.5852323174476624
-1.6307917833328247
0.5898180603981018
-1.6292948722839355
0.5943998694419861
-1.6277527809143066
0.5989774465560913
-1.6261656284332275
0.603550374507904
-1.6245330572128296
0.6081184148788452
-1.6228550672531128
0.6126811504364014
-1.6211313009262085
0.6172382831573486
-1.6193616390228271
0.6217893958091736
-1.6175458431243896
0.6263341307640076
-1.615683913230896
0.6308721899986267
-1.6137754917144775
0.6354031562805176
-1.6118205785751343
0.6399266719818115
-1.609818935394287
0.6444423198699951
-1.6077704429626465
0.6489497423171997
-1.6056749820709229
0.6534486413002014
-1.603532314300537
0.6579384803771973
-1.6013424396514893
0.6624189615249634
-1.5991052389144897
0.6668896079063416
-1.5968204736709595
0.6713501214981079
-1.5944880247116089
0.675800085067749
-1.592107892036438
0.6802389621734619
-1.5896798372268677
0.6846665143966675
-1.5872039794921875
0.6890822052955627
-1.5846799612045288
0.693485677242279
-1.5821079015731812
0.697876513004303
-1.5794875621795654
0.7022542357444763
-1.5768189430236816
0.7066184282302856
-1.5741020441055298
0.7109686732292175
-1.5713367462158203
0.7153045535087585
-1.5685229301452637
0.7196255922317505
-1.5656607151031494
0.7239313721656799
-1.5627498626708984
0.7282214760780334
-1.5597904920578003
0.7324953675270081
-1.5567824840545654
0.7367526888847351
-1.5537259578704834
0.7409929037094116
-1.550620675086975
0.745215654373169
-1.5474668741226196
0.7494204044342041
-1.544264316558838
0.7536066770553589
-1.541013240814209
0.7577740550041199
-1.5377135276794434
0.7619220614433289
-1.5343652963638306
0.7660502791404724
-1.5309685468673706
0.7701581120491028
-1.5275232791900635
0.7742452025413513
-1.5240296125411987
0.778311014175415
-1.520487666130066
0.7823551297187805
-1.5168973207473755
0.786376953125
-1.5132588148117065
0.7903761267662048
-1.509572148323059
0.794352114200592
-1.5058374404907227
0.7983044385910034
-1.5020548105239868
0.8022326231002808
-1.4982243776321411
0.8061361908912659
-1.494346261024475
0.8100146055221558
-1.4904205799102783
0.8138673901557922
-1.4864475727081299
0.8176940679550171
-1.4824272394180298
0.8214942216873169
-1.4783598184585571
0.8252672553062439
-1.4742454290390015
0.8290126919746399
-1.470084309577942
0.8327301144599915
-1.465876579284668
0.8364189863204956
-1.4616225957870483
0.8400787711143494
-1.457322359085083
0.8437090516090393
-1.4529762268066406
0.8473092913627625
-1.4485844373703003
0.8508790731430054
-1.4441471099853516
0.8544178009033203
-1.439664602279663
0.8579249978065491
-1.4351370334625244
0.8614002466201782
-1.4305648803710938
0.8648430705070496
-1.4259482622146606
0.8682528734207153
-1.4212874174118042
0.8716292381286621
-1.4165828227996826
0.8749716877937317
-1.411834716796875
0.8782797455787659
-1.40704345703125
0.8815529346466064
-1.4022091627120972
0.8847907185554504
-1.3973324298858643
0.8879926800727844
-1.3924134969711304
0.8911583423614502
-1.3874527215957642
0.8942872285842896
-1.3824503421783447
0.8973788022994995
-1.3774070739746094
0.9004327058792114
-1.372322916984558
0.9034484028816223
-1.3671985864639282
0.9064254760742188
-1.3620343208312988
0.9093634486198425
-1.3568304777145386
0.9122618436813354
-1.3515876531600952
0.9151202440261841
-1.3463062047958374
0.9179381728172302
-1.3409866094589233
0.9207152724266052
-1.3356293439865112
0.9234510064125061
-1.3302347660064697
0.9261450171470642
-1.3248034715652466
0.9287967681884766
-1.3193359375
0.9314059615135193
-1.3138325214385986
0.9339720606803894
-1.3082939386367798
0.936494767665863
-1.302720546722412
0.938973605632782
-1.2971129417419434
0.9414081573486328
-1.2914716005325317
0.9437980651855469
-1.285797119140625
0.946142852306366
-1.280090093612671
0.948442280292511
-1.2743510007858276
0.950695812702179
-1.2685803174972534
0.952903151512146
-1.262778878211975
0.9550639390945435
-1.2569471597671509
0.9571778178215027
-1.251085638999939
0.9592443704605103
-1.2451950311660767
0.9612632393836975
-1.2392760515213013
0.9632341861724854
-1.2333290576934814
0.9651567339897156
-1.227354884147644
0.9670307040214539
-1.2213541269302368
0.968855619430542
-1.215327501296997
0.9706313014030457
-1.209275484085083
0.9723573923110962
-1.203198790550232
0.974033534526825
-1.1970981359481812
0.9756594896316528
-1.190974235534668
0.977234959602356
-1.1848276853561401
0.9787597060203552
-1.178659200668335
0.9802334308624268
-1.1724694967269897
0.9816558957099915
-1.1662591695785522
0.9830268025398254
-1.1600291728973389
0.9843459129333496
-1.1537799835205078
0.9856130480766296
-1.1475123167037964
0.9868279695510864
-1.1412270069122314
0.9879903793334961
-1.1349247694015503
0.9891001582145691
-1.1286063194274902
0.9901570677757263
-1.1222724914550781
0.9911609888076782
-1.1159237623214722
0.9921116232872009
-1.1095612049102783
0.9930088520050049
-1.1031852960586548
0.9938525557518005
-1.096796989440918
0.9946425557136536
-1.0903970003128052
0.9953786730766296
-1.0839860439300537
0.9960607886314392
-1.0775648355484009
0.9966888427734375
-1.071134328842163
0.9972625970840454
-1.064695119857788
0.9977820515632629
-1.0582480430603027
0.9982470870018005
-1.0517939329147339
0.9986576437950134
-1.0453333854675293
0.9990136027336121
-1.038867473602295
0.9993148446083069
-1.0323967933654785
0.9995614290237427
-1.025922179222107
0.9997532963752747
-1.0194443464279175
0.9998903274536133
-1.0129642486572266
0.9999725818634033
-1.006482481956482
1.0
-1.0
0.9999725818634033
-0.9935174584388733
0.9998903274536133
-0.9870357513427734
0.9997532963752747
-0.9805555939674377
0.9995614290237427
-0.9740778207778931
0.9993148446083069
-0.9676032066345215
0.9990136027336121
-0.9611325263977051
0.9986576437950134
-0.9546665549278259
0.9982470870018005
-0.9482061266899109
0.9977820515632629
-0.941752016544342
0.9972625970840454
-0.9353049397468567
0.9966888427734375
-0.9288657307624817
0.9960607886314392
-0.9224351644515991
0.9953786730766296
-0.9160140156745911
0.9946425557136536
-0.9096029996871948
0.9938525557518005
-0.903203010559082
0.9930088520050049
-0.8968146443367004
0.9921116232872009
-0.8904387950897217
0.9911609888076782
-0.8840761780738831
0.9901570677757263
-0.8777275681495667
0.9891001582145691
-0.871393620967865
0.9879903793334961
-0.8650751709938049
0.9868279695510864
-0.8587729334831238
0.9856130480766296
-0.8524876832962036
0.9843459129333496
-0.846220076084137
0.9830268025398254
-0.8399708867073059
0.9816558957099915
-0.833740770816803
0.9802334308624268
-0.8275305032730103
0.9787597060203552
-0.821340799331665
0.977234959602356
-0.8151723146438599
0.9756594896316528
-0.809025764465332
0.974033534526825
-0.8029018640518188
0.9723573923110962
-0.7968012094497681
0.9706313014030457
-0.7907245755195618
0.968855619430542
-0.7846725583076477
0.9670307040214539
-0.7786458134651184
0.9651567339897156
-0.7726450562477112
0.9632341861724854
-0.7666708827018738
0.9612632393836975
-0.7607239484786987
0.9592443704605103
-0.7548049092292786
0.9571778178215027
-0.748914361000061
0.9550639390945435
-0.7430528402328491
0.952903151512146
-0.7372211217880249
0.950695812702179
-0.7314196228981018
0.948442280292511
-0.7256490588188171
0.946142852306366
-0.7199099659919739
0.9437980651855469
-0.714202880859375
0.9414081573486328
-0.7085283994674683
0.938973605632782
-0.7028870582580566
0.936494767665863
-0.6972794532775879
0.9339720606803894
-0.6917060613632202
0.9314059615135193
-0.6861674189567566
0.9287967681884766
-0.6806640625
0.9261450171470642
-0.6751964688301086
0.9234510064125061
-0.6697651743888855
0.9207152724266052
-0.6643706560134888
0.9179381728172302
-0.6590133309364319
0.9151202440261841
-0.6536937355995178
0.9122618436813354
-0.64841228723526
0.9093634486198425
-0.6431694626808167
0.9064254760742188
-0.637965738773346
0.9034484028816223
-0.6328014731407166
0.9004327058792114
-0.6276770830154419
0.8973788022994995
-0.6225929856300354
0.8942872285842896
-0.6175495982170105
0.8911583423614502
-0.6125473380088806
0.8879926800727844
-0.6075865030288696
0.8847907185554504
-0.6026675701141357
0.8815529346466064
-0.5977907776832581
0.8782797455787659
-0.5929566025733948
0.8749716877937317
-0.5881652235984802
0.8716292381286621
-0.5834171175956726
0.8682528734207153
-0.578712522983551
0.8648430705070496
-0.5740517973899841
0.8614002466201782
-0.5694351196289062
0.8579249978065491
-0.5648629665374756
0.8544178009033203
-0.5603354573249817
0.8508790731430054
-0.5558528900146484
0.8473092913627625
-0.5514155626296997
0.8437090516090393
-0.5470237731933594
0.8400787711143494
-0.542677640914917
0.8364189863204956
-0.5383774042129517
0.8327301144599915
-0.5341233611106873
0.8290126919746399
-0.5299156904220581
0.8252672553062439
-0.5257545709609985
0.8214942216873169
-0.5216402411460876
0.8176940679550171
-0.5175727605819702
0.8138673901557922
-0.5135524272918701
0.8100146055221558
-0.5095793604850769
0.8061361908912659
-0.5056537389755249
0.8022326231002808
-0.5017756223678589
0.7983044385910034
-0.4979451894760132
0.794352114200592
-0.49416255950927734
0.7903761267662048
-0.4904278814792633
0.786376953125
-0.48674121499061584
0.7823551297187805
-0.4831026792526245
0.778311014175415
-0.47951236367225647
0.7742452025413513
-0.4759703278541565
0.7701581120491028
-0.47247666120529175
0.7660502791404724
-0.469031423330307
0.7619220614433289
-0.46563467383384705
0.7577740550041199
-0.46228641271591187
0.7536066770553589
-0.458986759185791
0.7494204044342041
-0.4557356536388397
0.745215654373169
-0.45253318548202515
0.7409929037094116
-0.4493793249130249
0.7367526888847351
-0.4462741017341614
0.7324953675270081
-0.4432174861431122
0.7282214760780334
-0.4402095079421997
0.7239313721656799
-0.4372501075267792
0.7196255922317505
-0.434339314699173
0.7153045535087585
-0.43147704005241394
0.7109686732292175
-0.4286632537841797
0.7066184282302856
-0.4258979558944702
0.7022542357444763
-0.42318102717399597
0.697876513004303
-0.42051243782043457
0.693485677242279
-0.4178921580314636
0.6890822052955627
-0.4153200387954712
0.6846665143966675
-0.4127960801124573
0.6802389621734619
-0.41032013297080994
0.675800085067749
-0.4078921377658844
0.6713501214981079
-0.4055119752883911
0.6668896079063416
-0.4031795561313629
0.6624189615249634
-0.40089479088783264
0.6579384803771973
-0.39865750074386597
0.6534486413002014
-0.3964676260948181
0.6489497423171997
-0.39432501792907715
0.6444423198699951
-0.3922295570373535
0.6399266719818115
-0.3901810646057129
0.6354031562805176
-0.3881794214248657
0.6308721899986267
-0.38622450828552246
0.6263341307640076
-0.3843161463737488
0.6217893958091736
-0.38245415687561035
0.6172382831573486
-0.3806384205818176
0.6126811504364014
-0.3788687288761139
0.6081184148788452
-0.3771449625492096
0.603550374507904
-0.37546688318252563
0.5989774465560913
-0.37383437156677246
0.5943998694419861
-0.37224718928337097
0.5898180603981018
-0.37070518732070923
0.5852323174476624
-0.3692081570625305
0.5806429982185364
-0.3677559196949005
0.5760504603385925
-0.3663482367992401
0.5714549422264099
-0.3649849593639374
0.566856861114502
-0.3636658489704132
0.562256395816803
-0.3623906970024109
0.5576540231704712
-0.3611592948436737
0.5530499219894409
-0.35997143387794495
0.5484444499015808
-0.3588268756866455
0.54383784532547
-0.35772544145584106
0.539230465888977
-0.35666683316230774
0.5346226096153259
-0.3556509017944336
0.5300145149230957
-0.35467737913131714
0.5254064798355103
-0.3537460267543793
0.5207987427711487
-0.3528566360473633
0.5161916613578796
-0.3520089387893677
0.5115854144096375
-0.35120272636413574
0.5069803595542908
-0.350437730550766
0.5023766160011292
-0.3497137129306793
0.497774600982666
-0.34903043508529663
0.4931744337081909
-0.3483876585960388
0.4885764420032501
-0.3477851450443268
0.48398080468177795
-0.34722259640693665
0.4793878197669983
-0.3466998040676117
0.47479769587516785
-0.34621649980545044
0.47021064162254333
-0.3457724153995514
0.46562692523002625
-0.34536731243133545
0.4610467255115509
-0.3450009226799011
0.4564702808856964
-0.3446730077266693
0.45189782977104187
-0.34438326954841614
0.4473295211791992
-0.3441314995288849
0.44276562333106995
-0.3439173698425293
0.4382063150405884
-0.34374067187309265
0.43365177512168884
-0.3436011075973511
0.42910224199295044
-0.34349843859672546
0.4245578348636627
-0.34343239665031433
0.4200188219547272
-0.3434027135372162
0.41548532247543335
-0.34340912103652954
0.41095754504203796
-0.3434513211250305
0.40643566846847534
-0.3435291051864624
0.4019198417663574
-0.34364214539527893
0.3974102735519409
-0.3437902331352234
0.392907053232193
-0.3439730405807495
0.38841041922569275
-0.3441903591156006
0.38392049074172974
-0.34444189071655273
0.3794374465942383
-0.34472736716270447
0.37496140599250793
-0.3450465202331543
0.37049251794815063
-0.34539908170700073
0.3660309612751007
-0.3457847833633423
0.3615768253803253
-0.34620335698127747
0.3571302890777588
-0.3466545641422272
0.3526914417743683
-0.34713807702064514
0.34826046228408813
-0.34765368700027466
0.3438374400138855
-0.34820109605789185
0.3394225239753723
-0.3487800359725952
0.33501580357551575
-0.34939026832580566
0.33061742782592773
-0.3500314950942993
0.32622748613357544
-0.35070347785949707
0.3218460977077484
-0.35140594840049744
0.3174733817577362
-0.3521386384963989
0.313109427690506
-0.35290127992630005
0.3087543547153473
-0.3536936044692993
0.3044082224369049
-0.3545153737068176
0.3000711500644684
-0.3553662896156311
0.29574325680732727
-0.35624614357948303
0.29142457246780396
-0.35715463757514954
0.2871152460575104
-0.3580915629863739
0.2828153371810913
-0.35905659198760986
0.27852490544319153
-0.3600495159626007
0.2742440402507782
-0.36107006669044495
0.26997286081314087
-0.3621179759502411
0.26571136713027954
-0.3631930351257324
0.26145967841148376
-0.36429494619369507
0.2572178840637207
-0.3654234707355499
0.25298598408699036
-0.3665783703327179
0.24876408278942108
-0.3677593767642975
0.24455223977565765
-0.368966281414032
0.24035049974918365
-0.3701988160610199
0.23615892231464386
-0.37145671248435974
0.23197758197784424
-0.3727397322654724
0.22780649363994598
-0.3740476667881012
0.22364573180675507
-0.375380277633667
0.21949534118175507
-0.3767372667789459
0.21535535156726837
-0.37811845541000366
0.21122582256793976
-0.3795235753059387
0.2071067839860916
-0.380952388048172
0.20299826562404633
-0.3824046552181244
0.19890032708644867
-0.3838801681995392
0.19481298327445984
-0.3853786885738373
0.19073627889156342
-0.3868999779224396
0.1866702288389206
-0.38844382762908936
0.18261486291885376
-0.39000996947288513
0.1785702109336853
-0.3915981948375702
0.1745363026857376
-0.3932082951068878
0.17051315307617188
-0.3948400318622589
0.1665007770061493
-0.39649319648742676
0.16249920427799225
-0.39816752076148987
0.15850844979286194
-0.3998628556728363
0.15452851355075836
-0.40157896280288696
0.1505594253540039
-0.40331557393074036
0.14660120010375977
-0.40507254004478455
0.14265382289886475
-0.40684962272644043
0.13871732354164124
-0.4086465835571289
0.13479170203208923
-0.41046327352523804
0.13087695837020874
-0.41229942440986633
0.12697309255599976
-0.41415485739707947
0.12308012694120407
-0.4160293936729431
0.1191980391740799
-0.4179227650165558
0.11532683670520782
-0.41983482241630554
0.11146651953458786
-0.4217653274536133
0.1076170802116394
-0.4237141013145447
0.10377850383520126
-0.4256809651851654
0.09995079785585403
-0.42766568064689636
0.09613394737243652
-0.4296680688858032
0.09232794493436813
-0.43168795108795166
0.08853277564048767
-0.43372511863708496
0.08474843204021454
-0.4357793927192688
0.08097489178180695
-0.43785056471824646
0.0772121474146843
-0.439938485622406
0.0734601840376854
-0.44204291701316833
0.06971897929906845
-0.4441637396812439
0.06598851084709167
-0.4463007152080536
0.06226877123117447
-0.4484536647796631
0.058559734374284744
-0.45062243938446045
0.05486137419939041
-0.45280686020851135
0.05117367208003998
-0.45500674843788147
0.047496601939201355
-0.4572218954563141
0.04383014142513275
-0.45945215225219727
0.04017426073551178
-0.4616973400115967
0.03652893751859665
-0.4639573097229004
0.03289413824677467
-0.4662318825721741
0.029269836843013763
-0.468520849943161
0.02565600350499153
-0.47082412242889404
0.02205260843038559
-0.47314146161079407
0.018459618091583252
-0.47547274827957153
0.014877000823616982
-0.4778178036212921
0.011304723098874092
-0.48017647862434387
0.007742749992758036
-0.4825485944747925
0.004191046580672264
-0.484934002161026
0.0006495772977359593
-0.4873325824737549
-0.002881694817915559
-0.4897441267967224
-0.006402807310223579
-0.49216848611831665
-0.009913798421621323
-0.49460554122924805
-0.013414706103503704
-0.49705514311790466
-0.01690557226538658
-0.4995171129703522
-0.020386435091495514
-0.501991331577301
-0.02385733835399151
-0.5044776201248169
-0.02731831930577755
-0.5069758296012878
-0.030769426375627518
-0.5094859004020691
-0.0342106968164444
-0.5120075941085815
-0.03764217719435692
-0.5145407915115356
-0.04106391593813896
-0.5170853734016418
-0.04447595030069351
-0.5196412205696106
-0.04787832871079445
-0.5222081542015076
-0.051271095871925354
-0.5247860550880432
-0.054654303938150406
-0.5273747444152832
-0.058027997612953186
-0.5299742221832275
-0.061392221599817276
-0.5325841903686523
-0.06474702805280685
-0.5352046489715576
-0.0680924579501152
-0.5378353595733643
-0.0714285746216774
-0.5404763221740723
-0.07475541532039642
-0.5431272983551025
-0.07807303220033646
-0.5457882285118103
-0.08138147741556168
-0.5484589338302612
-0.08468081057071686
-0.5511393547058105
-0.08797106891870499
-0.5538293123245239
-0.09125231206417084
-0.5565287470817566
-0.09452459216117859
-0.5592374801635742
-0.09778796136379242
-0.5619553923606873
-0.1010424792766571
-0.5646824240684509
-0.10428818315267563
-0.5674184560775757
-0.10752514004707336
-0.5701633095741272
-0.11075340211391449
-0.5729169249534607
-0.11397302150726318
-0.5756791234016418
-0.11718405783176422
-0.5784499049186707
-0.12038656324148178
-0.5812290906906128
-0.12358058989048004
-0.5840165615081787
-0.12676618993282318
-0.5868121981620789
-0.12994344532489777
-0.5896160006523132
-0.13311238586902618
-0.5924277305603027
-0.1362730711698532
-0.5952473282814026
-0.13942557573318481
-0.598074734210968
-0.14256992936134338
-0.6009098291397095
-0.14570622146129608
-0.6037524938583374
-0.1488344818353653
-0.6066026091575623
-0.151954784989357
-0.6094600558280945
-0.15506719052791595
-0.6123248338699341
-0.15817174315452576
-0.6151967644691467
-0.16126851737499237
-0.6180758476257324
-0.16435757279396057
-0.6209618449211121
-0.16743895411491394
-0.6238547563552856
-0.17051272094249725
-0.6267544627189636
-0.17357894778251648
-0.6296608448028564
-0.1766376942396164
-0.6325738430023193
-0.17968900501728058
-0.6354933977127075
-0.1827329397201538
-0.6384193897247314
-0.18576958775520325
-0.6413517594337463
-0.18879897892475128
-0.6442903280258179
-0.19182118773460388
-0.647235095500946
-0.19483625888824463
-0.6501859426498413
-0.19784428179264069
-0.6531428098678589
-0.20084530115127563
-0.6561055779457092
-0.20383937656879425
-0.6590741872787476
-0.2068265825510025
-0.6620485186576843
-0.20980696380138397
-0.6650285124778748
-0.21278059482574463
-0.6680141687393188
-0.21574752032756805
-0.6710052490234375
-0.2187078297138214
-0.6740018129348755
-0.22166156768798828
-0.6770037412643433
-0.22460879385471344
-0.6800109148025513
-0.22754956781864166
-0.6830232739448547
-0.23048396408557892
-0.6860407590866089
-0.23341205716133118
-0.689063310623169
-0.23633387684822083
-0.6920908093452454
-0.23924951255321503
-0.6951232552528381
-0.24215900897979736
-0.6981604695320129
-0.2450624406337738
-0.7012025117874146
-0.24795986711978912
-0.7042491436004639
-0.2508513331413269
-0.7073004245758057
-0.2537369430065155
-0.7103562951087952
-0.2566167414188385
-0.713416576385498
-0.2594907879829407
-0.7164812684059143
-0.2623591125011444
-0.7195503115653992
-0.26522183418273926
-0.7226235866546631
-0.26807901263237
-0.725701093673706
-0.2709306478500366
-0.7287827134132385
-0.2737768888473511
-0.7318684458732605
-0.27661773562431335
-0.7349581718444824
-0.2794532775878906
-0.7380517721176147
-0.28228357434272766
-0.7411493062973022
-0.28510868549346924
-0.7442506551742554
-0.2879287004470825
-0.7473557591438293
-0.2907436490058899
-0.7504644989967346
-0.2935536205768585
-0.753576934337616
-0.2963586449623108
-0.7566928863525391
-0.29915881156921387
-0.7598123550415039
-0.3019541800022125
-0.7629353404045105
-0.3047448396682739
-0.7660616040229797
-0.30753079056739807
-0.7691912651062012
-0.3103121519088745
-0.7723242044448853
-0.313088983297348
-0.7754603624343872
-0.315861314535141
-0.7785996198654175
-0.31862926483154297
-0.7817420363426208
-0.32139283418655396
-0.7848874926567078
-0.3241521418094635
-0.7880358695983887
-0.326907217502594
-0.7911872863769531
-0.3296581208705902
-0.794341504573822
-0.3324049413204193
-0.7974985837936401
-0.3351477384567261
-0.8006584644317627
-0.3378865718841553
-0.8038210272789001
-0.3406214714050293
-0.8069862723350525
-0.3433525562286377
-0.810154139995575
-0.34607988595962524
-0.813324511051178
-0.34880349040031433
-0.8164974451065063
-0.3515234589576721
-0.8196728825569153
-0.354239821434021
-0.8228507041931152
-0.3569526970386505
-0.8260308504104614
-0.35966211557388306
-0.8292133212089539
-0.3623681366443634
-0.8323980569839478
-0.36507081985473633
-0.8355850577354431
-0.367770254611969
-0.8387741446495056
-0.3704665005207062
-0.84196537733078
-0.37315961718559265
-0.8451586961746216
-0.3758496642112732
-0.8483540415763855
-0.3785367012023926
-0.851551353931427
-0.3812207877635956
-0.8547505736351013
-0.38390201330184937
-0.8579517006874084
-0.3865804076194763
-0.8611546158790588
-0.389256089925766
-0.8643593788146973
-0.3919290602207184
-0.8675658106803894
-0.39459940791130066
-0.8707740306854248
-0.39726722240448
-0.8739838600158691
-0.39993253350257874
-0.8771952986717224
-0.4025954008102417
-0.8804082870483398
-0.4052559435367584
-0.8836227655410767
-0.4079141616821289
-0.8868387937545776
-0.4105701446533203
-0.8900561928749084
-0.4132239520549774
-0.8932750225067139
-0.4158756732940674
-0.8964951634407043
-0.4185253381729126
-0.8997166156768799
-0.42117300629615784
-0.9029393196105957
-0.42381876707077026
-0.9061632752418518
-0.42646270990371704
-0.9093883633613586
-0.42910483479499817
-0.9126145839691162
-0.4317452311515808
-0.9158418774604797
-0.43438398838043213
-0.9190702438354492
-0.4370211362838745
-0.9222996234893799
-0.43965673446655273
-0.925529956817627
-0.44229090213775635
-0.9287611842155457
-0.44492363929748535
-0.9319933652877808
-0.4475550353527069
-0.935226321220398
-0.4501851797103882
-0.938460111618042
-0.45281410217285156
-0.9416946172714233
-0.4554418623447418
-0.9449298977851868
-0.4580685496330261
-0.9481658339500427
-0.46069419384002686
-0.9514023661613464
-0.46331891417503357
-0.9546395540237427
-0.46594271063804626
-0.9578772187232971
-0.4685657024383545
-0.9611154794692993
-0.47118791937828064
-0.9643541574478149
-0.4738094210624695
-0.9675933122634888
-0.4764302968978882
-0.970832884311676
-0.4790506064891815
-0.9740727543830872
-0.48167040944099426
-0.9773129820823669
-0.4842897355556488
-0.9805534482002258
-0.4869087040424347
-0.9837942123413086
-0.4895273447036743
-0.9870350956916809
-0.49214571714401245
-0.9902762174606323
-0.49476394057273865
-0.9935173988342285
-0.4973819851875305
-0.9967586994171143
-0.4973819851875305
-0.9967586994171143
-0.4973819851875305
-0.9967586994171143
-0.4973819851875305
-0.9967586994171143
-0.4973819851875305
-0.9967586994171143
-0.4973819851875305
-0.9967586994171143
0.0
0.0
0.0
0.0
0.0
0.0
0.0
0.0
0.0
0.0
0.0
0.0
0.0
0.0
0.0
0.0
0.0
0.0
0.0
0.0
0.0
0.0
0.0
0.0
0.0
0.0
0.0
0.0
0.0
0.0
0.0
0.0
0.0
0.0
0.0
0.0
0.0
0.0
0.0
0.0
0.0
0.0
0.0
0.0
0.0
0.0
0.0
0.0
0.0
0.0
0.0
0.0
0.0
0.0
0.0
0.0
0.0
0.0
0.0
0.0
0.0
0.0
0.0
0.0
0.0
0.0
0.0
0.0
0.0
0.0
0.0
0.0
0.0
0.0
0.0
0.0
0.0
0.0
0.0
0.0
0.0
0.0
0.0
0.0
0.0
0.0
0.0
0.0
0.0
0.0
0.0
0.0
0.0
0.0
0.0
0.0
0.0
0.0
0.0
0.0
0.0
0.0
0.0
0.0
0.0
0.0
0.0
0.0
0.0
0.0
0.0
0.0
0.0
0.0
0.0
0.0
0.0
0.0
0.0
0.0
0.0
0.0
0.0
0.0
0.0
0.0
0.0
0.0
0.0
0.0
0.0
0.0
0.0
0.0
0.0
0.0
0.0
0.0
0.0
0.0
0.0
0.0
0.0
0.0
0.0
0.0
0.0
0.0
0.0
0.0
0.0
0.0
0.0
0.0
0.0
0.0
0.0
0.0
0.0
0.0
