0.9941656589508057
-0.003927042707800865
0.9883315563201904
-0.007854394614696503
0.9824978709220886
-0.011782367713749409
0.9766649007797241
-0.01571127027273178
0.970832884311676
-0.019641414284706116
0.9650020003318787
-0.02357310801744461
0.9591724872589111
-0.027506662532687187
0.9533445835113525
-0.03144238516688347
0.9475185871124268
-0.03538059443235397
0.9416946172714233
-0.03932159021496773
0.9358730316162109
-0.0432656891644001
0.9300539493560791
-0.047213200479745865
0.9242377281188965
-0.05116443336009979
0.9184244871139526
-0.055119700729846954
0.9126145839691162
-0.05907931178808212
0.9068081974983215
-0.06304357200860977
0.9010055661201477
-0.06701280176639557
0.8952069282531738
-0.07098730653524399
0.8894125819206238
-0.0749673992395401
0.8836227655410767
-0.07895338535308838
0.8778377771377563
-0.08294558525085449
0.8720577359199524
-0.08694430440664291
0.8662830591201782
-0.09094984829425812
0.8605138659477234
-0.09496253728866577
0.8547505736351013
-0.09898267686367035
0.8489933609962463
-0.10301058739423752
0.8432424664497375
-0.10704656690359116
0.8374982476234436
-0.11109094321727753
0.8317609429359436
-0.11514400690793991
0.8260308504104614
-0.11920608580112457
0.820308268070221
-0.12327749282121658
0.8145934343338013
-0.12735852599143982
0.8088866472244263
-0.13144950568675995
0.8031882643699646
-0.13555073738098145
0.7974985837936401
-0.13966254889965057
0.7918179035186768
-0.1437852382659912
0.7861464619636536
-0.14791911840438843
0.780484676361084
-0.1520644873380661
0.7748328447341919
-0.1562216877937317
0.7691912651062012
-0.16039100289344788
0.7635602951049805
-0.16457276046276093
0.7579402923583984
-0.16876725852489471
0.752331554889679
-0.1729748249053955
0.7467344403266907
-0.177195742726326
0.7411493062973022
-0.18143035471439362
0.7355765700340271
-0.18567894399166107
0.7300165295600891
-0.18994183838367462
0.7244696021080017
-0.19421933591365814
0.7189361453056335
-0.1985117495059967
0.713416576385498
-0.20281939208507538
0.7079112529754639
-0.20714256167411804
0.7024205923080444
-0.21148157119750977
0.6969450116157532
-0.21583671867847443
0.6914849281311035
-0.2202083319425583
0.6860407590866089
-0.22459669411182404
0.6806129813194275
-0.22900211811065674
0.675201952457428
-0.23342491686344147
0.6698081493377686
-0.2378653734922409
0.6644321084022522
-0.24232381582260132
0.6590741872787476
-0.2468005120754242
0.6537348628044128
-0.251295804977417
0.6484147310256958
-0.2558099329471588
0.6431141495704651
-0.2603432536125183
0.6378337144851685
-0.264896035194397
0.6325738430023193
-0.26946860551834106
0.6273351907730103
-0.2740612030029297
0.6221181750297546
-0.2786741256713867
0.6169233918190002
-0.2833077013492584
0.6117513179779053
-0.2879622280597687
0.6066026091575623
-0.2926379442214966
0.6014777421951294
-0.297335147857666
0.5963773727416992
-0.30205413699150085
0.5913020968437195
-0.3067951798439026
0.5862524509429932
-0.3115585446357727
0.5812290906906128
-0.3163445293903351
0.5762326121330261
-0.3211534023284912
0.5712637305259705
-0.3259854316711426
0.5663229823112488
-0.3308408856391907
0.5614110827445984
-0.3357200026512146
0.5565287470817566
-0.34062308073043823
0.5516765713691711
-0.3455503582954407
0.5468553304672241
-0.350502073764801
0.5420657396316528
-0.35547852516174316
0.537308394908905
-0.3604798913002014
0.5325841903686523
-0.36550647020339966
0.5278937816619873
-0.370558500289917
0.5232380032539368
-0.37563619017601013
0.5186175107955933
-0.3807397484779358
0.5140332579612732
-0.38586944341659546
0.5094859004020691
-0.39102548360824585
0.5049763321876526
-0.3962080478668213
0.5005053281784058
-0.40141740441322327
0.49607381224632263
-0.4066537022590637
0.49168258905410767
-0.41191717982292175
0.4873325824737549
-0.4172079861164093
0.48302462697029114
-0.4225263297557831
0.47875964641571045
-0.4278723895549774
0.47453856468200684
-0.43324631452560425
0.4703623354434967
-0.4386482834815979
0.4662318825721741
-0.4440784454345703
0.46214815974235535
-0.4495369493961334
0.4581121802330017
-0.45502394437789917
0.45412495732307434
-0.4605395495891571
0.45018744468688965
-0.46608391404151917
0.4463007152080536
-0.4716570973396301
0.44246578216552734
-0.47725924849510193
0.43868374824523926
-0.48289042711257935
0.4349556267261505
-0.48855072259902954
0.43128257989883423
-0.4942402243614197
0.42766568064689636
-0.49995899200439453
0.42410603165626526
-0.5057070851325989
0.4206048250198364
-0.5114845037460327
0.4171631634235382
-0.5172913074493408
0.4137822389602661
-0.5231274962425232
0.41046327352523804
-0.5289930701255798
0.4072074294090271
-0.5348880290985107
0.4040159285068512
-0.5408123731613159
0.4008900225162506
-0.5467659831047058
0.397830992937088
-0.5527488589286804
0.3948400318622589
-0.558760941028595
0.39191848039627075
-0.5648021697998047
0.3890676200389862
-0.5708723068237305
0.38628876209259033
-0.5769714117050171
0.3835832178592682
-0.5830992460250854
0.380952388048172
-0.5892556309700012
0.37839755415916443
-0.5954405069351196
0.3759201467037201
-0.6016536355018616
0.3735215365886688
-0.6078947186470032
0.37120309472084045
-0.6141636967658997
0.368966281414032
-0.6204602122306824
0.36681249737739563
-0.6267840266227722
0.364743173122406
-0.6331348419189453
0.3627597689628601
-0.639512300491333
0.36086374521255493
-0.645916223526001
0.35905659198760986
-0.652346134185791
0.3573397696018219
-0.6588016152381897
0.3557147681713104
-0.6652824282646179
0.3541831374168396
-0.6717879772186279
0.3527463674545288
-0.6783179044723511
0.35140594840049744
-0.6848717331886292
0.35016345977783203
-0.691448986530304
0.349020391702652
-0.698049008846283
0.3479783236980438
-0.7046713829040527
0.34703880548477173
-0.7113155126571655
0.34620335698127747
-0.717980682849884
0.34547358751296997
-0.7246663570404053
0.34485098719596863
-0.7313718199729919
0.34433719515800476
-0.7380963563919067
0.34393373131752014
-0.7448393106460571
0.34364214539527893
-0.7515998482704163
0.34346404671669006
-0.7583772540092468
0.3434009552001953
-0.7651706337928772
0.3434544503688812
-0.7719791531562805
0.34362608194351196
-0.7788019180297852
0.3439173698425293
-0.7856380343437195
0.3443298935890198
-0.7924865484237671
0.3448651432991028
-0.799346387386322
0.34552469849586487
-0.8062166571617126
0.346310019493103
-0.8130962252616882
0.34722259640693665
-0.8199840188026428
0.3482639491558075
-0.8268789052963257
0.3494355380535126
-0.8337796926498413
0.3507387936115265
-0.8406851887702942
0.35217514634132385
-0.8475942015647888
0.3537460267543793
-0.8545054197311401
0.3554528057575226
-0.8614174723625183
0.3572968542575836
-0.8683291673660278
0.3592795133590698
-0.8752389550209045
0.36140209436416626
-0.8821455240249634
0.3636658489704132
-0.889047384262085
0.36607202887535095
-0.8959429860115051
0.3686218857765198
-0.9028308391571045
0.3713165819644928
-0.9097093939781189
0.37415722012519836
-0.9165769815444946
0.3771449625492096
-0.9234319925308228
0.3802807927131653
-0.9302727580070496
0.3835657835006714
-0.9370975494384766
0.3870008885860443
-0.9439045190811157
0.3905870020389557
-0.9506919980049133
0.39432501792907715
-0.9574581384658813
0.39821574091911316
-0.964201033115387
0.4022599458694458
-0.9709187746047974
0.40645831823349
-0.9776095151901245
0.41081148386001587
-0.9842711687088013
0.4153200387954712
-0.9909018278121948
0.41998451948165894
-0.9974994659423828
0.4248053729534149
-1.0040619373321533
0.4297829568386078
-1.0105873346328735
0.4349175989627838
-1.0170732736587524
0.4402095079421997
-1.0235178470611572
0.4456588923931122
-1.0299187898635864
0.451265811920166
-1.0362739562988281
0.4570302665233612
-1.0425809621810913
0.462952196598053
-1.048837661743164
0.469031423330307
-1.0550419092178345
0.4752677381038666
-1.061191201210022
0.48166075348854065
-1.0672833919525146
0.48821011185646057
-1.073316216468811
0.494915246963501
-1.079287052154541
0.5017756223678589
-1.0851938724517822
0.5087904334068298
-1.0910340547561646
0.5159589648246765
-1.096805453300476
0.5232803225517273
-1.1025055646896362
0.530753493309021
-1.108132004737854
0.5383774042129517
-1.113682508468628
0.5461508631706238
-1.119154453277588
0.5540725588798523
-1.124545693397522
0.5621410608291626
-1.1298537254333496
0.5703549385070801
-1.1350761651992798
0.578712522983551
-1.140210747718811
0.5872121453285217
-1.1452549695968628
0.5958520174026489
-1.1502065658569336
0.6046301126480103
-1.1550631523132324
0.6135444641113281
-1.1598225831985474
0.6225929856300354
-1.1644823551177979
0.6317733526229858
-1.169040322303772
0.641083300113678
-1.1734941005706787
0.6505202651023865
-1.1778416633605957
0.6600818037986755
-1.1820807456970215
0.6697651743888855
-1.1862092018127441
0.6795676946640015
-1.1902248859405518
0.6894863843917847
-1.1941256523132324
0.6995184421539307
-1.1979095935821533
0.7096606492996216
-1.2015748023986816
0.7199099659919739
-1.205119013786316
0.7302630543708801
-1.208540678024292
0.7407165765762329
-1.2118377685546875
0.75126713514328
-1.2150083780288696
0.761911153793335
-1.2180510759353638
0.7726450562477112
-1.220963954925537
0.7834651470184326
-1.2237454652786255
0.7943676114082336
-1.2263940572738647
0.8053486347198486
-1.2289083003997803
0.8164042830467224
-1.231286644935608
0.8275305032730103
-1.2335278987884521
0.8387233018875122
-1.2356306314468384
0.8499784469604492
-1.2375937700271606
0.8612918853759766
-1.2394160032272339
0.8726592063903809
-1.2410964965820312
0.8840761780738831
-1.2426341772079468
0.8955384492874146
-1.244028091430664
0.9070416688919067
-1.2452775239944458
0.9185813069343567
-1.2463816404342651
0.9301528930664062
-1.2473399639129639
0.941752016544342
-1.2481517791748047
0.9533740282058716
-1.2488166093826294
0.9650143980979919
-1.2493340969085693
0.9766685962677002
-1.2497040033340454
0.9883319735527039
-1.249925971031189
1.0
-1.25
1.0116679668426514
-1.249925971031189
1.0233314037322998
-1.2497040033340454
1.0349855422973633
-1.2493340969085693
1.0466259717941284
-1.2488166093826294
1.0582480430603027
-1.2481517791748047
1.0698471069335938
-1.2473399639129639
1.081418752670288
-1.2463816404342651
1.0929583311080933
-1.2452775239944458
1.1044615507125854
-1.244028091430664
1.1159237623214722
-1.2426341772079468
1.1273407936096191
-1.2410964965820312
1.1387081146240234
-1.2394160032272339
1.1500215530395508
-1.2375937700271606
1.1612766981124878
-1.2356306314468384
1.1724694967269897
-1.2335278987884521
1.1835957765579224
-1.231286644935608
1.1946513652801514
-1.2289083003997803
1.2056323289871216
-1.2263940572738647
1.2165348529815674
-1.2237454652786255
1.227354884147644
-1.220963954925537
1.238088846206665
-1.2180510759353638
1.2487329244613647
-1.2150083780288696
1.259283423423767
-1.2118377685546875
1.2697370052337646
-1.208540678024292
1.280090093612671
-1.205119013786316
1.2903393507003784
-1.2015748023986816
1.3004815578460693
-1.1979095935821533
1.3105136156082153
-1.1941256523132324
1.3204323053359985
-1.1902248859405518
1.3302347660064697
-1.1862092018127441
1.3399182558059692
-1.1820807456970215
1.3494796752929688
-1.1778416633605957
1.3589167594909668
-1.1734941005706787
1.3682266473770142
-1.169040322303772
1.3774070739746094
-1.1644823551177979
1.3864555358886719
-1.1598225831985474
1.3953698873519897
-1.1550631523132324
1.404147982597351
-1.1502065658569336
1.4127877950668335
-1.1452549695968628
1.4212874174118042
-1.140210747718811
1.42964506149292
-1.1350761651992798
1.4378589391708374
-1.1298537254333496
1.4459275007247925
-1.124545693397522
1.453849196434021
-1.119154453277588
1.4616225957870483
-1.113682508468628
1.469246506690979
-1.108132004737854
1.476719617843628
-1.1025055646896362
1.4840409755706787
-1.096805453300476
1.4912095069885254
-1.0910340547561646
1.4982243776321411
-1.0851938724517822
1.505084753036499
-1.079287052154541
1.5117899179458618
-1.073316216468811
1.5183392763137817
-1.0672833919525146
1.524732232093811
-1.061191201210022
1.5309685468673706
-1.0550419092178345
1.5370478630065918
-1.048837661743164
1.5429697036743164
-1.0425809621810913
1.548734188079834
-1.0362739562988281
1.5543410778045654
-1.0299187898635864
1.5597904920578003
-1.0235178470611572
1.5650824308395386
-1.0170732736587524
1.5702170133590698
-1.0105873346328735
1.5751945972442627
-1.0040619373321533
1.5800154209136963
-0.9974994659423828
1.5846799612045288
-0.9909018278121948
1.589188575744629
-0.9842711687088013
1.5935417413711548
-0.9776095151901245
1.5977400541305542
-0.9709187746047974
1.6017842292785645
-0.964201033115387
1.6056749820709229
-0.9574581384658813
1.6094130277633667
-0.9506919980049133
1.6129990816116333
-0.9439045190811157
1.6164342164993286
-0.9370975494384766
1.61971914768219
-0.9302727580070496
1.6228550672531128
-0.9234319925308228
1.625842809677124
-0.9165769815444946
1.6286834478378296
-0.9097093939781189
1.6313780546188354
-0.9028308391571045
1.6339279413223267
-0.8959429860115051
1.6363341808319092
-0.889047384262085
1.6385979652404785
-0.8821455240249634
1.6407204866409302
-0.8752389550209045
1.6427031755447388
-0.8683291673660278
1.6445472240447998
-0.8614174723625183
1.6462539434432983
-0.8545054197311401
1.6478248834609985
-0.8475942015647888
1.649261236190796
-0.8406851887702942
1.650564432144165
-0.8337796926498413
1.6517360210418701
-0.8268789052963257
1.6527774333953857
-0.8199840188026428
1.653689980506897
-0.8130962252616882
1.6544753313064575
-0.8062166571617126
1.6551347970962524
-0.799346387386322
1.655670166015625
-0.7924865484237671
1.6560826301574707
-0.7856380343437195
1.6563739776611328
-0.7788019180297852
1.6565455198287964
-0.7719791531562805
1.6565990447998047
-0.7651706337928772
1.6565359830856323
-0.7583772540092468
1.6563578844070435
-0.7515998482704163
1.6560662984848022
-0.7448393106460571
1.6556627750396729
-0.7380963563919067
1.655148983001709
-0.7313718199729919
1.6545264720916748
-0.7246663570404053
1.653796672821045
-0.717980682849884
1.652961254119873
-0.7113155126571655
1.6520216464996338
-0.7046713829040527
1.6509796380996704
-0.698049008846283
1.649836540222168
-0.691448986530304
1.6485940217971802
-0.6848717331886292
1.6472536325454712
-0.6783179044723511
1.6458168029785156
-0.6717879772186279
1.6442852020263672
-0.6652824282646179
1.6426602602005005
-0.6588016152381897
1.6409434080123901
-0.652346134185791
1.6391361951828003
-0.645916223526001
1.6372402906417847
-0.639512300491333
1.6352568864822388
-0.6331348419189453
1.6331875324249268
-0.6267840266227722
1.6310336589813232
-0.6204602122306824
1.628796935081482
-0.6141636967658997
1.6264784336090088
-0.6078947186470032
1.6240798234939575
-0.6016536355018616
1.6216024160385132
-0.5954405069351196
1.6190476417541504
-0.5892556309700012
1.6164168119430542
-0.5830992460250854
1.6137112379074097
-0.5769714117050171
1.6109323501586914
-0.5708723068237305
1.608081579208374
-0.5648021697998047
1.6051599979400635
-0.558760941028595
1.6021690368652344
-0.5527488589286804
1.5991100072860718
-0.5467659831047058
1.5959841012954712
-0.5408123731613159
1.5927926301956177
-0.5348880290985107
1.5895367860794067
-0.5289930701255798
1.5862177610397339
-0.5231274962425232
1.5828368663787842
-0.5172913074493408
1.5793951749801636
-0.5114845037460327
1.5758939981460571
-0.5057070851325989
1.5723342895507812
-0.49995899200439453
1.5687174797058105
-0.4942402243614197
1.5650444030761719
-0.48855072259902954
1.5613162517547607
-0.48289042711257935
1.5575342178344727
-0.47725924849510193
1.553699254989624
-0.4716570973396301
1.5498125553131104
-0.46608391404151917
1.545875072479248
-0.4605395495891571
1.5418877601623535
-0.45502394437789917
1.5378518104553223
-0.4495369493961334
1.5337681770324707
-0.4440784454345703
1.5296376943588257
-0.4386482834815979
1.5254614353179932
-0.43324631452560425
1.5212403535842896
-0.4278723895549774
1.5169754028320312
-0.4225263297557831
1.5126674175262451
-0.4172079861164093
1.5083173513412476
-0.41191717982292175
1.503926157951355
-0.4066537022590637
1.4994946718215942
-0.40141740441322327
1.4950237274169922
-0.3962080478668213
1.4905141592025757
-0.39102548360824585
1.4859668016433716
-0.38586944341659546
1.4813824892044067
-0.3807397484779358
1.476762056350708
-0.37563619017601013
1.4721062183380127
-0.370558500289917
1.4674158096313477
-0.36550647020339966
1.4626915454864502
-0.3604798913002014
1.4579342603683472
-0.35547852516174316
1.4531446695327759
-0.350502073764801
1.448323369026184
-0.3455503582954407
1.4434713125228882
-0.34062308073043823
1.4385888576507568
-0.3357200026512146
1.433677077293396
-0.3308408856391907
1.4287363290786743
-0.3259854316711426
1.423767328262329
-0.3211534023284912
1.4187709093093872
-0.3163445293903351
1.4137475490570068
-0.3115585446357727
1.4086979627609253
-0.3067951798439026
1.4036226272583008
-0.30205413699150085
1.3985222578048706
-0.297335147857666
1.3933974504470825
-0.2926379442214966
1.3882486820220947
-0.2879622280597687
1.3830766677856445
-0.2833077013492584
1.3778818845748901
-0.2786741256713867
1.3726648092269897
-0.2740612030029297
1.3674261569976807
-0.26946860551834106
1.3621662855148315
-0.264896035194397
1.3568859100341797
-0.2603432536125183
1.3515852689743042
-0.2558099329471588
1.3462650775909424
-0.251295804977417
1.3409258127212524
-0.2468005120754242
1.3355679512023926
-0.24232381582260132
1.3301918506622314
-0.2378653734922409
1.3247981071472168
-0.23342491686344147
1.3193870782852173
-0.22900211811065674
1.3139592409133911
-0.22459669411182404
1.3085150718688965
-0.2202083319425583
1.303054928779602
-0.21583671867847443
1.2975794076919556
-0.21148157119750977
1.2920887470245361
-0.20714256167411804
1.286583423614502
-0.20281939208507538
1.2810639142990112
-0.1985117495059967
1.275530457496643
-0.19421933591365814
1.2699834108352661
-0.18994183838367462
1.2644234895706177
-0.18567894399166107
1.2588506937026978
-0.18143035471439362
1.253265619277954
-0.177195742726326
1.2476685047149658
-0.1729748249053955
1.2420597076416016
-0.16876725852489471
1.2364397048950195
-0.16457276046276093
1.2308087348937988
-0.16039100289344788
1.225167155265808
-0.1562216877937317
1.219515323638916
-0.1520644873380661
1.2138534784317017
-0.14791911840438843
1.2081820964813232
-0.1437852382659912
1.2025014162063599
-0.13966254889965057
1.1968116760253906
-0.13555073738098145
1.1911133527755737
-0.13144950568675995
1.1854065656661987
-0.12735852599143982
1.1796917915344238
-0.12327749282121658
1.1739691495895386
-0.11920608580112457
1.1682389974594116
-0.11514400690793991
1.1625016927719116
-0.11109094321727753
1.1567574739456177
-0.10704656690359116
1.1510066986083984
-0.10301058739423752
1.1452494859695435
-0.09898267686367035
1.1394860744476318
-0.09496253728866577
1.1337169408798218
-0.09094984829425812
1.1279422044754028
-0.08694430440664291
1.1221622228622437
-0.08294558525085449
1.1163772344589233
-0.07895338535308838
1.1105873584747314
-0.0749673992395401
1.1047930717468262
-0.07098730653524399
1.098994493484497
-0.06701280176639557
1.0931918621063232
-0.06304357200860977
1.0873854160308838
-0.05907931178808212
1.0815755128860474
-0.055119700729846954
1.0757622718811035
-0.05116443336009979
1.069946050643921
-0.047213200479745865
1.064126968383789
-0.0432656891644001
1.0583053827285767
-0.03932159021496773
1.0524814128875732
-0.03538059443235397
1.0466554164886475
-0.03144238516688347
1.0408275127410889
-0.027506662532687187
1.0349980592727661
-0.02357310801744461
1.0291671752929688
-0.019641414284706116
1.0233350992202759
-0.01571127027273178
1.0175020694732666
-0.011782367713749409
1.0116684436798096
-0.007854394614696503
1.0058343410491943
-0.003927042707800865
1.0
3.215858416556359e-15
0.9941656589508057
0.003927042707800865
0.9883315563201904
0.007854394614696503
0.9824978709220886
0.011782367713749409
0.9766649007797241
0.01571127027273178
0.970832884311676
0.019641414284706116
0.9650020003318787
0.02357310801744461
0.9591724872589111
0.027506662532687187
0.9533445835113525
0.03144238516688347
0.9475185871124268
0.03538059443235397
0.9416946172714233
0.03932159021496773
0.9358730316162109
0.0432656891644001
0.9300539493560791
0.047213200479745865
0.9242377281188965
0.05116443336009979
0.9184244871139526
0.055119700729846954
0.9126145839691162
0.05907931178808212
0.9068081974983215
0.06304357200860977
0.9010055661201477
0.06701280176639557
0.8952069282531738
0.07098730653524399
0.8894125819206238
0.0749673992395401
0.8836227655410767
0.07895338535308838
0.8778377771377563
0.08294558525085449
0.8720577359199524
0.08694430440664291
0.8662830591201782
0.09094984829425812
0.8605138659477234
0.09496253728866577
0.8547505736351013
0.09898267686367035
0.8489933609962463
0.10301058739423752
0.8432424664497375
0.10704656690359116
0.8374982476234436
0.11109094321727753
0.8317609429359436
0.11514400690793991
0.8260308504104614
0.11920608580112457
0.820308268070221
0.12327749282121658
0.8145934343338013
0.12735852599143982
0.8088866472244263
0.13144950568675995
0.8031882643699646
0.13555073738098145
0.7974985837936401
0.13966254889965057
0.7918179035186768
0.1437852382659912
0.7861464619636536
0.14791911840438843
0.780484676361084
0.1520644873380661
0.7748328447341919
0.1562216877937317
0.7691912651062012
0.16039100289344788
0.7635602951049805
0.16457276046276093
0.7579402923583984
0.16876725852489471
0.752331554889679
0.1729748249053955
0.7467344403266907
0.177195742726326
0.7411493062973022
0.18143035471439362
0.7355765700340271
0.18567894399166107
0.7300165295600891
0.18994183838367462
0.7244696021080017
0.19421933591365814
0.7189361453056335
0.1985117495059967
0.713416576385498
0.20281939208507538
0.7079112529754639
0.20714256167411804
0.7024205923080444
0.21148157119750977
0.6969450116157532
0.21583671867847443
0.6914849281311035
0.2202083319425583
0.6860407590866089
0.22459669411182404
0.6806129813194275
0.22900211811065674
0.675201952457428
0.23342491686344147
0.6698081493377686
0.2378653734922409
0.6644321084022522
0.24232381582260132
0.6590741872787476
0.2468005120754242
0.6537348628044128
0.251295804977417
0.6484147310256958
0.2558099329471588
0.6431141495704651
0.2603432536125183
0.6378337144851685
0.264896035194397
0.6325738430023193
0.26946860551834106
0.6273351907730103
0.2740612030029297
0.6221181750297546
0.2786741256713867
0.6169233918190002
0.2833077013492584
0.6117513179779053
0.2879622280597687
0.6066026091575623
0.2926379442214966
0.6014777421951294
0.297335147857666
0.5963773727416992
0.30205413699150085
0.5913020968437195
0.3067951798439026
0.5862524509429932
0.3115585446357727
0.5812290906906128
0.3163445293903351
0.5762326121330261
0.3211534023284912
0.5712637305259705
0.3259854316711426
0.5663229823112488
0.3308408856391907
0.5614110827445984
0.3357200026512146
0.5565287470817566
0.34062308073043823
0.5516765713691711
0.3455503582954407
0.5468553304672241
0.350502073764801
0.5420657396316528
0.35547852516174316
0.537308394908905
0.3604798913002014
0.5325841903686523
0.36550647020339966
0.5278937816619873
0.370558500289917
0.5232380032539368
0.37563619017601013
0.5186175107955933
0.3807397484779358
0.5140332579612732
0.38586944341659546
0.5094859004020691
0.39102548360824585
0.5049763321876526
0.3962080478668213
0.5005053281784058
0.40141740441322327
0.49607381224632263
0.4066537022590637
0.49168258905410767
0.41191717982292175
0.4873325824737549
0.4172079861164093
0.48302462697029114
0.4225263297557831
0.47875964641571045
0.4278723895549774
0.47453856468200684
0.43324631452560425
0.4703623354434967
0.4386482834815979
0.4662318825721741
0.4440784454345703
0.46214815974235535
0.4495369493961334
0.4581121802330017
0.45502394437789917
0.45412495732307434
0.4605395495891571
0.45018744468688965
0.46608391404151917
0.4463007152080536
0.4716570973396301
0.44246578216552734
0.47725924849510193
0.43868374824523926
0.48289042711257935
0.4349556267261505
0.48855072259902954
0.43128257989883423
0.4942402243614197
0.42766568064689636
0.49995899200439453
0.42410603165626526
0.5057070851325989
0.4206048250198364
0.5114845037460327
0.4171631634235382
0.5172913074493408
0.4137822389602661
0.5231274962425232
0.41046327352523804
0.5289930701255798
0.4072074294090271
0.5348880290985107
0.4040159285068512
0.5408123731613159
0.4008900225162506
0.5467659831047058
0.397830992937088
0.5527488589286804
0.3948400318622589
0.558760941028595
0.39191848039627075
0.5648021697998047
0.3890676200389862
0.5708723068237305
0.38628876209259033
0.5769714117050171
0.3835832178592682
0.5830992460250854
0.380952388048172
0.5892556309700012
0.37839755415916443
0.5954405069351196
0.3759201467037201
0.6016536355018616
0.3735215365886688
0.6078947186470032
0.37120309472084045
0.6141636967658997
0.368966281414032
0.6204602122306824
0.36681249737739563
0.6267840266227722
0.364743173122406
0.6331348419189453
0.3627597689628601
0.639512300491333
0.36086374521255493
0.645916223526001
0.35905659198760986
0.652346134185791
0.3573397696018219
0.6588016152381897
0.3557147681713104
0.6652824282646179
0.3541831374168396
0.6717879772186279
0.3527463674545288
0.6783179044723511
0.35140594840049744
0.6848717331886292
0.35016345977783203
0.691448986530304
0.349020391702652
0.698049008846283
0.3479783236980438
0.7046713829040527
0.34703880548477173
0.7113155126571655
0.34620335698127747
0.717980682849884
0.34547358751296997
0.7246663570404053
0.34485098719596863
0.7313718199729919
0.34433719515800476
0.7380963563919067
0.34393373131752014
0.7448393106460571
0.34364214539527893
0.7515998482704163
0.34346404671669006
0.7583772540092468
0.3434009552001953
0.7651706337928772
0.3434544503688812
0.7719791531562805
0.34362608194351196
0.7788019180297852
0.3439173698425293
0.7856380343437195
0.3443298935890198
0.7924865484237671
0.3448651432991028
0.799346387386322
0.34552469849586487
0.8062166571617126
0.346310019493103
0.8130962252616882
0.34722259640693665
0.8199840188026428
0.3482639491558075
0.8268789052963257
0.3494355380535126
0.8337796926498413
0.3507387936115265
0.8406851887702942
0.35217514634132385
0.8475942015647888
0.3537460267543793
0.8545054197311401
0.3554528057575226
0.8614174723625183
0.3572968542575836
0.8683291673660278
0.3592795133590698
0.8752389550209045
0.36140209436416626
0.8821455240249634
0.3636658489704132
0.889047384262085
0.36607202887535095
0.8959429860115051
0.3686218857765198
0.9028308391571045
0.3713165819644928
0.9097093939781189
0.37415722012519836
0.9165769815444946
0.3771449625492096
0.9234319925308228
0.3802807927131653
0.9302727580070496
0.3835657835006714
0.9370975494384766
0.3870008885860443
0.9439045190811157
0.3905870020389557
0.9506919980049133
0.39432501792907715
0.9574581384658813
0.39821574091911316
0.964201033115387
0.4022599458694458
0.9709187746047974
0.40645831823349
0.9776095151901245
0.41081148386001587
0.9842711687088013
0.4153200387954712
0.9909018278121948
0.41998451948165894
0.9974994659423828
0.4248053729534149
1.0040619373321533
0.4297829568386078
1.0105873346328735
0.4349175989627838
1.0170732736587524
0.4402095079421997
1.0235178470611572
0.4456588923931122
1.0299187898635864
0.451265811920166
1.0362739562988281
0.4570302665233612
1.0425809621810913
0.462952196598053
1.048837661743164
0.469031423330307
1.0550419092178345
0.4752677381038666
1.061191201210022
0.48166075348854065
1.0672833919525146
0.48821011185646057
1.073316216468811
0.494915246963501
1.079287052154541
0.5017756223678589
1.0851938724517822
0.5087904334068298
1.0910340547561646
0.5159589648246765
1.096805453300476
0.5232803225517273
1.1025055646896362
0.530753493309021
1.108132004737854
0.5383774042129517
1.113682508468628
0.5461508631706238
1.119154453277588
0.5540725588798523
1.124545693397522
0.5621410608291626
1.1298537254333496
0.5703549385070801
1.1350761651992798
0.578712522983551
1.140210747718811
0.5872121453285217
1.1452549695968628
0.5958520174026489
1.1502065658569336
0.6046301126480103
1.1550631523132324
0.6135444641113281
1.1598225831985474
0.6225929856300354
1.1644823551177979
0.6317733526229858
1.169040322303772
0.641083300113678
1.1734941005706787
0.6505202651023865
1.1778416633605957
0.6600818037986755
1.1820807456970215
0.6697651743888855
1.1862092018127441
0.6795676946640015
1.1902248859405518
0.6894863843917847
1.1941256523132324
0.6995184421539307
1.1979095935821533
0.7096606492996216
1.2015748023986816
0.7199099659919739
1.205119013786316
0.7302630543708801
1.208540678024292
0.7407165765762329
1.2118377685546875
0.75126713514328
1.2150083780288696
0.761911153793335
1.2180510759353638
0.7726450562477112
1.220963954925537
0.7834651470184326
1.2237454652786255
0.7943676114082336
1.2263940572738647
0.8053486347198486
1.2289083003997803
0.8164042830467224
1.231286644935608
0.8275305032730103
1.2335278987884521
0.8387233018875122
1.2356306314468384
0.8499784469604492
1.2375937700271606
0.8612918853759766
1.2394160032272339
0.8726592063903809
1.2410964965820312
0.8840761780738831
1.2426341772079468
0.8955384492874146
1.244028091430664
0.9070416688919067
1.2452775239944458
0.9185813069343567
1.2463816404342651
0.9301528930664062
1.2473399639129639
0.941752016544342
1.2481517791748047
0.9533740282058716
1.2488166093826294
0.9650143980979919
1.2493340969085693
0.9766685962677002
1.2497040033340454
0.9883319735527039
1.249925971031189
1.0
1.25
1.0116679668426514
1.249925971031189
1.0233314037322998
1.2497040033340454
1.0349855422973633
1.2493340969085693
1.0466259717941284
1.2488166093826294
1.0582480430603027
1.2481517791748047
1.0698471069335938
1.2473399639129639
1.081418752670288
1.2463816404342651
1.0929583311080933
1.2452775239944458
1.1044615507125854
1.244028091430664
1.1159237623214722
1.2426341772079468
1.1273407936096191
1.2410964965820312
1.1387081146240234
1.2394160032272339
1.1500215530395508
1.2375937700271606
1.1612766981124878
1.2356306314468384
1.1724694967269897
1.2335278987884521
1.1835957765579224
1.231286644935608
1.1946513652801514
1.2289083003997803
1.2056323289871216
1.2263940572738647
1.2165348529815674
1.2237454652786255
1.227354884147644
1.220963954925537
1.238088846206665
1.2180510759353638
1.2487329244613647
1.2150083780288696
1.259283423423767
1.2118377685546875
1.2697370052337646
1.208540678024292
1.280090093612671
1.205119013786316
1.2903393507003784
1.2015748023986816
1.3004815578460693
1.1979095935821533
1.3105136156082153
1.1941256523132324
1.3204323053359985
1.1902248859405518
1.3302347660064697
1.1862092018127441
1.3399182558059692
1.1820807456970215
1.3494796752929688
1.1778416633605957
1.3589167594909668
1.1734941005706787
1.3682266473770142
1.169040322303772
1.3774070739746094
1.1644823551177979
1.3864555358886719
1.1598225831985474
1.3953698873519897
1.1550631523132324
1.404147982597351
1.1502065658569336
1.4127877950668335
1.1452549695968628
1.4212874174118042
1.140210747718811
1.42964506149292
1.1350761651992798
1.4378589391708374
1.1298537254333496
1.4459275007247925
1.124545693397522
1.453849196434021
1.119154453277588
1.4616225957870483
1.113682508468628
1.469246506690979
1.108132004737854
1.476719617843628
1.1025055646896362
1.4840409755706787
1.096805453300476
1.4912095069885254
1.0910340547561646
1.4982243776321411
1.0851938724517822
1.505084753036499
1.079287052154541
1.5117899179458618
1.073316216468811
1.5183392763137817
1.0672833919525146
1.524732232093811
1.061191201210022
1.5309685468673706
1.0550419092178345
1.5370478630065918
1.048837661743164
1.5429697036743164
1.0425809621810913
1.548734188079834
1.0362739562988281
1.5543410778045654
1.0299187898635864
1.5597904920578003
1.0235178470611572
1.5650824308395386
1.0170732736587524
1.5702170133590698
1.0105873346328735
1.5751945972442627
1.0040619373321533
1.5800154209136963
0.9974994659423828
1.5846799612045288
0.9909018278121948
1.589188575744629
0.9842711687088013
1.5935417413711548
0.9776095151901245
1.5977400541305542
0.9709187746047974
1.6017842292785645
0.964201033115387
1.6056749820709229
0.9574581384658813
1.6094130277633667
0.9506919980049133
1.6129990816116333
0.9439045190811157
1.6164342164993286
0.9370975494384766
1.61971914768219
0.9302727580070496
1.6228550672531128
0.9234319925308228
1.625842809677124
0.9165769815444946
1.6286834478378296
0.9097093939781189
1.6313780546188354
0.9028308391571045
1.6339279413223267
0.8959429860115051
1.6363341808319092
0.889047384262085
1.6385979652404785
0.8821455240249634
1.6407204866409302
0.8752389550209045
1.6427031755447388
0.8683291673660278
1.6445472240447998
0.8614174723625183
1.6462539434432983
0.8545054197311401
1.6478248834609985
0.8475942015647888
1.649261236190796
0.8406851887702942
1.650564432144165
0.8337796926498413
1.6517360210418701
0.8268789052963257
1.6527774333953857
0.8199840188026428
1.653689980506897
0.8130962252616882
1.6544753313064575
0.8062166571617126
1.6551347970962524
0.799346387386322
1.655670166015625
0.7924865484237671
1.6560826301574707
0.7856380343437195
1.6563739776611328
0.7788019180297852
1.6565455198287964
0.7719791531562805
1.6565990447998047
0.7651706337928772
1.6565359830856323
0.7583772540092468
1.6563578844070435
0.7515998482704163
1.6560662984848022
0.7448393106460571
1.6556627750396729
0.7380963563919067
1.655148983001709
0.7313718199729919
1.6545264720916748
0.7246663570404053
1.653796672821045
0.717980682849884
1.652961254119873
0.7113155126571655
1.6520216464996338
0.7046713829040527
1.6509796380996704
0.698049008846283
1.649836540222168
0.691448986530304
1.6485940217971802
0.6848717331886292
1.6472536325454712
0.6783179044723511
1.6458168029785156
0.6717879772186279
1.6442852020263672
0.6652824282646179
1.6426602602005005
0.6588016152381897
1.6409434080123901
0.652346134185791
1.6391361951828003
0.645916223526001
1.6372402906417847
0.639512300491333
1.6352568864822388
0.6331348419189453
1.6331875324249268
0.6267840266227722
1.6310336589813232
0.6204602122306824
1.628796935081482
0.6141636967658997
1.6264784336090088
0.6078947186470032
1.6240798234939575
0.6016536355018616
1.6216024160385132
0.5954405069351196
1.6190476417541504
0.5892556309700012
1.6164168119430542
0.5830992460250854
1.6137112379074097
0.5769714117050171
1.6109323501586914
0.5708723068237305
1.608081579208374
0.5648021697998047
1.6051599979400635
0.558760941028595
1.6021690368652344
0.5527488589286804
1.5991100072860718
0.5467659831047058
1.5959841012954712
0.5408123731613159
1.5927926301956177
0.5348880290985107
1.5895367860794067
0.5289930701255798
1.5862177610397339
0.5231274962425232
1.5828368663787842
0.5172913074493408
1.5793951749801636
0.5114845037460327
1.5758939981460571
0.5057070851325989
1.5723342895507812
0.49995899200439453
1.5687174797058105
0.4942402243614197
1.5650444030761719
0.48855072259902954
1.5613162517547607
0.48289042711257935
1.5575342178344727
0.47725924849510193
1.553699254989624
0.4716570973396301
1.5498125553131104
0.46608391404151917
1.545875072479248
0.4605395495891571
1.5418877601623535
0.45502394437789917
1.5378518104553223
0.4495369493961334
1.5337681770324707
0.4440784454345703
1.5296376943588257
0.4386482834815979
1.5254614353179932
0.43324631452560425
1.5212403535842896
0.4278723895549774
1.5169754028320312
0.4225263297557831
1.5126674175262451
0.4172079861164093
1.5083173513412476
0.41191717982292175
1.503926157951355
0.4066537022590637
1.4994946718215942
0.40141740441322327
1.4950237274169922
0.3962080478668213
1.4905141592025757
0.39102548360824585
1.4859668016433716
0.38586944341659546
1.4813824892044067
0.3807397484779358
1.476762056350708
0.37563619017601013
1.4721062183380127
0.370558500289917
1.4674158096313477
0.36550647020339966
1.4626915454864502
0.3604798913002014
1.4579342603683472
0.35547852516174316
1.4531446695327759
0.350502073764801
1.448323369026184
0.3455503582954407
1.4434713125228882
0.34062308073043823
1.4385888576507568
0.3357200026512146
1.433677077293396
0.3308408856391907
1.4287363290786743
0.3259854316711426
1.423767328262329
0.3211534023284912
1.4187709093093872
0.3163445293903351
1.4137475490570068
0.3115585446357727
1.4086979627609253
0.3067951798439026
1.4036226272583008
0.30205413699150085
1.3985222578048706
0.297335147857666
1.3933974504470825
0.2926379442214966
1.3882486820220947
0.2879622280597687
1.3830766677856445
0.2833077013492584
1.3778818845748901
0.2786741256713867
1.3726648092269897
0.2740612030029297
1.3674261569976807
0.26946860551834106
1.3621662855148315
0.264896035194397
1.3568859100341797
0.2603432536125183
1.3515852689743042
0.2558099329471588
1.3462650775909424
0.251295804977417
1.3409258127212524
0.2468005120754242
1.3355679512023926
0.24232381582260132
1.3301918506622314
0.2378653734922409
1.3247981071472168
0.23342491686344147
1.3193870782852173
0.22900211811065674
1.3139592409133911
0.22459669411182404
1.3085150718688965
0.2202083319425583
1.303054928779602
0.21583671867847443
1.2975794076919556
0.21148157119750977
1.2920887470245361
0.20714256167411804
1.286583423614502
0.20281939208507538
1.2810639142990112
0.1985117495059967
1.275530457496643
0.19421933591365814
1.2699834108352661
0.18994183838367462
1.2644234895706177
0.18567894399166107
1.2588506937026978
0.18143035471439362
1.253265619277954
0.177195742726326
1.2476685047149658
0.1729748249053955
1.2420597076416016
0.16876725852489471
1.2364397048950195
0.16457276046276093
1.2308087348937988
0.16039100289344788
1.225167155265808
0.1562216877937317
1.219515323638916
0.1520644873380661
1.2138534784317017
0.14791911840438843
1.2081820964813232
0.1437852382659912
1.2025014162063599
0.13966254889965057
1.1968116760253906
0.13555073738098145
1.1911133527755737
0.13144950568675995
1.1854065656661987
0.12735852599143982
1.1796917915344238
0.12327749282121658
1.1739691495895386
0.11920608580112457
1.1682389974594116
0.11514400690793991
1.1625016927719116
0.11109094321727753
1.1567574739456177
0.10704656690359116
1.1510066986083984
0.10301058739423752
1.1452494859695435
0.09898267686367035
1.1394860744476318
0.09496253728866577
1.1337169408798218
0.09094984829425812
1.1279422044754028
0.08694430440664291
1.1221622228622437
0.08294558525085449
1.1163772344589233
0.07895338535308838
1.1105873584747314
0.0749673992395401
1.1047930717468262
0.07098730653524399
1.098994493484497
0.06701280176639557
1.0931918621063232
0.06304357200860977
1.0873854160308838
0.05907931178808212
1.0815755128860474
0.055119700729846954
1.0757622718811035
0.05116443336009979
1.069946050643921
0.047213200479745865
1.064126968383789
0.0432656891644001
1.0583053827285767
0.03932159021496773
1.0524814128875732
0.03538059443235397
1.0466554164886475
0.03144238516688347
1.0408275127410889
0.027506662532687187
1.0349980592727661
0.02357310801744461
1.0291671752929688
0.019641414284706116
1.0233350992202759
0.01571127027273178
1.0175020694732666
0.011782367713749409
1.0116684436798096
0.007854394614696503
1.0058343410491943
0.003927042707800865
1.0058343410491943
0.003927042707800865
1.0058343410491943
0.003927042707800865
1.0058343410491943
0.003927042707800865
1.0058343410491943
0.003927042707800865
1.0058343410491943
0.003927042707800865
1.0058343410491943
0.003927042707800865
1.0058343410491943
0.003927042707800865
1.0058343410491943
0.003927042707800865
1.0058343410491943
0.003927042707800865
1.0058343410491943
0.003927042707800865
1.0058343410491943
0.003927042707800865
1.0058343410491943
0.003927042707800865
1.0058343410491943
0.003927042707800865
1.0058343410491943
0.003927042707800865
1.0058343410491943
0.003927042707800865
1.0058343410491943
0.003927042707800865
1.0058343410491943
0.003927042707800865
1.0058343410491943
0.003927042707800865
1.0058343410491943
0.003927042707800865
1.0058343410491943
0.003927042707800865
1.0058343410491943
0.003927042707800865
