1.499984860420227
0.5067319869995117
1.4999395608901978
0.5134637951850891
1.499864101409912
0.5201953649520874
1.499758243560791
0.5269265174865723
1.4996223449707031
0.5336570739746094
1.4994561672210693
0.5403870344161987
1.4992598295211792
0.5471161603927612
1.4990333318710327
0.5538443326950073
1.4987765550613403
0.5605713725090027
1.4984896183013916
0.5672972202301025
1.4981725215911865
0.5740217566490173
1.4978251457214355
0.580744743347168
1.4974477291107178
0.5874661803245544
1.497040033340454
0.5941857695579529
1.4966022968292236
0.6009035110473633
1.4961344003677368
0.6076192259788513
1.4956363439559937
0.6143327355384827
1.4951081275939941
0.6210439801216125
1.4945498704910278
0.6277527213096619
1.4939614534378052
0.6344589591026306
1.4933429956436157
0.6411624550819397
1.49269437789917
0.6478631496429443
1.4920157194137573
0.6545608043670654
1.491307020187378
0.661255419254303
1.4905682802200317
0.6679466962814331
1.4897996187210083
0.6746346354484558
1.4890007972717285
0.6813190579414368
1.4881720542907715
0.6879998445510864
1.4873132705688477
0.6946768164634705
1.4864246845245361
0.7013499140739441
1.4855060577392578
0.7080188989639282
1.4845575094223022
0.7146837115287781
1.4835790395736694
0.7213442325592041
1.4825706481933594
0.728000283241272
1.4815324544906616
0.7346516847610474
1.4804644584655762
0.7412984371185303
1.479366660118103
0.7479402422904968
1.4782389402389526
0.7545771598815918
1.477081537246704
0.7612088918685913
1.4758943319320679
0.7678353190422058
1.4746774435043335
0.7744564414024353
1.473430871963501
0.7810719609260559
1.4721546173095703
0.7876818776130676
1.4708486795425415
0.7942859530448914
1.4695130586624146
0.8008841276168823
1.4681479930877686
0.8074762225151062
1.4667532444000244
0.8140621185302734
1.4653289318084717
0.8206417560577393
1.4638751745224
0.8272148370742798
1.4623918533325195
0.8337814211845398
1.4608790874481201
0.8403412103652954
1.4593369960784912
0.8468942046165466
1.4577654600143433
0.8534401655197144
1.4561644792556763
0.8599790334701538
1.4545342922210693
0.8665106296539307
1.452874779701233
0.8730348348617554
1.451185941696167
0.8795515298843384
1.4494678974151611
0.8860605955123901
1.4477206468582153
0.8925619125366211
1.4459443092346191
0.8990552425384521
1.444138765335083
0.9055405855178833
1.4423041343688965
0.9120177626609802
1.4404405355453491
0.9184866547584534
1.4385478496551514
0.9249470829963684
1.4366261959075928
0.9313989877700806
1.434675693511963
0.9378421902656555
1.4326962232589722
0.9442765712738037
1.4306879043579102
0.9507020115852356
1.4286507368087769
0.9571183323860168
1.4265847206115723
0.9635254740715027
1.4244900941848755
0.9699233174324036
1.422366738319397
0.9763116240501404
1.4202147722244263
0.9826903939247131
1.4180341958999634
0.9890593886375427
1.4158250093460083
0.9954186081886292
1.4135873317718506
1.0017677545547485
1.4113211631774902
1.0081068277359009
1.4090266227722168
1.0144357681274414
1.4067035913467407
1.0207542181015015
1.4043523073196411
1.027062177658081
1.401972770690918
1.0333596467971802
1.3995648622512817
1.0396462678909302
1.397128939628601
1.045922040939331
1.3946647644042969
1.0521868467330933
1.3921724557876587
1.0584404468536377
1.3896522521972656
1.0646828413009644
1.3871039152145386
1.0709139108657837
1.3845276832580566
1.0771334171295166
1.3819235563278198
1.083341360092163
1.3792916536331177
1.089537501335144
1.3766319751739502
1.0957218408584595
1.3739445209503174
1.1018941402435303
1.3712294101715088
1.108054280281067
1.3684866428375244
1.1142022609710693
1.3657163381576538
1.120337724685669
1.362918496131897
1.1264607906341553
1.3600932359695435
1.1325712203979492
1.3572405576705933
1.1386688947677612
1.354360580444336
1.1447538137435913
1.3514533042907715
1.1508256196975708
1.3485188484191895
1.1568843126296997
1.3455570936203003
1.162929892539978
1.3425683975219727
1.168962001800537
1.3395525217056274
1.174980640411377
1.3365098237991333
1.1809858083724976
1.3334400653839111
1.1869771480560303
1.33034348487854
1.192954659461975
1.3272202014923096
1.1989182233810425
1.3240700960159302
1.2048677206039429
1.3208932876586914
1.2108030319213867
1.3176898956298828
1.216723918914795
1.314460039138794
1.222630500793457
1.3112035989761353
1.228522539138794
1.3079208135604858
1.2343997955322266
1.3046116828918457
1.2402622699737549
1.3012763261795044
1.246109962463379
1.2979146242141724
1.25194251537323
1.2945269346237183
1.257759928703308
1.291113018989563
1.2635620832443237
1.2876732349395752
1.2693488597869873
1.2842074632644653
1.2751202583312988
1.2807157039642334
1.2808759212493896
1.277198314666748
1.2866158485412598
1.2736551761627197
1.2923399209976196
1.2700862884521484
1.2980481386184692
1.2664918899536133
1.30374014377594
1.2628719806671143
1.3094160556793213
1.2592265605926514
1.3150756359100342
1.2555558681488037
1.3207188844680786
1.2518599033355713
1.326345443725586
1.248138666152954
1.3319554328918457
1.2443922758102417
1.3375487327575684
1.2406208515167236
1.3431251049041748
1.2368243932724
1.3486844301223755
1.2330031394958496
1.3542267084121704
1.2291569709777832
1.35975182056427
1.2252860069274902
1.3652596473693848
1.2213903665542603
1.3707499504089355
1.2174701690673828
1.3762227296829224
1.2135255336761475
1.3816778659820557
1.2095563411712646
1.387115240097046
1.2055628299713135
1.392534852027893
1.201545000076294
1.3979363441467285
1.1975029706954956
1.4033198356628418
1.193436861038208
1.4086850881576538
1.1893466711044312
1.414031982421875
1.1852325201034546
1.419360637664795
1.1810945272445679
1.4246705770492554
1.176932692527771
1.4299620389938354
1.172747254371643
1.4352346658706665
1.1685380935668945
1.440488576889038
1.1643054485321045
1.4457234144210815
1.160049319267273
1.4509392976760864
1.1557698249816895
1.4561359882354736
1.1514670848846436
1.4613133668899536
1.1471412181854248
1.466471552848816
1.1427921056747437
1.4716100692749023
1.1384199857711792
1.476729154586792
1.1340250968933105
1.4818284511566162
1.1296072006225586
1.4869080781936646
1.125166654586792
1.491967797279358
1.1207033395767212
1.4970074892044067
1.1162174940109253
1.502027153968811
1.1117092370986938
1.5070266723632812
1.1071784496307373
1.5120058059692383
1.1026254892349243
1.5169646739959717
1.0980502367019653
1.5219029188156128
1.0934529304504395
1.5268206596374512
1.0888335704803467
1.5317176580429077
1.0841922760009766
1.5365939140319824
1.0795291662216187
1.5414493083953857
1.074844241142273
1.5462837219238281
1.0701377391815186
1.5510971546173096
1.0654096603393555
1.5558892488479614
1.0606601238250732
1.5606601238250732
1.0558892488479614
1.5654096603393555
1.0510971546173096
1.5701377391815186
1.0462837219238281
1.574844241142273
1.0414493083953857
1.5795291662216187
1.0365939140319824
1.5841922760009766
1.0317176580429077
1.5888335704803467
1.0268206596374512
1.5934529304504395
1.0219029188156128
1.5980502367019653
1.0169646739959717
1.6026254892349243
1.0120058059692383
1.6071784496307373
1.0070266723632812
1.6117092370986938
1.002027153968811
1.6162174940109253
0.9970075488090515
1.6207033395767212
0.9919677972793579
1.625166654586792
0.9869080781936646
1.6296072006225586
0.981828510761261
1.6340250968933105
0.976729154586792
1.6384199857711792
0.9716101288795471
1.6427921056747437
0.9664714932441711
1.6471412181854248
0.9613134264945984
1.6514670848846436
0.9561359882354736
1.6557698249816895
0.9509392976760864
1.660049319267273
0.9457234144210815
1.6643054485321045
0.9404885172843933
1.6685380935668945
0.9352347254753113
1.672747254371643
0.9299620389938354
1.676932692527771
0.9246706366539001
1.6810945272445679
0.9193605780601501
1.6852325201034546
0.9140320420265198
1.6893466711044312
0.9086850881576538
1.693436861038208
0.903319776058197
1.6975029706954956
0.8979363441467285
1.701545000076294
0.8925347924232483
1.7055628299713135
0.8871152997016907
1.7095563411712646
0.8816778659820557
1.7135255336761475
0.8762227296829224
1.7174701690673828
0.8707499504089355
1.7213903665542603
0.86525958776474
1.7252860069274902
0.85975182056427
1.7291569709777832
0.8542267680168152
1.7330031394958496
0.8486844301223755
1.7368243932724
0.84312504529953
1.7406208515167236
0.8375486731529236
1.7443922758102417
0.8319554924964905
1.748138666152954
0.8263454437255859
1.7518599033355713
0.8207188248634338
1.7555558681488037
0.815075695514679
1.7592265605926514
0.8094160556793213
1.7628719806671143
0.8037402033805847
1.7664918899536133
0.7980481386184692
1.7700862884521484
0.7923399806022644
1.7736551761627197
0.7866158485412598
1.777198314666748
0.7808759212493896
1.7807157039642334
0.775120198726654
1.7842074632644653
0.7693489193916321
1.7876732349395752
0.7635621428489685
1.791113018989563
0.7577599287033081
1.7945269346237183
0.75194251537323
1.7979146242141724
0.7461099624633789
1.8012763261795044
0.7402623295783997
1.8046116828918457
0.7343997955322266
1.8079208135604858
0.7285224795341492
1.8112035989761353
0.722630500793457
1.814460039138794
0.7167239785194397
1.8176898956298828
0.7108029723167419
1.8208932876586914
0.7048677206039429
1.8240700960159302
0.6989182233810425
1.8272202014923096
0.6929546594619751
1.83034348487854
0.6869770884513855
1.8334400653839111
0.6809857487678528
1.8365098237991333
0.674980640411377
1.8395525217056274
0.6689620018005371
1.8425683975219727
0.6629298329353333
1.8455570936203003
0.6568843126296997
1.8485188484191895
0.6508256196975708
1.8514533042907715
0.6447537541389465
1.854360580444336
0.638668954372406
1.8572405576705933
0.6325712203979492
1.8600932359695435
0.6264607906341553
1.862918496131897
0.6203377842903137
1.8657163381576538
0.6142022013664246
1.8684866428375244
0.6080542802810669
1.8712294101715088
0.6018941402435303
1.8739445209503174
0.5957218408584595
1.8766319751739502
0.5895375609397888
1.8792916536331177
0.5833413600921631
1.8819235563278198
0.5771334767341614
1.8845276832580566
0.5709139108657837
1.8871039152145386
0.5646829009056091
1.8896522521972656
0.5584405064582825
1.8921724557876587
0.5521868467330933
1.8946647644042969
0.545922040939331
1.897128939628601
0.5396462678909302
1.8995648622512817
0.5333596467971802
1.901972770690918
0.5270622372627258
1.9043523073196411
0.5207542181015015
1.9067035913467407
0.5144357085227966
1.9090266227722168
0.5081068873405457
1.9113211631774902
0.5017678141593933
1.9135873317718506
0.49541857838630676
1.9158250093460083
0.4890594184398651
1.9180341958999634
0.48269039392471313
1.9202147722244263
0.47631165385246277
1.922366738319397
0.4699232876300812
1.9244900941848755
0.4635255038738251
1.9265847206115723
0.45711836218833923
1.9286507368087769
0.4507019817829132
1.9306879043579102
0.4442765712738037
1.9326962232589722
0.4378421902656555
1.934675693511963
0.43139898777008057
1.9366261959075928
0.4249471127986908
1.9385478496551514
0.41848665475845337
1.9404405355453491
0.4120177924633026
1.9423041343688965
0.4055406153202057
1.944138765335083
0.39905527234077454
1.9459443092346191
0.3925618827342987
1.9477206468582153
0.38606059551239014
1.9494678974151611
0.3795515298843384
1.951185941696167
0.37303483486175537
1.952874779701233
0.3665105998516083
1.9545342922210693
0.3599790036678314
1.9561644792556763
0.35344016551971436
1.9577654600143433
0.34689417481422424
1.9593369960784912
0.3403412103652954
1.9608790874481201
0.3337813913822174
1.9623918533325195
0.3272148668766022
1.9638751745224
0.32064172625541687
1.9653289318084717
0.3140621483325958
1.9667532444000244
0.3074762225151062
1.9681479930877686
0.3008841276168823
1.9695130586624146
0.29428595304489136
1.9708486795425415
0.28768184781074524
1.9721546173095703
0.2810719609260559
1.973430871963501
0.2744564116001129
1.9746774435043335
0.2678353488445282
1.9758943319320679
0.2612088620662689
1.977081537246704
0.2545771300792694
1.9782389402389526
0.2479402720928192
1.979366660118103
0.24129840731620789
1.9804644584655762
0.23465169966220856
1.9815324544906616
0.22800025343894958
1.9825706481933594
0.2213442176580429
1.9835790395736694
0.21468372642993927
1.9845575094223022
0.20801891386508942
1.9855060577392578
0.2013498991727829
1.9864246845245361
0.19467683136463165
1.9873132705688477
0.18799984455108643
1.9881720542907715
0.18131907284259796
1.9890007972717285
0.174634650349617
1.9897996187210083
0.1679467111825943
1.9905682802200317
0.1612553894519806
1.991307020187378
0.15456081926822662
1.9920157194137573
0.14786313474178314
1.99269437789917
0.1411624699831009
1.9933429956436157
0.13445895910263062
1.9939614534378052
0.12775275111198425
1.9945498704910278
0.12104395776987076
1.9951081275939941
0.11433273553848267
1.9956363439559937
0.10761920362710953
1.9961344003677368
0.10090351104736328
1.9966022968292236
0.09418577700853348
1.997040033340454
0.08746615052223206
1.9974477291107178
0.08074476569890976
1.9978251457214355
0.07402174919843674
1.9981725215911865
0.06729724258184433
1.9984896183013916
0.06057138368487358
1.9987765550613403
0.053844302892684937
1.9990333318710327
0.04711613804101944
1.9992598295211792
0.040387023240327835
1.9994561672210693
0.033657096326351166
1.9996223449707031
0.026926491409540176
1.999758243560791
0.02019534260034561
1.999864101409912
0.013463787734508514
1.9999395608901978
0.006731961853802204
1.999984860420227
4.2491542794887945e-16
2.0
-0.006731961853802204
1.999984860420227
-0.013463787734508514
1.9999395608901978
-0.02019534260034561
1.999864101409912
-0.026926491409540176
1.999758243560791
-0.033657096326351166
1.9996223449707031
-0.040387023240327835
1.9994561672210693
-0.04711613804101944
1.9992598295211792
-0.053844302892684937
1.9990333318710327
-0.06057138368487358
1.9987765550613403
-0.06729724258184433
1.9984896183013916
-0.07402174919843674
1.9981725215911865
-0.08074476569890976
1.9978251457214355
-0.08746615052223206
1.9974477291107178
-0.09418577700853348
1.997040033340454
-0.10090351104736328
1.9966022968292236
-0.10761920362710953
1.9961344003677368
-0.11433273553848267
1.9956363439559937
-0.12104395776987076
1.9951081275939941
-0.12775275111198425
1.9945498704910278
-0.13445895910263062
1.9939614534378052
-0.1411624699831009
1.9933429956436157
-0.14786313474178314
1.99269437789917
-0.15456081926822662
1.9920157194137573
-0.1612553894519806
1.991307020187378
-0.1679467111825943
1.9905682802200317
-0.174634650349617
1.9897996187210083
-0.18131907284259796
1.9890007972717285
-0.18799984455108643
1.9881720542907715
-0.19467683136463165
1.9873132705688477
-0.2013498991727829
1.9864246845245361
-0.20801891386508942
1.9855060577392578
-0.21468372642993927
1.9845575094223022
-0.2213442176580429
1.9835790395736694
-0.22800025343894958
1.9825706481933594
-0.23465169966220856
1.9815324544906616
-0.24129840731620789
1.9804644584655762
-0.2479402720928192
1.979366660118103
-0.2545771300792694
1.9782389402389526
-0.2612088620662689
1.977081537246704
-0.2678353488445282
1.9758943319320679
-0.2744564116001129
1.9746774435043335
-0.2810719609260559
1.973430871963501
-0.28768184781074524
1.9721546173095703
-0.29428595304489136
1.9708486795425415
-0.3008841276168823
1.9695130586624146
-0.3074762225151062
1.9681479930877686
-0.3140621483325958
1.9667532444000244
-0.32064172625541687
1.9653289318084717
-0.3272148668766022
1.9638751745224
-0.3337813913822174
1.9623918533325195
-0.3403412103652954
1.9608790874481201
-0.34689417481422424
1.9593369960784912
-0.35344016551971436
1.9577654600143433
-0.3599790036678314
1.9561644792556763
-0.3665105998516083
1.9545342922210693
-0.37303483486175537
1.952874779701233
-0.3795515298843384
1.951185941696167
-0.38606059551239014
1.9494678974151611
-0.3925618827342987
1.9477206468582153
-0.39905527234077454
1.9459443092346191
-0.4055406153202057
1.944138765335083
-0.4120177924633026
1.9423041343688965
-0.41848665475845337
1.9404405355453491
-0.4249471127986908
1.9385478496551514
-0.43139898777008057
1.9366261959075928
-0.4378421902656555
1.934675693511963
-0.4442765712738037
1.9326962232589722
-0.4507019817829132
1.9306879043579102
-0.45711836218833923
1.9286507368087769
-0.4635255038738251
1.9265847206115723
-0.4699232876300812
1.9244900941848755
-0.47631165385246277
1.922366738319397
-0.48269039392471313
1.9202147722244263
-0.4890594184398651
1.9180341958999634
-0.49541857838630676
1.9158250093460083
-0.5017678141593933
1.9135873317718506
-0.5081068873405457
1.9113211631774902
-0.5144357085227966
1.9090266227722168
-0.5207542181015015
1.9067035913467407
-0.5270622372627258
1.9043523073196411
-0.5333596467971802
1.901972770690918
-0.5396462678909302
1.8995648622512817
-0.545922040939331
1.897128939628601
-0.5521868467330933
1.8946647644042969
-0.5584405064582825
1.8921724557876587
-0.5646829009056091
1.8896522521972656
-0.5709139108657837
1.8871039152145386
-0.5771334767341614
1.8845276832580566
-0.5833413600921631
1.8819235563278198
-0.5895375609397888
1.8792916536331177
-0.5957218408584595
1.8766319751739502
-0.6018941402435303
1.8739445209503174
-0.6080542802810669
1.8712294101715088
-0.6142022013664246
1.8684866428375244
-0.6203377842903137
1.8657163381576538
-0.6264607906341553
1.862918496131897
-0.6325712203979492
1.8600932359695435
-0.638668954372406
1.8572405576705933
-0.6447537541389465
1.854360580444336
-0.6508256196975708
1.8514533042907715
-0.6568843126296997
1.8485188484191895
-0.6629298329353333
1.8455570936203003
-0.6689620018005371
1.8425683975219727
-0.674980640411377
1.8395525217056274
-0.6809857487678528
1.8365098237991333
-0.6869770884513855
1.8334400653839111
-0.6929546594619751
1.83034348487854
-0.6989182233810425
1.8272202014923096
-0.7048677206039429
1.8240700960159302
-0.7108029723167419
1.8208932876586914
-0.7167239785194397
1.8176898956298828
-0.722630500793457
1.814460039138794
-0.7285224795341492
1.8112035989761353
-0.7343997955322266
1.8079208135604858
-0.7402623295783997
1.8046116828918457
-0.7461099624633789
1.8012763261795044
-0.75194251537323
1.7979146242141724
-0.7577599287033081
1.7945269346237183
-0.7635621428489685
1.791113018989563
-0.7693489193916321
1.7876732349395752
-0.775120198726654
1.7842074632644653
-0.7808759212493896
1.7807157039642334
-0.7866158485412598
1.777198314666748
-0.7923399806022644
1.7736551761627197
-0.7980481386184692
1.7700862884521484
-0.8037402033805847
1.7664918899536133
-0.8094160556793213
1.7628719806671143
-0.815075695514679
1.7592265605926514
-0.8207188248634338
1.7555558681488037
-0.8263454437255859
1.7518599033355713
-0.8319554924964905
1.748138666152954
-0.8375486731529236
1.7443922758102417
-0.84312504529953
1.7406208515167236
-0.8486844301223755
1.7368243932724
-0.8542267680168152
1.7330031394958496
-0.85975182056427
1.7291569709777832
-0.86525958776474
1.7252860069274902
-0.8707499504089355
1.7213903665542603
-0.8762227296829224
1.7174701690673828
-0.8816778659820557
1.7135255336761475
-0.8871152997016907
1.7095563411712646
-0.8925347924232483
1.7055628299713135
-0.8979363441467285
1.701545000076294
-0.903319776058197
1.6975029706954956
-0.9086850881576538
1.693436861038208
-0.9140320420265198
1.6893466711044312
-0.9193605780601501
1.6852325201034546
-0.9246706366539001
1.6810945272445679
-0.9299620389938354
1.676932692527771
-0.9352347254753113
1.672747254371643
-0.9404885172843933
1.6685380935668945
-0.9457234144210815
1.6643054485321045
-0.9509392976760864
1.660049319267273
-0.9561359882354736
1.6557698249816895
-0.9613134264945984
1.6514670848846436
-0.9664714932441711
1.6471412181854248
-0.9716101288795471
1.6427921056747437
-0.976729154586792
1.6384199857711792
-0.981828510761261
1.6340250968933105
-0.9869080781936646
1.6296072006225586
-0.9919677972793579
1.625166654586792
-0.9970075488090515
1.6207033395767212
-1.002027153968811
1.6162174940109253
-1.0070266723632812
1.6117092370986938
-1.0120058059692383
1.6071784496307373
-1.0169646739959717
1.6026254892349243
-1.0219029188156128
1.5980502367019653
-1.0268206596374512
1.5934529304504395
-1.0317176580429077
1.5888335704803467
-1.0365939140319824
1.5841922760009766
-1.0414493083953857
1.5795291662216187
-1.0462837219238281
1.574844241142273
-1.0510971546173096
1.5701377391815186
-1.0558892488479614
1.5654096603393555
-1.0606601238250732
1.5606601238250732
-1.0654096603393555
1.5558892488479614
-1.0701377391815186
1.5510971546173096
-1.074844241142273
1.5462837219238281
-1.0795291662216187
1.5414493083953857
-1.0841922760009766
1.5365939140319824
-1.0888335704803467
1.5317176580429077
-1.0934529304504395
1.5268206596374512
-1.0980502367019653
1.5219029188156128
-1.1026254892349243
1.5169646739959717
-1.1071784496307373
1.5120058059692383
-1.1117092370986938
1.5070266723632812
-1.1162174940109253
1.502027153968811
-1.1207033395767212
1.4970074892044067
-1.125166654586792
1.491967797279358
-1.1296072006225586
1.4869080781936646
-1.1340250968933105
1.4818284511566162
-1.1384199857711792
1.476729154586792
-1.1427921056747437
1.4716100692749023
-1.1471412181854248
1.466471552848816
-1.1514670848846436
1.4613133668899536
-1.1557698249816895
1.4561359882354736
-1.160049319267273
1.4509392976760864
-1.1643054485321045
1.4457234144210815
-1.1685380935668945
1.440488576889038
-1.172747254371643
1.4352346658706665
-1.176932692527771
1.4299620389938354
-1.1810945272445679
1.4246705770492554
-1.1852325201034546
1.419360637664795
-1.1893466711044312
1.414031982421875
-1.193436861038208
1.4086850881576538
-1.1975029706954956
1.4033198356628418
-1.201545000076294
1.3979363441467285
-1.2055628299713135
1.392534852027893
-1.2095563411712646
1.387115240097046
-1.2135255336761475
1.3816778659820557
-1.2174701690673828
1.3762227296829224
-1.2213903665542603
1.3707499504089355
-1.2252860069274902
1.3652596473693848
-1.2291569709777832
1.35975182056427
-1.2330031394958496
1.3542267084121704
-1.2368243932724
1.3486844301223755
-1.2406208515167236
1.3431251049041748
-1.2443922758102417
1.3375487327575684
-1.248138666152954
1.3319554328918457
-1.2518599033355713
1.326345443725586
-1.2555558681488037
1.3207188844680786
-1.2592265605926514
1.3150756359100342
-1.2628719806671143
1.3094160556793213
-1.2664918899536133
1.30374014377594
-1.2700862884521484
1.2980481386184692
-1.2736551761627197
1.2923399209976196
-1.277198314666748
1.2866158485412598
-1.2807157039642334
1.2808759212493896
-1.2842074632644653
1.2751202583312988
-1.2876732349395752
1.2693488597869873
-1.291113018989563
1.2635620832443237
-1.2945269346237183
1.257759928703308
-1.2979146242141724
1.25194251537323
-1.3012763261795044
1.246109962463379
-1.3046116828918457
1.2402622699737549
-1.3079208135604858
1.2343997955322266
-1.3112035989761353
1.228522539138794
-1.314460039138794
1.222630500793457
-1.3176898956298828
1.216723918914795
-1.3208932876586914
1.2108030319213867
-1.3240700960159302
1.2048677206039429
-1.3272202014923096
1.1989182233810425
-1.33034348487854
1.192954659461975
-1.3334400653839111
1.1869771480560303
-1.3365098237991333
1.1809858083724976
-1.3395525217056274
1.174980640411377
-1.3425683975219727
1.168962001800537
-1.3455570936203003
1.162929892539978
-1.3485188484191895
1.1568843126296997
-1.3514533042907715
1.1508256196975708
-1.354360580444336
1.1447538137435913
-1.3572405576705933
1.1386688947677612
-1.3600932359695435
1.1325712203979492
-1.362918496131897
1.1264607906341553
-1.3657163381576538
1.120337724685669
-1.3684866428375244
1.1142022609710693
-1.3712294101715088
1.108054280281067
-1.3739445209503174
1.1018941402435303
-1.3766319751739502
1.0957218408584595
-1.3792916536331177
1.089537501335144
-1.3819235563278198
1.083341360092163
-1.3845276832580566
1.0771334171295166
-1.3871039152145386
1.0709139108657837
-1.3896522521972656
1.0646828413009644
-1.3921724557876587
1.0584404468536377
-1.3946647644042969
1.0521868467330933
-1.397128939628601
1.045922040939331
-1.3995648622512817
1.0396462678909302
-1.401972770690918
1.0333596467971802
-1.4043523073196411
1.027062177658081
-1.4067035913467407
1.0207542181015015
-1.4090266227722168
1.0144357681274414
-1.4113211631774902
1.0081068277359009
-1.4135873317718506
1.0017677545547485
-1.4158250093460083
0.9954186081886292
-1.4180341958999634
0.9890593886375427
-1.4202147722244263
0.9826903939247131
-1.422366738319397
0.9763116240501404
-1.4244900941848755
0.9699233174324036
-1.4265847206115723
0.9635254740715027
-1.4286507368087769
0.9571183323860168
-1.4306879043579102
0.9507020115852356
-1.4326962232589722
0.9442765712738037
-1.434675693511963
0.9378421902656555
-1.4366261959075928
0.9313989877700806
-1.4385478496551514
0.9249470829963684
-1.4404405355453491
0.9184866547584534
-1.4423041343688965
0.9120177626609802
-1.444138765335083
0.9055405855178833
-1.4459443092346191
0.8990552425384521
-1.4477206468582153
0.8925619125366211
-1.4494678974151611
0.8860605955123901
-1.451185941696167
0.8795515298843384
-1.452874779701233
0.8730348348617554
-1.4545342922210693
0.8665106296539307
-1.4561644792556763
0.8599790334701538
-1.4577654600143433
0.8534401655197144
-1.4593369960784912
0.8468942046165466
-1.4608790874481201
0.8403412103652954
-1.4623918533325195
0.8337814211845398
-1.4638751745224
0.8272148370742798
-1.4653289318084717
0.8206417560577393
-1.4667532444000244
0.8140621185302734
-1.4681479930877686
0.8074762225151062
-1.4695130586624146
0.8008841276168823
-1.4708486795425415
0.7942859530448914
-1.4721546173095703
0.7876818776130676
-1.473430871963501
0.7810719609260559
-1.4746774435043335
0.7744564414024353
-1.4758943319320679
0.7678353190422058
-1.477081537246704
0.7612088918685913
-1.4782389402389526
0.7545771598815918
-1.479366660118103
0.7479402422904968
-1.4804644584655762
0.7412984371185303
-1.4815324544906616
0.7346516847610474
-1.4825706481933594
0.728000283241272
-1.4835790395736694
0.7213442325592041
-1.4845575094223022
0.7146837115287781
-1.4855060577392578
0.7080188989639282
-1.4864246845245361
0.7013499140739441
-1.4873132705688477
0.6946768164634705
-1.4881720542907715
0.6879998445510864
-1.4890007972717285
0.6813190579414368
-1.4897996187210083
0.6746346354484558
-1.4905682802200317
0.6679466962814331
-1.491307020187378
0.661255419254303
-1.4920157194137573
0.6545608043670654
-1.49269437789917
0.6478631496429443
-1.4933429956436157
0.6411624550819397
-1.4939614534378052
0.6344589591026306
-1.4945498704910278
0.6277527213096619
-1.4951081275939941
0.6210439801216125
-1.4956363439559937
0.6143327355384827
-1.4961344003677368
0.6076192259788513
-1.4966022968292236
0.6009035110473633
-1.497040033340454
0.5941857695579529
-1.4974477291107178
0.5874661803245544
-1.4978251457214355
0.580744743347168
-1.4981725215911865
0.5740217566490173
-1.4984896183013916
0.5672972202301025
-1.4987765550613403
0.5605713725090027
-1.4990333318710327
0.5538443326950073
-1.4992598295211792
0.5471161603927612
-1.4994561672210693
0.5403870344161987
-1.4996223449707031
0.5336570739746094
-1.499758243560791
0.5269265174865723
-1.499864101409912
0.5201953649520874
-1.4999395608901978
0.5134637951850891
-1.499984860420227
0.5067319869995117
-1.5
0.5
-1.499984860420227
0.49326804280281067
-1.4999395608901978
0.4865362048149109
-1.499864101409912
0.479804664850235
-1.499758243560791
0.4730735123157501
-1.4996223449707031
0.46634289622306824
-1.4994561672210693
0.45961296558380127
-1.4992598295211792
0.45288386940956116
-1.4990333318710327
0.44615569710731506
-1.4987765550613403
0.4394286274909973
-1.4984896183013916
0.4327027499675751
-1.4981725215911865
0.42597824335098267
-1.4978251457214355
0.41925522685050964
-1.4974477291107178
0.41253384947776794
-1.497040033340454
0.4058142304420471
-1.4966022968292236
0.3990964889526367
-1.4961344003677368
0.39238080382347107
-1.4956363439559937
0.38566726446151733
-1.4951081275939941
0.37895604968070984
-1.4945498704910278
0.37224724888801575
-1.4939614534378052
0.3655410408973694
-1.4933429956436157
0.3588375449180603
-1.49269437789917
0.35213688015937805
-1.4920157194137573
0.34543919563293457
-1.491307020187378
0.3387446105480194
-1.4905682802200317
0.3320532739162445
-1.4897996187210083
0.3253653347492218
-1.4890007972717285
0.31868091225624084
-1.4881720542907715
0.3120001554489136
-1.4873132705688477
0.30532315373420715
-1.4864246845245361
0.2986501157283783
-1.4855060577392578
0.2919811010360718
-1.4845575094223022
0.2853162884712219
-1.4835790395736694
0.2786557674407959
-1.4825706481933594
0.2719997465610504
-1.4815324544906616
0.26534831523895264
-1.4804644584655762
0.2587015926837921
-1.479366660118103
0.2520597279071808
-1.4782389402389526
0.2454228699207306
-1.477081537246704
0.23879113793373108
-1.4758943319320679
0.2321646511554718
-1.4746774435043335
0.2255435734987259
-1.473430871963501
0.2189280241727829
-1.4721546173095703
0.21231813728809357
-1.4708486795425415
0.20571404695510864
-1.4695130586624146
0.19911587238311768
-1.4681479930877686
0.1925237625837326
-1.4667532444000244
0.18593785166740417
-1.4653289318084717
0.17935827374458313
-1.4638751745224
0.17278513312339783
-1.4623918533325195
0.1662185937166214
-1.4608790874481201
0.1596587896347046
-1.4593369960784912
0.15310582518577576
-1.4577654600143433
0.14655984938144684
-1.4561644792556763
0.14002099633216858
-1.4545342922210693
0.13348938524723053
-1.452874779701233
0.12696516513824463
-1.451185941696167
0.12044846266508102
-1.4494678974151611
0.11393939703702927
-1.4477206468582153
0.1074381098151207
-1.4459443092346191
0.10094473510980606
-1.444138765335083
0.09445939213037491
-1.4423041343688965
0.08798221498727798
-1.4404405355453491
0.08151333779096603
-1.4385478496551514
0.0750528946518898
-1.4366261959075928
0.06860101222991943
-1.434675693511963
0.06215781345963478
-1.4326962232589722
0.05572343245148659
-1.4306879043579102
0.0492980033159256
-1.4286507368087769
0.04288165271282196
-1.4265847206115723
0.03647450730204582
-1.4244900941848755
0.030076701194047928
-1.422366738319397
0.023688357323408127
-1.4202147722244263
0.017309609800577164
-1.4180341958999634
0.010940582491457462
-1.4158250093460083
0.004581407178193331
-1.4135873317718506
-0.0017677899450063705
-1.4113211631774902
-0.008106880821287632
-1.4090266227722168
-0.01443573646247387
-1.4067035913467407
-0.02075423114001751
-1.4043523073196411
-0.02706223540008068
-1.401972770690918
-0.033359624445438385
-1.3995648622512817
-0.039646271616220474
-1.397128939628601
-0.04592204838991165
-1.3946647644042969
-0.05218682810664177
-1.3921724557876587
-0.05844048783183098
-1.3896522521972656
-0.06468290090560913
-1.3871039152145386
-0.07091393321752548
-1.3845276832580566
-0.07713346928358078
-1.3819235563278198
-0.08334138244390488
-1.3792916536331177
-0.08953754603862762
-1.3766319751739502
-0.09572183340787888
-1.3739445209503174
-0.10189412534236908
-1.3712294101715088
-0.10805428773164749
-1.3684866428375244
-0.11420220881700516
-1.3657163381576538
-0.12033775448799133
-1.362918496131897
-0.12646080553531647
-1.3600932359695435
-0.1325712502002716
-1.3572405576705933
-0.1386689394712448
-1.354360580444336
-0.14475376904010773
-1.3514533042907715
-0.1508256047964096
-1.3485188484191895
-0.1568843424320221
-1.3455570936203003
-0.16292984783649445
-1.3425683975219727
-0.16896198689937592
-1.3395525217056274
-0.17498067021369934
-1.3365098237991333
-0.18098574876785278
-1.3334400653839111
-0.18697711825370789
-1.33034348487854
-0.1929546445608139
-1.3272202014923096
-0.1989182084798813
-1.3240700960159302
-0.20486770570278168
-1.3208932876586914
-0.21080298721790314
-1.3176898956298828
-0.2167239636182785
-1.314460039138794
-0.22263051569461823
-1.3112035989761353
-0.22852249443531036
-1.3079208135604858
-0.23439981043338776
-1.3046116828918457
-0.24026232957839966
-1.3012763261795044
-0.24610993266105652
-1.2979146242141724
-0.25194251537323
-1.2945269346237183
-0.2577599585056305
-1.291113018989563
-0.2635621130466461
-1.2876732349395752
-0.2693489193916321
-1.2842074632644653
-0.27512019872665405
-1.2807157039642334
-0.28087589144706726
-1.277198314666748
-0.28661584854125977
-1.2736551761627197
-0.292339950799942
-1.2700862884521484
-0.29804810881614685
-1.2664918899536133
-0.3037402033805847
-1.2628719806671143
-0.3094160854816437
-1.2592265605926514
-0.31507566571235657
-1.2555558681488037
-0.32071882486343384
-1.2518599033355713
-0.3263454735279083
-1.248138666152954
-0.3319554626941681
-1.2443922758102417
-0.33754870295524597
-1.2406208515167236
-0.3431250751018524
-1.2368243932724
-0.3486844599246979
-1.2330031394958496
-0.3542267382144928
-1.2291569709777832
-0.35975182056427
-1.2252860069274902
-0.36525958776474
-1.2213903665542603
-0.37074992060661316
-1.2174701690673828
-0.37622272968292236
-1.2135255336761475
-0.38167786598205566
-1.2095563411712646
-0.3871152698993683
-1.2055628299713135
-0.3925347924232483
-1.201545000076294
-0.3979363441467285
-1.1975029706954956
-0.4033198058605194
-1.193436861038208
-0.4086850583553314
-1.1893466711044312
-0.4140320420265198
-1.1852325201034546
-0.41936057806015015
-1.1810945272445679
-0.42467060685157776
-1.176932692527771
-0.42996203899383545
-1.172747254371643
-0.4352346956729889
-1.1685380935668945
-0.4404885470867157
-1.1643054485321045
-0.44572344422340393
-1.160049319267273
-0.4509392976760864
-1.1557698249816895
-0.45613598823547363
-1.1514670848846436
-0.4613134264945984
-1.1471412181854248
-0.46647149324417114
-1.1427921056747437
-0.47161009907722473
-1.1384199857711792
-0.4767291247844696
-1.1340250968933105
-0.481828510761261
-1.1296072006225586
-0.48690807819366455
-1.125166654586792
-0.4919677972793579
-1.1207033395767212
-0.4970075190067291
-1.1162174940109253
-0.502027153968811
-1.1117092370986938
-0.5070266127586365
-1.1071784496307373
-0.5120058059692383
-1.1026254892349243
-0.5169646143913269
-1.0980502367019653
-0.5219029188156128
-1.0934529304504395
-0.5268206596374512
-1.0888335704803467
-0.5317177176475525
-1.0841922760009766
-0.5365939736366272
-1.0795291662216187
-0.5414493680000305
-1.074844241142273
-0.5462837815284729
-1.0701377391815186
-0.5510970950126648
-1.0654096603393555
-0.5558892488479614
-1.0606601238250732
-0.560660183429718
-1.0558892488479614
-0.5654097199440002
-1.0510971546173096
-0.5701377987861633
-1.0462837219238281
-0.5748443007469177
-1.0414493083953857
-0.5795291662216187
-1.0365939140319824
-0.5841922760009766
-1.0317176580429077
-0.5888335704803467
-1.0268206596374512
-0.5934529304504395
-1.0219029188156128
-0.5980502963066101
-1.0169646739959717
-0.6026254892349243
-1.0120058059692383
-0.6071785092353821
-1.0070266723632812
-0.6117091774940491
-1.002027153968811
-0.6162174940109253
-0.9970075488090515
-0.6207033395767212
-0.9919677972793579
-0.6251665949821472
-0.9869080781936646
-0.6296072006225586
-0.981828510761261
-0.6340250372886658
-0.976729154586792
-0.638420045375824
-0.9716101288795471
-0.6427921056747437
-0.9664714932441711
-0.64714115858078
-0.9613134264945984
-0.6514670848846436
-0.9561359882354736
-0.6557698845863342
-0.9509392976760864
-0.660049319267273
-0.9457234144210815
-0.6643054485321045
-0.9404885172843933
-0.6685380935668945
-0.9352347254753113
-0.6727471947669983
-0.9299620389938354
-0.6769327521324158
-0.9246706366539001
-0.6810945272445679
-0.9193605780601501
-0.6852325201034546
-0.9140320420265198
-0.6893466711044312
-0.9086850881576538
-0.6934368014335632
-0.903319776058197
-0.6975029706954956
-0.8979363441467285
-0.701545000076294
-0.8925347924232483
-0.7055627703666687
-0.8871152997016907
-0.7095563411712646
-0.8816778659820557
-0.7135254740715027
-0.8762227296829224
-0.7174702286720276
-0.8707499504089355
-0.721390426158905
-0.86525958776474
-0.7252860069274902
-0.85975182056427
-0.7291569709777832
-0.8542267680168152
-0.7330031394958496
-0.8486844301223755
-0.7368244528770447
-0.84312504529953
-0.7406208515167236
-0.8375486731529236
-0.7443922758102417
-0.8319554924964905
-0.7481386661529541
-0.8263454437255859
-0.7518599033355713
-0.8207188248634338
-0.7555558681488037
-0.815075695514679
-0.7592266201972961
-0.8094160556793213
-0.7628719806671143
-0.8037402033805847
-0.7664918899536133
-0.7980481386184692
-0.7700862884521484
-0.7923399806022644
-0.773655116558075
-0.7866158485412598
-0.777198314666748
-0.7808759212493896
-0.7807157635688782
-0.775120198726654
-0.7842074036598206
-0.7693489193916321
-0.7876731753349304
-0.7635621428489685
-0.791113018989563
-0.7577599287033081
-0.7945268750190735
-0.75194251537323
-0.7979146838188171
-0.7461099624633789
-0.8012762665748596
-0.7402623295783997
-0.8046116828918457
-0.7343997955322266
-0.8079208135604858
-0.7285224795341492
-0.81120365858078
-0.722630500793457
-0.814460039138794
-0.7167239785194397
-0.8176899552345276
-0.7108029723167419
-0.8208932876586914
-0.7048677206039429
-0.8240700364112854
-0.6989182233810425
-0.8272201418876648
-0.6929546594619751
-0.8303435444831848
-0.6869770884513855
-0.8334400653839111
-0.6809857487678528
-0.8365097641944885
-0.674980640411377
-0.8395525813102722
-0.6689620018005371
-0.8425683975219727
-0.6629298329353333
-0.8455571532249451
-0.6568843126296997
-0.8485187888145447
-0.6508256196975708
-0.8514533042907715
-0.6447537541389465
-0.8543605804443359
-0.638668954372406
-0.8572405576705933
-0.6325712203979492
-0.8600932359695435
-0.6264607906341553
-0.862918496131897
-0.6203377842903137
-0.8657163381576538
-0.6142022013664246
-0.8684866428375244
-0.6080542802810669
-0.871229350566864
-0.6018941402435303
-0.8739444613456726
-0.5957218408584595
-0.8766319155693054
-0.5895375609397888
-0.8792916536331177
-0.5833413600921631
-0.8819236159324646
-0.5771334767341614
-0.8845276832580566
-0.5709139108657837
-0.8871039152145386
-0.5646829009056091
-0.8896521925926208
-0.5584405064582825
-0.8921724557876587
-0.5521868467330933
-0.8946647047996521
-0.545922040939331
-0.8971288800239563
-0.5396462678909302
-0.8995649218559265
-0.5333596467971802
-0.9019727110862732
-0.5270622372627258
-0.9043523073196411
-0.5207542181015015
-0.9067035913467407
-0.5144357085227966
-0.909026563167572
-0.5081068873405457
-0.9113211631774902
-0.5017678141593933
-0.9135873317718506
-0.49541857838630676
-0.9158250093460083
-0.4890594184398651
-0.9180341362953186
-0.48269039392471313
-0.9202147722244263
-0.47631165385246277
-0.922366738319397
-0.4699232876300812
-0.9244900941848755
-0.4635255038738251
-0.926584780216217
-0.45711836218833923
-0.9286506772041321
-0.4507019817829132
-0.9306878447532654
-0.4442765712738037
-0.9326961636543274
-0.4378421902656555
-0.9346756339073181
-0.43139898777008057
-0.9366261959075928
-0.4249471127986908
-0.9385478496551514
-0.41848665475845337
-0.9404405355453491
-0.4120177924633026
-0.9423041939735413
-0.4055406153202057
-0.944138765335083
-0.39905527234077454
-0.9459443092346191
-0.3925618827342987
-0.9477207064628601
-0.38606059551239014
-0.9494678974151611
-0.3795515298843384
-0.951185941696167
-0.37303483486175537
-0.9528747200965881
-0.3665105998516083
-0.9545342922210693
-0.3599790036678314
-0.956164538860321
-0.35344016551971436
-0.9577654600143433
-0.34689417481422424
-0.9593369960784912
-0.3403412103652954
-0.9608791470527649
-0.3337813913822174
-0.9623918533325195
-0.3272148668766022
-0.9638751149177551
-0.32064172625541687
-0.9653289318084717
-0.3140621483325958
-0.9667531847953796
-0.3074762225151062
-0.9681479334831238
-0.3008841276168823
-0.9695131182670593
-0.29428595304489136
-0.9708486795425415
-0.28768184781074524
-0.9721546173095703
-0.2810719609260559
-0.973430871963501
-0.2744564116001129
-0.9746775031089783
-0.2678353488445282
-0.9758943915367126
-0.2612088620662689
-0.9770815372467041
-0.2545771300792694
-0.9782389998435974
-0.2479402720928192
-0.9793666005134583
-0.24129840731620789
-0.9804644584655762
-0.23465169966220856
-0.9815325140953064
-0.22800025343894958
-0.9825707077980042
-0.2213442176580429
-0.9835790395736694
-0.21468372642993927
-0.9845574498176575
-0.20801891386508942
-0.985505998134613
-0.2013498991727829
-0.9864246249198914
-0.19467683136463165
-0.9873133301734924
-0.18799984455108643
-0.9881720542907715
-0.18131907284259796
-0.9890007972717285
-0.174634650349617
-0.9897995591163635
-0.1679467111825943
-0.9905683398246765
-0.1612553894519806
-0.9913070201873779
-0.15456081926822662
-0.9920157194137573
-0.14786313474178314
-0.9926943778991699
-0.1411624699831009
-0.993342936038971
-0.13445895910263062
-0.9939614534378052
-0.12775275111198425
-0.9945498704910278
-0.12104395776987076
-0.9951081275939941
-0.11433273553848267
-0.9956363439559937
-0.10761920362710953
-0.9961344003677368
-0.10090351104736328
-0.9966022968292236
-0.09418577700853348
-0.9970400929450989
-0.08746615052223206
-0.9974477291107178
-0.08074476569890976
-0.9978252053260803
-0.07402174919843674
-0.9981724619865417
-0.06729724258184433
-0.9984896183013916
-0.06057138368487358
-0.9987765550613403
-0.053844302892684937
-0.9990332722663879
-0.04711613804101944
-0.9992598295211792
-0.040387023240327835
-0.9994562268257141
-0.033657096326351166
-0.9996223449707031
-0.026926491409540176
-0.9997583031654358
-0.02019534260034561
-0.9998640418052673
-0.013463787734508514
-0.9999395608901978
-0.006731961853802204
-0.9999849200248718
-1.6078131647644057e-15
-1.0
0.006731961853802204
-0.9999849200248718
0.013463787734508514
-0.9999395608901978
0.02019534260034561
-0.9998640418052673
0.026926491409540176
-0.9997583031654358
0.033657096326351166
-0.9996223449707031
0.040387023240327835
-0.9994562268257141
0.04711613804101944
-0.9992598295211792
0.053844302892684937
-0.9990332722663879
0.06057138368487358
-0.9987765550613403
0.06729724258184433
-0.9984896183013916
0.07402174919843674
-0.9981724619865417
0.08074476569890976
-0.9978252053260803
0.08746615052223206
-0.9974477291107178
0.09418577700853348
-0.9970400929450989
0.10090351104736328
-0.9966022968292236
0.10761920362710953
-0.9961344003677368
0.11433273553848267
-0.9956363439559937
0.12104395776987076
-0.9951081275939941
0.12775275111198425
-0.9945498704910278
0.13445895910263062
-0.9939614534378052
0.1411624699831009
-0.993342936038971
0.14786313474178314
-0.9926943778991699
0.15456081926822662
-0.9920157194137573
0.1612553894519806
-0.9913070201873779
0.1679467111825943
-0.9905683398246765
0.174634650349617
-0.9897995591163635
0.18131907284259796
-0.9890007972717285
0.18799984455108643
-0.9881720542907715
0.19467683136463165
-0.9873133301734924
0.2013498991727829
-0.9864246249198914
0.20801891386508942
-0.985505998134613
0.21468372642993927
-0.9845574498176575
0.2213442176580429
-0.9835790395736694
0.22800025343894958
-0.9825707077980042
0.23465169966220856
-0.9815325140953064
0.24129840731620789
-0.9804644584655762
0.2479402720928192
-0.9793666005134583
0.2545771300792694
-0.9782389998435974
0.2612088620662689
-0.9770815372467041
0.2678353488445282
-0.9758943915367126
0.2744564116001129
-0.9746775031089783
0.2810719609260559
-0.973430871963501
0.28768184781074524
-0.9721546173095703
0.29428595304489136
-0.9708486795425415
0.3008841276168823
-0.9695131182670593
0.3074762225151062
-0.9681479334831238
0.3140621483325958
-0.9667531847953796
0.32064172625541687
-0.9653289318084717
0.3272148668766022
-0.9638751149177551
0.3337813913822174
-0.9623918533325195
0.3403412103652954
-0.9608791470527649
0.34689417481422424
-0.9593369960784912
0.35344016551971436
-0.9577654600143433
0.3599790036678314
-0.956164538860321
0.3665105998516083
-0.9545342922210693
0.37303483486175537
-0.9528747200965881
0.3795515298843384
-0.951185941696167
0.38606059551239014
-0.9494678974151611
0.3925618827342987
-0.9477207064628601
0.39905527234077454
-0.9459443092346191
0.4055406153202057
-0.944138765335083
0.4120177924633026
-0.9423041939735413
0.41848665475845337
-0.9404405355453491
0.4249471127986908
-0.9385478496551514
0.43139898777008057
-0.9366261959075928
0.4378421902656555
-0.9346756339073181
0.4442765712738037
-0.9326961636543274
0.4507019817829132
-0.9306878447532654
0.45711836218833923
-0.9286506772041321
0.4635255038738251
-0.926584780216217
0.4699232876300812
-0.9244900941848755
0.47631165385246277
-0.922366738319397
0.48269039392471313
-0.9202147722244263
0.4890594184398651
-0.9180341362953186
0.49541857838630676
-0.9158250093460083
0.5017678141593933
-0.9135873317718506
0.5081068873405457
-0.9113211631774902
0.5144357085227966
-0.909026563167572
0.5207542181015015
-0.9067035913467407
0.5270622372627258
-0.9043523073196411
0.5333596467971802
-0.9019727110862732
0.5396462678909302
-0.8995649218559265
0.545922040939331
-0.8971288800239563
0.5521868467330933
-0.8946647047996521
0.5584405064582825
-0.8921724557876587
0.5646829009056091
-0.8896521925926208
0.5709139108657837
-0.8871039152145386
0.5771334767341614
-0.8845276832580566
0.5833413600921631
-0.8819236159324646
0.5895375609397888
-0.8792916536331177
0.5957218408584595
-0.8766319155693054
0.6018941402435303
-0.8739444613456726
0.6080542802810669
-0.871229350566864
0.6142022013664246
-0.8684866428375244
0.6203377842903137
-0.8657163381576538
0.6264607906341553
-0.862918496131897
0.6325712203979492
-0.8600932359695435
0.638668954372406
-0.8572405576705933
0.6447537541389465
-0.8543605804443359
0.6508256196975708
-0.8514533042907715
0.6568843126296997
-0.8485187888145447
0.6629298329353333
-0.8455571532249451
0.6689620018005371
-0.8425683975219727
0.674980640411377
-0.8395525813102722
0.6809857487678528
-0.8365097641944885
0.6869770884513855
-0.8334400653839111
0.6929546594619751
-0.8303435444831848
0.6989182233810425
-0.8272201418876648
0.7048677206039429
-0.8240700364112854
0.7108029723167419
-0.8208932876586914
0.7167239785194397
-0.8176899552345276
0.722630500793457
-0.814460039138794
0.7285224795341492
-0.81120365858078
0.7343997955322266
-0.8079208135604858
0.7402623295783997
-0.8046116828918457
0.7461099624633789
-0.8012762665748596
0.75194251537323
-0.7979146838188171
0.7577599287033081
-0.7945268750190735
0.7635621428489685
-0.791113018989563
0.7693489193916321
-0.7876731753349304
0.775120198726654
-0.7842074036598206
0.7808759212493896
-0.7807157635688782
0.7866158485412598
-0.777198314666748
0.7923399806022644
-0.773655116558075
0.7980481386184692
-0.7700862884521484
0.8037402033805847
-0.7664918899536133
0.8094160556793213
-0.7628719806671143
0.815075695514679
-0.7592266201972961
0.8207188248634338
-0.7555558681488037
0.8263454437255859
-0.7518599033355713
0.8319554924964905
-0.7481386661529541
0.8375486731529236
-0.7443922758102417
0.84312504529953
-0.7406208515167236
0.8486844301223755
-0.7368244528770447
0.8542267680168152
-0.7330031394958496
0.85975182056427
-0.7291569709777832
0.86525958776474
-0.7252860069274902
0.8707499504089355
-0.721390426158905
0.8762227296829224
-0.7174702286720276
0.8816778659820557
-0.7135254740715027
0.8871152997016907
-0.7095563411712646
0.8925347924232483
-0.7055627703666687
0.8979363441467285
-0.701545000076294
0.903319776058197
-0.6975029706954956
0.9086850881576538
-0.6934368014335632
0.9140320420265198
-0.6893466711044312
0.9193605780601501
-0.6852325201034546
0.9246706366539001
-0.6810945272445679
0.9299620389938354
-0.6769327521324158
0.9352347254753113
-0.6727471947669983
0.9404885172843933
-0.6685380935668945
0.9457234144210815
-0.6643054485321045
0.9509392976760864
-0.660049319267273
0.9561359882354736
-0.6557698845863342
0.9613134264945984
-0.6514670848846436
0.9664714932441711
-0.64714115858078
0.9716101288795471
-0.6427921056747437
0.976729154586792
-0.638420045375824
0.981828510761261
-0.6340250372886658
0.9869080781936646
-0.6296072006225586
0.9919677972793579
-0.6251665949821472
0.9970075488090515
-0.6207033395767212
1.002027153968811
-0.6162174940109253
1.0070266723632812
-0.6117091774940491
1.0120058059692383
-0.6071785092353821
1.0169646739959717
-0.6026254892349243
1.0219029188156128
-0.5980502963066101
1.0268206596374512
-0.5934529304504395
1.0317176580429077
-0.5888335704803467
1.0365939140319824
-0.5841922760009766
1.0414493083953857
-0.5795291662216187
1.0462837219238281
-0.5748443007469177
1.0510971546173096
-0.5701377987861633
1.0558892488479614
-0.5654097199440002
1.0606601238250732
-0.560660183429718
1.0654096603393555
-0.5558892488479614
1.0701377391815186
-0.5510970950126648
1.074844241142273
-0.5462837815284729
1.0795291662216187
-0.5414493680000305
1.0841922760009766
-0.5365939736366272
1.0888335704803467
-0.5317177176475525
1.0934529304504395
-0.5268206596374512
1.0980502367019653
-0.5219029188156128
1.1026254892349243
-0.5169646143913269
1.1071784496307373
-0.5120058059692383
1.1117092370986938
-0.5070266127586365
1.1162174940109253
-0.502027153968811
1.1207033395767212
-0.4970075190067291
1.125166654586792
-0.4919677972793579
1.1296072006225586
-0.48690807819366455
1.1340250968933105
-0.481828510761261
1.1384199857711792
-0.4767291247844696
1.1427921056747437
-0.47161009907722473
1.1471412181854248
-0.46647149324417114
1.1514670848846436
-0.4613134264945984
1.1557698249816895
-0.45613598823547363
1.160049319267273
-0.4509392976760864
1.1643054485321045
-0.44572344422340393
1.1685380935668945
-0.4404885470867157
1.172747254371643
-0.4352346956729889
1.176932692527771
-0.42996203899383545
1.1810945272445679
-0.42467060685157776
1.1852325201034546
-0.41936057806015015
1.1893466711044312
-0.4140320420265198
1.193436861038208
-0.4086850583553314
1.1975029706954956
-0.4033198058605194
1.201545000076294
-0.3979363441467285
1.2055628299713135
-0.3925347924232483
1.2095563411712646
-0.3871152698993683
1.2135255336761475
-0.38167786598205566
1.2174701690673828
-0.37622272968292236
1.2213903665542603
-0.37074992060661316
1.2252860069274902
-0.36525958776474
1.2291569709777832
-0.35975182056427
1.2330031394958496
-0.3542267382144928
1.2368243932724
-0.3486844599246979
1.2406208515167236
-0.3431250751018524
1.2443922758102417
-0.33754870295524597
1.248138666152954
-0.3319554626941681
1.2518599033355713
-0.3263454735279083
1.2555558681488037
-0.32071882486343384
1.2592265605926514
-0.31507566571235657
1.2628719806671143
-0.3094160854816437
1.2664918899536133
-0.3037402033805847
1.2700862884521484
-0.29804810881614685
1.2736551761627197
-0.292339950799942
1.277198314666748
-0.28661584854125977
1.2807157039642334
-0.28087589144706726
1.2842074632644653
-0.27512019872665405
1.2876732349395752
-0.2693489193916321
1.291113018989563
-0.2635621130466461
1.2945269346237183
-0.2577599585056305
1.2979146242141724
-0.25194251537323
1.3012763261795044
-0.24610993266105652
1.3046116828918457
-0.24026232957839966
1.3079208135604858
-0.23439981043338776
1.3112035989761353
-0.22852249443531036
1.314460039138794
-0.22263051569461823
1.3176898956298828
-0.2167239636182785
1.3208932876586914
-0.21080298721790314
1.3240700960159302
-0.20486770570278168
1.3272202014923096
-0.1989182084798813
1.33034348487854
-0.1929546445608139
1.3334400653839111
-0.18697711825370789
1.3365098237991333
-0.18098574876785278
1.3395525217056274
-0.17498067021369934
1.3425683975219727
-0.16896198689937592
1.3455570936203003
-0.16292984783649445
1.3485188484191895
-0.1568843424320221
1.3514533042907715
-0.1508256047964096
1.354360580444336
-0.14475376904010773
1.3572405576705933
-0.1386689394712448
1.3600932359695435
-0.1325712502002716
1.362918496131897
-0.12646080553531647
1.3657163381576538
-0.12033775448799133
1.3684866428375244
-0.11420220881700516
1.3712294101715088
-0.10805428773164749
1.3739445209503174
-0.10189412534236908
1.3766319751739502
-0.09572183340787888
1.3792916536331177
-0.08953754603862762
1.3819235563278198
-0.08334138244390488
1.3845276832580566
-0.07713346928358078
1.3871039152145386
-0.07091393321752548
1.3896522521972656
-0.06468290090560913
1.3921724557876587
-0.05844048783183098
1.3946647644042969
-0.05218682810664177
1.397128939628601
-0.04592204838991165
1.3995648622512817
-0.039646271616220474
1.401972770690918
-0.033359624445438385
1.4043523073196411
-0.02706223540008068
1.4067035913467407
-0.02075423114001751
1.4090266227722168
-0.01443573646247387
1.4113211631774902
-0.008106880821287632
1.4135873317718506
-0.0017677899450063705
1.4158250093460083
0.004581407178193331
1.4180341958999634
0.010940582491457462
1.4202147722244263
0.017309609800577164
1.422366738319397
0.023688357323408127
1.4244900941848755
0.030076701194047928
1.4265847206115723
0.03647450730204582
1.4286507368087769
0.04288165271282196
1.4306879043579102
0.0492980033159256
1.4326962232589722
0.05572343245148659
1.434675693511963
0.06215781345963478
1.4366261959075928
0.06860101222991943
1.4385478496551514
0.0750528946518898
1.4404405355453491
0.08151333779096603
1.4423041343688965
0.08798221498727798
1.444138765335083
0.09445939213037491
1.4459443092346191
0.10094473510980606
1.4477206468582153
0.1074381098151207
1.4494678974151611
0.11393939703702927
1.451185941696167
0.12044846266508102
1.452874779701233
0.12696516513824463
1.4545342922210693
0.13348938524723053
1.4561644792556763
0.14002099633216858
1.4577654600143433
0.14655984938144684
1.4593369960784912
0.15310582518577576
1.4608790874481201
0.1596587896347046
1.4623918533325195
0.1662185937166214
1.4638751745224
0.17278513312339783
1.4653289318084717
0.17935827374458313
1.4667532444000244
0.18593785166740417
1.4681479930877686
0.1925237625837326
1.4695130586624146
0.19911587238311768
1.4708486795425415
0.20571404695510864
1.4721546173095703
0.21231813728809357
1.473430871963501
0.2189280241727829
1.4746774435043335
0.2255435734987259
1.4758943319320679
0.2321646511554718
1.477081537246704
0.23879113793373108
1.4782389402389526
0.2454228699207306
1.479366660118103
0.2520597279071808
1.4804644584655762
0.2587015926837921
1.4815324544906616
0.26534831523895264
1.4825706481933594
0.2719997465610504
1.4835790395736694
0.2786557674407959
1.4845575094223022
0.2853162884712219
1.4855060577392578
0.2919811010360718
1.4864246845245361
0.2986501157283783
1.4873132705688477
0.30532315373420715
1.4881720542907715
0.3120001554489136
1.4890007972717285
0.31868091225624084
1.4897996187210083
0.3253653347492218
1.4905682802200317
0.3320532739162445
1.491307020187378
0.3387446105480194
1.4920157194137573
0.34543919563293457
1.49269437789917
0.35213688015937805
1.4933429956436157
0.3588375449180603
1.4939614534378052
0.3655410408973694
1.4945498704910278
0.37224724888801575
1.4951081275939941
0.37895604968070984
1.4956363439559937
0.38566726446151733
1.4961344003677368
0.39238080382347107
1.4966022968292236
0.3990964889526367
1.497040033340454
0.4058142304420471
1.4974477291107178
0.41253384947776794
1.4978251457214355
0.41925522685050964
1.4981725215911865
0.42597824335098267
1.4984896183013916
0.4327027499675751
1.4987765550613403
0.4394286274909973
1.4990333318710327
0.44615569710731506
1.4992598295211792
0.45288386940956116
1.4994561672210693
0.45961296558380127
1.4996223449707031
0.46634289622306824
1.499758243560791
0.4730735123157501
1.499864101409912
0.479804664850235
1.4999395608901978
0.4865362048149109
1.499984860420227
0.49326804280281067
1.499984860420227
0.49326804280281067
1.499984860420227
0.49326804280281067
1.499984860420227
0.49326804280281067
1.499984860420227
0.49326804280281067
1.499984860420227
0.49326804280281067
1.499984860420227
0.49326804280281067
1.499984860420227
0.49326804280281067
1.499984860420227
0.49326804280281067
1.499984860420227
0.49326804280281067
1.499984860420227
0.49326804280281067
1.499984860420227
0.49326804280281067
1.499984860420227
0.49326804280281067
1.499984860420227
0.49326804280281067
1.499984860420227
0.49326804280281067
1.499984860420227
0.49326804280281067
1.499984860420227
0.49326804280281067
1.499984860420227
0.49326804280281067
1.499984860420227
0.49326804280281067
1.499984860420227
0.49326804280281067
1.499984860420227
0.49326804280281067
1.499984860420227
0.49326804280281067
1.499984860420227
0.49326804280281067
1.499984860420227
0.49326804280281067
1.499984860420227
0.49326804280281067
1.499984860420227
0.49326804280281067
1.499984860420227
0.49326804280281067
1.499984860420227
0.49326804280281067
1.499984860420227
0.49326804280281067
1.499984860420227
0.49326804280281067
1.499984860420227
0.49326804280281067
1.499984860420227
0.49326804280281067
