-0.5052360892295837
0.9950133562088013
-0.5104726552963257
0.9900270104408264
-0.5157102346420288
0.9850411415100098
-0.5209494233131409
0.9800559878349304
-0.5261905789375305
0.9750717878341675
-0.5314342975616455
0.9700888395309448
-0.5366811156272888
0.9651073217391968
-0.5419314503669739
0.9601275324821472
-0.5471858978271484
0.9551497101783752
-0.5524449348449707
0.95017409324646
-0.5577090978622437
0.9452009201049805
-0.5629788637161255
0.9402304887771606
-0.5682547688484192
0.9352629780769348
-0.573537290096283
0.9302987456321716
-0.5788269639015198
0.9253379106521606
-0.5841243267059326
0.9203808903694153
-0.5894298553466797
0.9154278635978699
-0.594744086265564
0.9104790687561035
-0.6000674962997437
0.9055348038673401
-0.605400562286377
0.9005953669548035
-0.6107439398765564
0.8956610560417175
-0.6160979866981506
0.8907320499420166
-0.6214632987976074
0.8858087062835693
-0.6268404126167297
0.8808913230895996
-0.632229745388031
0.8759801387786865
-0.637631893157959
0.871075451374054
-0.6430473327636719
0.8661775588989258
-0.6484765410423279
0.8612868189811707
-0.6539201140403748
0.8564034700393677
-0.6593785285949707
0.8515278697013855
-0.6648522615432739
0.846660315990448
-0.6703419089317322
0.8418011665344238
-0.6758478879928589
0.8369507193565369
-0.681370735168457
0.832109272480011
-0.6869110465049744
0.8272771835327148
-0.6924691796302795
0.8224548101425171
-0.6980457901954651
0.8176425695419312
-0.7036413550376892
0.8128407001495361
-0.7092563509941101
0.8080496191978455
-0.7148913145065308
0.8032697439193726
-0.7205467224121094
0.7985013723373413
-0.7262231111526489
0.7937449812889099
-0.7319210171699524
0.7890008687973022
-0.7376408576965332
0.7842694520950317
-0.7433832883834839
0.7795512080192566
-0.7491486668586731
0.7748464941978455
-0.7549375891685486
0.7701557278633118
-0.7607504725456238
0.7654794454574585
-0.7665879726409912
0.7608179450035095
-0.7724504470825195
0.7561717629432678
-0.7783384323120117
0.7515413165092468
-0.7842524647712708
0.7469271421432495
-0.7901930212974548
0.7423296570777893
-0.7961606383323669
0.7377493381500244
-0.8021557331085205
0.7331867814064026
-0.8081788420677185
0.7286424040794373
-0.8142304420471191
0.7241167426109314
-0.8203110098838806
0.719610333442688
-0.8264210224151611
0.71512371301651
-0.8325610756874084
0.7106574773788452
-0.8387314677238464
0.7062121629714966
-0.8449327945709229
0.7017883658409119
-0.8511655330657959
0.697386622428894
-0.8574300408363342
0.6930075883865356
-0.8637269139289856
0.6886518001556396
-0.8700565695762634
0.6843199729919434
-0.8764194250106812
0.6800127625465393
-0.882815957069397
0.6757307052612305
-0.8892465829849243
0.6714745163917542
-0.8957118391990662
0.6672449707984924
-0.9022120237350464
0.6630426049232483
-0.908747673034668
0.6588682532310486
-0.9153192043304443
0.6547225713729858
-0.9219269752502441
0.6506063342094421
-0.9285714030265808
0.6465202569961548
-0.9352529644966125
0.6424651145935059
-0.941972017288208
0.6384416818618774
-0.9487289190292358
0.6344507932662964
-0.9555240273475647
0.6304932236671448
-0.9623578190803528
0.6265698671340942
-0.969230592250824
0.6226814389228821
-0.9761426448822021
0.6188289523124695
-0.9830944538116455
0.6150131821632385
-0.9900861978530884
0.6112350225448608
-0.9971182942390442
0.6074954867362976
-1.0041910409927368
0.6037954092025757
-1.0113047361373901
0.6001357436180115
-1.018459677696228
0.5965175032615662
-1.02565598487854
0.5929416418075562
-1.0328941345214844
0.5894091129302979
-1.0401742458343506
0.585921049118042
-1.0474965572357178
0.582478404045105
-1.0548614263534546
0.579082190990448
-1.0622687339782715
0.5757336020469666
-1.0697189569473267
0.5724336504936218
-1.0772120952606201
0.5691834688186646
-1.084748387336731
0.5659841299057007
-1.0923279523849487
0.5628368854522705
-1.0999507904052734
0.55974280834198
-1.1076170206069946
0.5567031502723694
-1.1153268814086914
0.5537191033363342
-1.1230801343917847
0.55079185962677
-1.130876898765564
0.5479226112365723
-1.1387172937393188
0.5451127886772156
-1.1466012001037598
0.5423634648323059
-1.1545284986495972
0.5396761298179626
-1.162499189376831
0.5370519757270813
-1.1705131530761719
0.5344923138618469
-1.1785701513290405
0.5319986343383789
-1.186670184135437
0.5295721888542175
-1.1948130130767822
0.5272144079208374
-1.2029982805252075
0.5249266624450684
-1.2112258672714233
0.5227104425430298
-1.2194952964782715
0.5205671191215515
-1.2278064489364624
0.5184982419013977
-1.2361589670181274
0.5165051817893982
-1.2445522546768188
0.5145894289016724
-1.252985954284668
0.5127525925636292
-1.2614597082138062
0.5109961032867432
-1.269972801208496
0.5093215107917786
-1.2785248756408691
0.5077303647994995
-1.287115216255188
0.5062242746353149
-1.2957432270050049
0.5048047304153442
-1.3044081926345825
0.5034733414649963
-1.3131093978881836
0.5022317171096802
-1.3218461275100708
0.5010815262794495
-1.3306174278259277
0.5000242590904236
-1.3394224643707275
0.49906158447265625
-1.3482604026794434
0.4981951415538788
-1.3571302890777588
0.4974265694618225
-1.3660309314727783
0.49675753712654114
-1.3749613761901855
0.4961896240711212
-1.3839205503463745
0.49572452902793884
-1.3929070234298706
0.49536389112472534
-1.4019198417663574
0.49510934948921204
-1.4109575748443604
0.49496254324913025
-1.4200187921524048
0.4949251711368561
-1.4291021823883057
0.4949988126754761
-1.4382063150405884
0.49518513679504395
-1.4473295211791992
0.49548575282096863
-1.456470251083374
0.49590229988098145
-1.4656269550323486
0.49643638730049133
-1.4747977256774902
0.4970896244049072
-1.4839807748794556
0.4978635311126709
-1.493174433708191
0.49875974655151367
-1.502376675605774
0.4997797906398773
-1.5115854740142822
0.5009251832962036
-1.5207988023757935
0.5021973848342896
-1.5300145149230957
0.5035979747772217
-1.539230465888977
0.5051283240318298
-1.548444390296936
0.5067899227142334
-1.5576540231704712
0.5085840821266174
-1.566856861114502
0.5105121731758118
-1.5760504007339478
0.5125755667686462
-1.5852323770523071
0.5147755146026611
-1.5943998098373413
0.517113208770752
-1.6035504341125488
0.519589900970459
-1.6126811504364014
0.522206723690033
-1.6217893362045288
0.5249647498130798
-1.6308722496032715
0.5278649926185608
-1.6399266719818115
0.5309085249900818
-1.6489497423171997
0.5340961813926697
-1.6579384803771973
0.5374288558959961
-1.6668896675109863
0.5409073829650879
-1.675800085067749
0.5445324182510376
-1.6846665143966675
0.5483046770095825
-1.6934857368469238
0.5522247552871704
-1.7022541761398315
0.5562930703163147
-1.7109687328338623
0.5605102181434631
-1.7196255922317505
0.56487637758255
-1.7282214164733887
0.5693919062614441
-1.7367526292800903
0.5740569829940796
-1.745215654373169
0.5788716673851013
-1.7536066770553589
0.5838359594345093
-1.7619221210479736
0.5889497399330139
-1.7701581716537476
0.5942128300666809
-1.778311014175415
0.5996248722076416
-1.786376953125
0.6051855683326721
-1.7943521738052368
0.6108942627906799
-1.8022326231002808
0.6167504787445068
-1.8100146055221558
0.622753381729126
-1.817694067955017
0.6289021372795105
-1.8252671957015991
0.6351958513259888
-1.8327301740646362
0.6416333913803101
-1.8400788307189941
0.6482135653495789
-1.8473093509674072
0.6549350619316101
-1.8544178009033203
0.661796510219574
-1.8614002466201782
0.6687962412834167
-1.8682528734207153
0.6759327054023743
-1.8749717473983765
0.6832040548324585
-1.8815529346466064
0.6906083226203918
-1.8879927396774292
0.698143482208252
-1.8942872285842896
0.7058073878288269
-1.9004327058792114
0.7135977149009705
-1.9064254760742188
0.7215120792388916
-1.9122618436813354
0.729547917842865
-1.917938232421875
0.7377025485038757
-1.9234510660171509
0.7459732294082642
-1.9287967681884766
0.7543569803237915
-1.9339721202850342
0.762850821018219
-1.9389735460281372
0.7714515924453735
-1.9437980651855469
0.7801560759544373
-1.9484422206878662
0.7889608144760132
-1.952903151512146
0.7978624105453491
-1.957177758216858
0.806857168674469
-1.9612632989883423
0.8159415125846863
-1.9651567935943604
0.8251115679740906
-1.968855619430542
0.8343634605407715
-1.9723573923110962
0.8436932563781738
-1.9756594896316528
0.8530967235565186
-1.978759765625
0.8625698685646057
-1.9816558361053467
0.8721082806587219
-1.9843459129333496
0.8817077279090881
-1.9868279695510864
0.891363799571991
-1.9891002178192139
0.9010720252990723
-1.9911609888076782
0.9108278155326843
-1.9930088520050049
0.9206266403198242
-1.9946424961090088
0.9304638504981995
-1.996060848236084
0.9403347373008728
-1.9972625970840454
0.9502345323562622
-1.9982471466064453
0.9601585865020752
-1.9990135431289673
0.9701019525527954
-1.9995614290237427
0.9800598621368408
-1.9998903274536133
0.9900274872779846
-2.0
1.0
-1.9998903274536133
1.0099724531173706
-1.9995614290237427
1.0199401378631592
-1.9990135431289673
1.0298980474472046
-1.9982471466064453
1.0398414134979248
-1.9972625970840454
1.0497654676437378
-1.996060848236084
1.0596652030944824
-1.9946424961090088
1.0695360898971558
-1.9930088520050049
1.0793733596801758
-1.9911609888076782
1.089172124862671
-1.9891002178192139
1.0989279747009277
-1.9868279695510864
1.1086361408233643
-1.9843459129333496
1.118292212486267
-1.9816558361053467
1.1278916597366333
-1.978759765625
1.137430191040039
-1.9756594896316528
1.1469032764434814
-1.9723573923110962
1.1563067436218262
-1.968855619430542
1.1656365394592285
-1.9651567935943604
1.1748883724212646
-1.9612632989883423
1.184058427810669
-1.957177758216858
1.1931427717208862
-1.952903151512146
1.2021375894546509
-1.9484422206878662
1.2110391855239868
-1.9437980651855469
1.2198439836502075
-1.9389735460281372
1.2285484075546265
-1.9339721202850342
1.2371492385864258
-1.9287967681884766
1.2456430196762085
-1.9234510660171509
1.2540267705917358
-1.917938232421875
1.2622973918914795
-1.9122618436813354
1.2704520225524902
-1.9064254760742188
1.2784879207611084
-1.9004327058792114
1.2864022254943848
-1.8942872285842896
1.2941925525665283
-1.8879927396774292
1.301856517791748
-1.8815529346466064
1.309391736984253
-1.8749717473983765
1.3167959451675415
-1.8682528734207153
1.324067234992981
-1.8614002466201782
1.3312036991119385
-1.8544178009033203
1.3382035493850708
-1.8473093509674072
1.3450648784637451
-1.8400788307189941
1.351786494255066
-1.8327301740646362
1.35836660861969
-1.8252671957015991
1.3648041486740112
-1.817694067955017
1.3710978031158447
-1.8100146055221558
1.377246618270874
-1.8022326231002808
1.3832495212554932
-1.7943521738052368
1.3891056776046753
-1.786376953125
1.3948144912719727
-1.778311014175415
1.4003751277923584
-1.7701581716537476
1.4057872295379639
-1.7619221210479736
1.4110503196716309
-1.7536066770553589
1.4161640405654907
-1.745215654373169
1.421128273010254
-1.7367526292800903
1.4259430170059204
-1.7282214164733887
1.4306080341339111
-1.7196255922317505
1.4351235628128052
-1.7109687328338623
1.4394898414611816
-1.7022541761398315
1.4437068700790405
-1.6934857368469238
1.4477752447128296
-1.6846665143966675
1.4516953229904175
-1.675800085067749
1.4554675817489624
-1.6668896675109863
1.459092617034912
-1.6579384803771973
1.462571144104004
-1.6489497423171997
1.465903878211975
-1.6399266719818115
1.469091534614563
-1.6308722496032715
1.4721349477767944
-1.6217893362045288
1.475035309791565
-1.6126811504364014
1.4777933359146118
-1.6035504341125488
1.480410099029541
-1.5943998098373413
1.482886791229248
-1.5852323770523071
1.4852244853973389
-1.5760504007339478
1.487424373626709
-1.566856861114502
1.4894877672195435
-1.5576540231704712
1.4914159774780273
-1.548444390296936
1.4932100772857666
-1.539230465888977
1.4948716163635254
-1.5300145149230957
1.4964020252227783
-1.5207988023757935
1.4978026151657104
-1.5115854740142822
1.4990748167037964
-1.502376675605774
1.5002201795578003
-1.493174433708191
1.5012402534484863
-1.4839807748794556
1.502136468887329
-1.4747977256774902
1.5029103755950928
-1.4656269550323486
1.503563642501831
-1.456470251083374
1.5040977001190186
-1.4473295211791992
1.504514217376709
-1.4382063150405884
1.504814863204956
-1.4291021823883057
1.505001187324524
-1.4200187921524048
1.5050748586654663
-1.4109575748443604
1.5050374269485474
-1.4019198417663574
1.5048906803131104
-1.3929070234298706
1.5046361684799194
-1.3839205503463745
1.5042754411697388
-1.3749613761901855
1.5038104057312012
-1.3660309314727783
1.5032424926757812
-1.3571302890777588
1.5025733709335327
-1.3482604026794434
1.5018048286437988
-1.3394224643707275
1.5009384155273438
-1.3306174278259277
1.4999758005142212
-1.3218461275100708
1.4989185333251953
-1.3131093978881836
1.4977682828903198
-1.3044081926345825
1.4965265989303589
-1.2957432270050049
1.4951952695846558
-1.287115216255188
1.493775725364685
-1.2785248756408691
1.4922696352005005
-1.269972801208496
1.4906784296035767
-1.2614597082138062
1.4890038967132568
-1.252985954284668
1.487247347831726
-1.2445522546768188
1.4854105710983276
-1.2361589670181274
1.4834948778152466
-1.2278064489364624
1.481501817703247
-1.2194952964782715
1.4794328212738037
-1.2112258672714233
1.4772895574569702
-1.2029982805252075
1.4750733375549316
-1.1948130130767822
1.4727855920791626
-1.186670184135437
1.4704278707504272
-1.1785701513290405
1.468001365661621
-1.1705131530761719
1.4655076265335083
-1.162499189376831
1.4629480838775635
-1.1545284986495972
1.4603239297866821
-1.1466012001037598
1.4576364755630493
-1.1387172937393188
1.4548872709274292
-1.130876898765564
1.4520773887634277
-1.1230801343917847
1.44920814037323
-1.1153268814086914
1.4462809562683105
-1.1076170206069946
1.4432967901229858
-1.0999507904052734
1.44025719165802
-1.0923279523849487
1.4371631145477295
-1.084748387336731
1.4340158700942993
-1.0772120952606201
1.4308165311813354
-1.0697189569473267
1.427566409111023
-1.0622687339782715
1.4242664575576782
-1.0548614263534546
1.4209177494049072
-1.0474965572357178
1.417521595954895
-1.0401742458343506
1.414078950881958
-1.0328941345214844
1.4105908870697021
-1.02565598487854
1.4070583581924438
-1.018459677696228
1.4034825563430786
-1.0113047361373901
1.3998641967773438
-1.0041910409927368
1.3962045907974243
-0.9971182942390442
1.3925045728683472
-0.9900861978530884
1.3887649774551392
-0.9830944538116455
1.3849868774414062
-0.9761426448822021
1.3811711072921753
-0.969230592250824
1.3773185014724731
-0.9623578190803528
1.3734301328659058
-0.9555240273475647
1.3695067167282104
-0.9487289190292358
1.3655492067337036
-0.941972017288208
1.3615583181381226
-0.9352529644966125
1.3575348854064941
-0.9285714030265808
1.3534797430038452
-0.9219269752502441
1.3493937253952026
-0.9153192043304443
1.3452774286270142
-0.908747673034668
1.3411316871643066
-0.9022120237350464
1.336957335472107
-0.8957118391990662
1.3327550888061523
-0.8892465829849243
1.328525424003601
-0.882815957069397
1.3242692947387695
-0.8764194250106812
1.3199872970581055
-0.8700565695762634
1.3156800270080566
-0.8637269139289856
1.3113481998443604
-0.8574300408363342
1.3069924116134644
-0.8511655330657959
1.302613377571106
-0.8449327945709229
1.298211693763733
-0.8387314677238464
1.2937878370285034
-0.8325610756874084
1.2893425226211548
-0.8264210224151611
1.2848762273788452
-0.8203110098838806
1.280389666557312
-0.8142304420471191
1.2758833169937134
-0.8081788420677185
1.2713576555252075
-0.8021557331085205
1.2668132781982422
-0.7961606383323669
1.2622506618499756
-0.7901930212974548
1.2576704025268555
-0.7842524647712708
1.2530728578567505
-0.7783384323120117
1.2484586238861084
-0.7724504470825195
1.243828296661377
-0.7665879726409912
1.2391821146011353
-0.7607504725456238
1.2345205545425415
-0.7549375891685486
1.2298442125320435
-0.7491486668586731
1.2251535654067993
-0.7433832883834839
1.2204488515853882
-0.7376408576965332
1.2157305479049683
-0.7319210171699524
1.2109991312026978
-0.7262231111526489
1.2062550783157349
-0.7205467224121094
1.2014986276626587
-0.7148913145065308
1.1967302560806274
-0.7092563509941101
1.1919503211975098
-0.7036413550376892
1.1871592998504639
-0.6980457901954651
1.1823574304580688
-0.6924691796302795
1.177545189857483
-0.6869110465049744
1.1727228164672852
-0.681370735168457
1.1678907871246338
-0.6758478879928589
1.163049340248108
-0.6703419089317322
1.1581988334655762
-0.6648522615432739
1.1533396244049072
-0.6593785285949707
1.1484720706939697
-0.6539201140403748
1.1435965299606323
-0.6484765410423279
1.1387131214141846
-0.6430473327636719
1.1338224411010742
-0.637631893157959
1.1289246082305908
-0.632229745388031
1.1240198612213135
-0.6268404126167297
1.1191086769104004
-0.6214632987976074
1.1141912937164307
-0.6160979866981506
1.1092679500579834
-0.6107439398765564
1.1043390035629272
-0.605400562286377
1.0994045734405518
-0.6000674962997437
1.0944651365280151
-0.594744086265564
1.0895209312438965
-0.5894298553466797
1.084572196006775
-0.5841243267059326
1.0796191692352295
-0.5788269639015198
1.0746620893478394
-0.573537290096283
1.0697013139724731
-0.5682547688484192
1.0647369623184204
-0.5629788637161255
1.0597695112228394
-0.5577090978622437
1.0547990798950195
-0.5524449348449707
1.04982590675354
-0.5471858978271484
1.04485023021698
-0.5419314503669739
1.039872407913208
-0.5366811156272888
1.0348926782608032
-0.5314342975616455
1.0299111604690552
-0.5261905789375305
1.0249282121658325
-0.5209494233131409
1.0199440717697144
-0.5157102346420288
1.0149588584899902
-0.5104726552963257
1.0099729299545288
-0.5052360892295837
1.0049866437911987
-0.5
1.0
-0.49476394057273865
0.9950133562088013
-0.4895273447036743
0.9900270104408264
-0.4842897355556488
0.9850411415100098
-0.4790506064891815
0.9800559878349304
-0.4738094210624695
0.9750717878341675
-0.4685657024383545
0.9700888395309448
-0.46331891417503357
0.9651073217391968
-0.4580685496330261
0.9601275324821472
-0.45281410217285156
0.9551497101783752
-0.4475550353527069
0.95017409324646
-0.44229090213775635
0.9452009201049805
-0.4370211362838745
0.9402304887771606
-0.4317452311515808
0.9352629780769348
-0.42646270990371704
0.9302987456321716
-0.42117300629615784
0.9253379106521606
-0.4158756732940674
0.9203808903694153
-0.4105701446533203
0.9154278635978699
-0.4052559435367584
0.9104790687561035
-0.39993253350257874
0.9055348038673401
-0.39459940791130066
0.9005953669548035
-0.389256089925766
0.8956610560417175
-0.38390201330184937
0.8907320499420166
-0.3785367012023926
0.8858087062835693
-0.37315961718559265
0.8808913230895996
-0.367770254611969
0.8759801387786865
-0.3623681366443634
0.871075451374054
-0.3569526970386505
0.8661775588989258
-0.3515234589576721
0.8612868189811707
-0.34607988595962524
0.8564034700393677
-0.3406214714050293
0.8515278697013855
-0.3351477384567261
0.846660315990448
-0.3296581208705902
0.8418011665344238
-0.3241521418094635
0.8369507193565369
-0.31862926483154297
0.832109272480011
-0.313088983297348
0.8272771835327148
-0.30753079056739807
0.8224548101425171
-0.3019541800022125
0.8176425695419312
-0.2963586449623108
0.8128407001495361
-0.2907436490058899
0.8080496191978455
-0.28510868549346924
0.8032697439193726
-0.2794532775878906
0.7985013723373413
-0.2737768888473511
0.7937449812889099
-0.26807901263237
0.7890008687973022
-0.2623591125011444
0.7842694520950317
-0.2566167414188385
0.7795512080192566
-0.2508513331413269
0.7748464941978455
-0.2450624406337738
0.7701557278633118
-0.23924951255321503
0.7654794454574585
-0.23341205716133118
0.7608179450035095
-0.22754956781864166
0.7561717629432678
-0.22166156768798828
0.7515413165092468
-0.21574752032756805
0.7469271421432495
-0.20980696380138397
0.7423296570777893
-0.20383937656879425
0.7377493381500244
-0.19784428179264069
0.7331867814064026
-0.19182118773460388
0.7286424040794373
-0.18576958775520325
0.7241167426109314
-0.17968900501728058
0.719610333442688
-0.17357894778251648
0.71512371301651
-0.16743895411491394
0.7106574773788452
-0.16126851737499237
0.7062121629714966
-0.15506719052791595
0.7017883658409119
-0.1488344818353653
0.697386622428894
-0.14256992936134338
0.6930075883865356
-0.1362730711698532
0.6886518001556396
-0.12994344532489777
0.6843199729919434
-0.12358058989048004
0.6800127625465393
-0.11718405783176422
0.6757307052612305
-0.11075340211391449
0.6714745163917542
-0.10428818315267563
0.6672449707984924
-0.09778796136379242
0.6630426049232483
-0.09125231206417084
0.6588682532310486
-0.08468081057071686
0.6547225713729858
-0.07807303220033646
0.6506063342094421
-0.0714285746216774
0.6465202569961548
-0.06474702805280685
0.6424651145935059
-0.058027997612953186
0.6384416818618774
-0.051271095871925354
0.6344507932662964
-0.04447595030069351
0.6304932236671448
-0.03764217719435692
0.6265698671340942
-0.030769426375627518
0.6226814389228821
-0.02385733835399151
0.6188289523124695
-0.01690557226538658
0.6150131821632385
-0.009913798421621323
0.6112350225448608
-0.002881694817915559
0.6074954867362976
0.004191046580672264
0.6037954092025757
0.011304723098874092
0.6001357436180115
0.018459618091583252
0.5965175032615662
0.02565600350499153
0.5929416418075562
0.03289413824677467
0.5894091129302979
0.04017426073551178
0.585921049118042
0.047496601939201355
0.582478404045105
0.05486137419939041
0.579082190990448
0.06226877123117447
0.5757336020469666
0.06971897929906845
0.5724336504936218
0.0772121474146843
0.5691834688186646
0.08474843204021454
0.5659841299057007
0.09232794493436813
0.5628368854522705
0.09995079785585403
0.55974280834198
0.1076170802116394
0.5567031502723694
0.11532683670520782
0.5537191033363342
0.12308012694120407
0.55079185962677
0.13087695837020874
0.5479226112365723
0.13871732354164124
0.5451127886772156
0.14660120010375977
0.5423634648323059
0.15452851355075836
0.5396761298179626
0.16249920427799225
0.5370519757270813
0.17051315307617188
0.5344923138618469
0.1785702109336853
0.5319986343383789
0.1866702288389206
0.5295721888542175
0.19481298327445984
0.5272144079208374
0.20299826562404633
0.5249266624450684
0.21122582256793976
0.5227104425430298
0.21949534118175507
0.5205671191215515
0.22780649363994598
0.5184982419013977
0.23615892231464386
0.5165051817893982
0.24455223977565765
0.5145894289016724
0.25298598408699036
0.5127525925636292
0.26145967841148376
0.5109961032867432
0.26997286081314087
0.5093215107917786
0.27852490544319153
0.5077303647994995
0.2871152460575104
0.5062242746353149
0.29574325680732727
0.5048047304153442
0.3044082224369049
0.5034733414649963
0.313109427690506
0.5022317171096802
0.3218460977077484
0.5010815262794495
0.33061742782592773
0.5000242590904236
0.3394225239753723
0.49906158447265625
0.34826046228408813
0.4981951415538788
0.3571302890777588
0.4974265694618225
0.3660309612751007
0.49675753712654114
0.37496140599250793
0.4961896240711212
0.38392049074172974
0.49572452902793884
0.392907053232193
0.49536389112472534
0.4019198417663574
0.49510934948921204
0.41095754504203796
0.49496254324913025
0.4200188219547272
0.4949251711368561
0.42910224199295044
0.4949988126754761
0.4382063150405884
0.49518513679504395
0.4473295211791992
0.49548575282096863
0.4564702808856964
0.49590229988098145
0.46562692523002625
0.49643638730049133
0.47479769587516785
0.4970896244049072
0.48398080468177795
0.4978635311126709
0.4931744337081909
0.49875974655151367
0.5023766160011292
0.4997797906398773
0.5115854144096375
0.5009251832962036
0.5207987427711487
0.5021973848342896
0.5300145149230957
0.5035979747772217
0.539230465888977
0.5051283240318298
0.5484444499015808
0.5067899227142334
0.5576540231704712
0.5085840821266174
0.566856861114502
0.5105121731758118
0.5760504603385925
0.5125755667686462
0.5852323174476624
0.5147755146026611
0.5943998694419861
0.517113208770752
0.603550374507904
0.519589900970459
0.6126811504364014
0.522206723690033
0.6217893958091736
0.5249647498130798
0.6308721899986267
0.5278649926185608
0.6399266719818115
0.5309085249900818
0.6489497423171997
0.5340961813926697
0.6579384803771973
0.5374288558959961
0.6668896079063416
0.5409073829650879
0.675800085067749
0.5445324182510376
0.6846665143966675
0.5483046770095825
0.693485677242279
0.5522247552871704
0.7022542357444763
0.5562930703163147
0.7109686732292175
0.5605102181434631
0.7196255922317505
0.56487637758255
0.7282214760780334
0.5693919062614441
0.7367526888847351
0.5740569829940796
0.745215654373169
0.5788716673851013
0.7536066770553589
0.5838359594345093
0.7619220614433289
0.5889497399330139
0.7701581120491028
0.5942128300666809
0.778311014175415
0.5996248722076416
0.786376953125
0.6051855683326721
0.794352114200592
0.6108942627906799
0.8022326231002808
0.6167504787445068
0.8100146055221558
0.622753381729126
0.8176940679550171
0.6289021372795105
0.8252672553062439
0.6351958513259888
0.8327301144599915
0.6416333913803101
0.8400787711143494
0.6482135653495789
0.8473092913627625
0.6549350619316101
0.8544178009033203
0.661796510219574
0.8614002466201782
0.6687962412834167
0.8682528734207153
0.6759327054023743
0.8749716877937317
0.6832040548324585
0.8815529346466064
0.6906083226203918
0.8879926800727844
0.698143482208252
0.8942872285842896
0.7058073878288269
0.9004327058792114
0.7135977149009705
0.9064254760742188
0.7215120792388916
0.9122618436813354
0.729547917842865
0.9179381728172302
0.7377025485038757
0.9234510064125061
0.7459732294082642
0.9287967681884766
0.7543569803237915
0.9339720606803894
0.762850821018219
0.938973605632782
0.7714515924453735
0.9437980651855469
0.7801560759544373
0.948442280292511
0.7889608144760132
0.952903151512146
0.7978624105453491
0.9571778178215027
0.806857168674469
0.9612632393836975
0.8159415125846863
0.9651567339897156
0.8251115679740906
0.968855619430542
0.8343634605407715
0.9723573923110962
0.8436932563781738
0.9756594896316528
0.8530967235565186
0.9787597060203552
0.8625698685646057
0.9816558957099915
0.8721082806587219
0.9843459129333496
0.8817077279090881
0.9868279695510864
0.891363799571991
0.9891001582145691
0.9010720252990723
0.9911609888076782
0.9108278155326843
0.9930088520050049
0.9206266403198242
0.9946425557136536
0.9304638504981995
0.9960607886314392
0.9403347373008728
0.9972625970840454
0.9502345323562622
0.9982470870018005
0.9601585865020752
0.9990136027336121
0.9701019525527954
0.9995614290237427
0.9800598621368408
0.9998903274536133
0.9900274872779846
1.0
1.0
0.9998903274536133
1.0099724531173706
0.9995614290237427
1.0199401378631592
0.9990136027336121
1.0298980474472046
0.9982470870018005
1.0398414134979248
0.9972625970840454
1.0497654676437378
0.9960607886314392
1.0596652030944824
0.9946425557136536
1.0695360898971558
0.9930088520050049
1.0793733596801758
0.9911609888076782
1.089172124862671
0.9891001582145691
1.0989279747009277
0.9868279695510864
1.1086361408233643
0.9843459129333496
1.118292212486267
0.9816558957099915
1.1278916597366333
0.9787597060203552
1.137430191040039
0.9756594896316528
1.1469032764434814
0.9723573923110962
1.1563067436218262
0.968855619430542
1.1656365394592285
0.9651567339897156
1.1748883724212646
0.9612632393836975
1.184058427810669
0.9571778178215027
1.1931427717208862
0.952903151512146
1.2021375894546509
0.948442280292511
1.2110391855239868
0.9437980651855469
1.2198439836502075
0.938973605632782
1.2285484075546265
0.9339720606803894
1.2371492385864258
0.9287967681884766
1.2456430196762085
0.9234510064125061
1.2540267705917358
0.9179381728172302
1.2622973918914795
0.9122618436813354
1.2704520225524902
0.9064254760742188
1.2784879207611084
0.9004327058792114
1.2864022254943848
0.8942872285842896
1.2941925525665283
0.8879926800727844
1.301856517791748
0.8815529346466064
1.309391736984253
0.8749716877937317
1.3167959451675415
0.8682528734207153
1.324067234992981
0.8614002466201782
1.3312036991119385
0.8544178009033203
1.3382035493850708
0.8473092913627625
1.3450648784637451
0.8400787711143494
1.351786494255066
0.8327301144599915
1.35836660861969
0.8252672553062439
1.3648041486740112
0.8176940679550171
1.3710978031158447
0.8100146055221558
1.377246618270874
0.8022326231002808
1.3832495212554932
0.794352114200592
1.3891056776046753
0.786376953125
1.3948144912719727
0.778311014175415
1.4003751277923584
0.7701581120491028
1.4057872295379639
0.7619220614433289
1.4110503196716309
0.7536066770553589
1.4161640405654907
0.745215654373169
1.421128273010254
0.7367526888847351
1.4259430170059204
0.7282214760780334
1.4306080341339111
0.7196255922317505
1.4351235628128052
0.7109686732292175
1.4394898414611816
0.7022542357444763
1.4437068700790405
0.693485677242279
1.4477752447128296
0.6846665143966675
1.4516953229904175
0.675800085067749
1.4554675817489624
0.6668896079063416
1.459092617034912
0.6579384803771973
1.462571144104004
0.6489497423171997
1.465903878211975
0.6399266719818115
1.469091534614563
0.6308721899986267
1.4721349477767944
0.6217893958091736
1.475035309791565
0.6126811504364014
1.4777933359146118
0.603550374507904
1.480410099029541
0.5943998694419861
1.482886791229248
0.5852323174476624
1.4852244853973389
0.5760504603385925
1.487424373626709
0.566856861114502
1.4894877672195435
0.5576540231704712
1.4914159774780273
0.5484444499015808
1.4932100772857666
0.539230465888977
1.4948716163635254
0.5300145149230957
1.4964020252227783
0.5207987427711487
1.4978026151657104
0.5115854144096375
1.4990748167037964
0.5023766160011292
1.5002201795578003
0.4931744337081909
1.5012402534484863
0.48398080468177795
1.502136468887329
0.47479769587516785
1.5029103755950928
0.46562692523002625
1.503563642501831
0.4564702808856964
1.5040977001190186
0.4473295211791992
1.504514217376709
0.4382063150405884
1.504814863204956
0.42910224199295044
1.505001187324524
0.4200188219547272
1.5050748586654663
0.41095754504203796
1.5050374269485474
0.4019198417663574
1.5048906803131104
0.392907053232193
1.5046361684799194
0.38392049074172974
1.5042754411697388
0.37496140599250793
1.5038104057312012
0.3660309612751007
1.5032424926757812
0.3571302890777588
1.5025733709335327
0.34826046228408813
1.5018048286437988
0.3394225239753723
1.5009384155273438
0.33061742782592773
1.4999758005142212
0.3218460977077484
1.4989185333251953
0.313109427690506
1.4977682828903198
0.3044082224369049
1.4965265989303589
0.29574325680732727
1.4951952695846558
0.2871152460575104
1.493775725364685
0.27852490544319153
1.4922696352005005
0.26997286081314087
1.4906784296035767
0.26145967841148376
1.4890038967132568
0.25298598408699036
1.487247347831726
0.24455223977565765
1.4854105710983276
0.23615892231464386
1.4834948778152466
0.22780649363994598
1.481501817703247
0.21949534118175507
1.4794328212738037
0.21122582256793976
1.4772895574569702
0.20299826562404633
1.4750733375549316
0.19481298327445984
1.4727855920791626
0.1866702288389206
1.4704278707504272
0.1785702109336853
1.468001365661621
0.17051315307617188
1.4655076265335083
0.16249920427799225
1.4629480838775635
0.15452851355075836
1.4603239297866821
0.14660120010375977
1.4576364755630493
0.13871732354164124
1.4548872709274292
0.13087695837020874
1.4520773887634277
0.12308012694120407
1.44920814037323
0.11532683670520782
1.4462809562683105
0.1076170802116394
1.4432967901229858
0.09995079785585403
1.44025719165802
0.09232794493436813
1.4371631145477295
0.08474843204021454
1.4340158700942993
0.0772121474146843
1.4308165311813354
0.06971897929906845
1.427566409111023
0.06226877123117447
1.4242664575576782
0.05486137419939041
1.4209177494049072
0.047496601939201355
1.417521595954895
0.04017426073551178
1.414078950881958
0.03289413824677467
1.4105908870697021
0.02565600350499153
1.4070583581924438
0.018459618091583252
1.4034825563430786
0.011304723098874092
1.3998641967773438
0.004191046580672264
1.3962045907974243
-0.002881694817915559
1.3925045728683472
-0.009913798421621323
1.3887649774551392
-0.01690557226538658
1.3849868774414062
-0.02385733835399151
1.3811711072921753
-0.030769426375627518
1.3773185014724731
-0.03764217719435692
1.3734301328659058
-0.04447595030069351
1.3695067167282104
-0.051271095871925354
1.3655492067337036
-0.058027997612953186
1.3615583181381226
-0.06474702805280685
1.3575348854064941
-0.0714285746216774
1.3534797430038452
-0.07807303220033646
1.3493937253952026
-0.08468081057071686
1.3452774286270142
-0.09125231206417084
1.3411316871643066
-0.09778796136379242
1.336957335472107
-0.10428818315267563
1.3327550888061523
-0.11075340211391449
1.328525424003601
-0.11718405783176422
1.3242692947387695
-0.12358058989048004
1.3199872970581055
-0.12994344532489777
1.3156800270080566
-0.1362730711698532
1.3113481998443604
-0.14256992936134338
1.3069924116134644
-0.1488344818353653
1.302613377571106
-0.15506719052791595
1.298211693763733
-0.16126851737499237
1.2937878370285034
-0.16743895411491394
1.2893425226211548
-0.17357894778251648
1.2848762273788452
-0.17968900501728058
1.280389666557312
-0.18576958775520325
1.2758833169937134
-0.19182118773460388
1.2713576555252075
-0.19784428179264069
1.2668132781982422
-0.20383937656879425
1.2622506618499756
-0.20980696380138397
1.2576704025268555
-0.21574752032756805
1.2530728578567505
-0.22166156768798828
1.2484586238861084
-0.22754956781864166
1.243828296661377
-0.23341205716133118
1.2391821146011353
-0.23924951255321503
1.2345205545425415
-0.2450624406337738
1.2298442125320435
-0.2508513331413269
1.2251535654067993
-0.2566167414188385
1.2204488515853882
-0.2623591125011444
1.2157305479049683
-0.26807901263237
1.2109991312026978
-0.2737768888473511
1.2062550783157349
-0.2794532775878906
1.2014986276626587
-0.28510868549346924
1.1967302560806274
-0.2907436490058899
1.1919503211975098
-0.2963586449623108
1.1871592998504639
-0.3019541800022125
1.1823574304580688
-0.30753079056739807
1.177545189857483
-0.313088983297348
1.1727228164672852
-0.31862926483154297
1.1678907871246338
-0.3241521418094635
1.163049340248108
-0.3296581208705902
1.1581988334655762
-0.3351477384567261
1.1533396244049072
-0.3406214714050293
1.1484720706939697
-0.34607988595962524
1.1435965299606323
-0.3515234589576721
1.1387131214141846
-0.3569526970386505
1.1338224411010742
-0.3623681366443634
1.1289246082305908
-0.367770254611969
1.1240198612213135
-0.37315961718559265
1.1191086769104004
-0.3785367012023926
1.1141912937164307
-0.38390201330184937
1.1092679500579834
-0.389256089925766
1.1043390035629272
-0.39459940791130066
1.0994045734405518
-0.39993253350257874
1.0944651365280151
-0.4052559435367584
1.0895209312438965
-0.4105701446533203
1.084572196006775
-0.4158756732940674
1.0796191692352295
-0.42117300629615784
1.0746620893478394
-0.42646270990371704
1.0697013139724731
-0.4317452311515808
1.0647369623184204
-0.4370211362838745
1.0597695112228394
-0.44229090213775635
1.0547990798950195
-0.4475550353527069
1.04982590675354
-0.45281410217285156
1.04485023021698
-0.4580685496330261
1.039872407913208
-0.46331891417503357
1.0348926782608032
-0.4685657024383545
1.0299111604690552
-0.4738094210624695
1.0249282121658325
-0.4790506064891815
1.0199440717697144
-0.4842897355556488
1.0149588584899902
-0.4895273447036743
1.0099729299545288
-0.49476394057273865
1.0049866437911987
-0.49476394057273865
1.0049866437911987
-0.49476394057273865
1.0049866437911987
-0.49476394057273865
1.0049866437911987
-0.49476394057273865
1.0049866437911987
-0.49476394057273865
1.0049866437911987
-0.49476394057273865
1.0049866437911987
-0.49476394057273865
1.0049866437911987
-0.49476394057273865
1.0049866437911987
-0.49476394057273865
1.0049866437911987
-0.49476394057273865
1.0049866437911987
-0.49476394057273865
1.0049866437911987
