0.9935173988342285
-0.004363393876701593
0.9870350956916809
-0.008727213367819786
0.9805534482002258
-0.01309188362210989
0.9740727543830872
-0.017457829788327217
0.9675933122634888
-0.021825477480888367
0.9611154794692993
-0.02619525045156479
0.9546395540237427
-0.030567577108740807
0.9481658339500427
-0.034942883998155594
0.9416946172714233
-0.03932159021496773
0.935226321220398
-0.04370412603020668
0.9287611842155457
-0.048090919852256775
0.9222996234893799
-0.05248239263892174
0.9158418774604797
-0.05687897279858589
0.9093883633613586
-0.06128108501434326
0.9029393196105957
-0.06568915396928787
0.8964951634407043
-0.07010361552238464
0.8900561928749084
-0.0745248794555664
0.8836227655410767
-0.07895338535308838
0.8771952986717224
-0.08338955789804459
0.8707740306854248
-0.08783382177352905
0.8643593788146973
-0.0922866016626358
0.8579517006874084
-0.09674832969903946
0.851551353931427
-0.10121943056583405
0.8451586961746216
-0.10570032894611359
0.8387741446495056
-0.1101914495229721
0.8323980569839478
-0.11469323188066483
0.8260308504104614
-0.11920608580112457
0.8196728825569153
-0.12373045831918716
0.813324511051178
-0.12826676666736603
0.8069862723350525
-0.1328154355287552
0.8006584644317627
-0.13737688958644867
0.794341504573822
-0.1419515609741211
0.7880358695983887
-0.14653989672660828
0.7817420363426208
-0.15114228427410126
0.7754603624343872
-0.15575918555259705
0.7691912651062012
-0.16039100289344788
0.7629353404045105
-0.16503818333148956
0.7566928863525391
-0.16970112919807434
0.7504644989967346
-0.17438028752803802
0.7442506551742554
-0.17907609045505524
0.7380517721176147
-0.1837889403104782
0.7318684458732605
-0.18851926922798157
0.725701093673706
-0.19326749444007874
0.7195503115653992
-0.19803406298160553
0.713416576385498
-0.20281939208507538
0.7073004245758057
-0.20762388408184052
0.7012025117874146
-0.21244797110557556
0.6951232552528381
-0.21729208528995514
0.689063310623169
-0.22215662896633148
0.6830232739448547
-0.22704201936721802
0.6770037412643433
-0.23194870352745056
0.6710052490234375
-0.23687706887722015
0.6650285124778748
-0.24182753264904022
0.6590741872787476
-0.2468005120754242
0.6531428098678589
-0.2517964243888855
0.647235095500946
-0.25681567192077637
0.6413517594337463
-0.26185867190361023
0.6354933977127075
-0.2669258415699005
0.6296608448028564
-0.27201753854751587
0.6238547563552856
-0.2771342098712921
0.6180758476257324
-0.2822762429714203
0.6123248338699341
-0.28744399547576904
0.6066026091575623
-0.2926379442214966
0.6009098291397095
-0.2978583872318268
0.5952473282814026
-0.30310577154159546
0.5896160006523132
-0.30838045477867126
0.5840165615081787
-0.3136828541755676
0.5784499049186707
-0.3190132975578308
0.5729169249534607
-0.32437217235565186
0.5674184560775757
-0.3297598361968994
0.5619553923606873
-0.3351767063140869
0.5565287470817566
-0.34062308073043823
0.5511393547058105
-0.346099317073822
0.5457882285118103
-0.3516058027744293
0.5404763221740723
-0.3571428656578064
0.5352046489715576
-0.3627108037471771
0.5299742221832275
-0.36831000447273254
0.5247860550880432
-0.37394076585769653
0.5196412205696106
-0.37960338592529297
0.5145407915115356
-0.3852981925010681
0.5094859004020691
-0.39102548360824585
0.5044776201248169
-0.39678555727005005
0.4995171129703522
-0.4025786817073822
0.49460554122924805
-0.4084051549434662
0.4897441267967224
-0.4142652451992035
0.484934002161026
-0.4201591908931732
0.48017647862434387
-0.42608726024627686
0.47547274827957153
-0.4320496916770935
0.47082412242889404
-0.4380466639995575
0.4662318825721741
-0.4440784454345703
0.4616973400115967
-0.4501452147960663
0.4572218954563141
-0.4562471807003021
0.45280686020851135
-0.46238449215888977
0.4484536647796631
-0.46855729818344116
0.4441637396812439
-0.474765807390213
0.439938485622406
-0.4810101091861725
0.4357793927192688
-0.4872903525829315
0.43168795108795166
-0.4936066269874573
0.42766568064689636
-0.49995899200439453
0.4237141013145447
-0.5063475370407104
0.41983482241630554
-0.5127723813056946
0.4160293936729431
-0.5192334651947021
0.41229942440986633
-0.5257307887077332
0.4086465835571289
-0.5322644114494324
0.40507254004478455
-0.5388343334197998
0.40157896280288696
-0.5454404354095459
0.39816752076148987
-0.5520826578140259
0.3948400318622589
-0.558760941028595
0.3915981948375702
-0.5654751658439636
0.38844382762908936
-0.5722252130508423
0.3853786885738373
-0.5790108442306519
0.3824046552181244
-0.585831880569458
0.3795235753059387
-0.5926882028579712
0.3767372667789459
-0.5995794534683228
0.3740476667881012
-0.6065053939819336
0.37145671248435974
-0.6134657859802246
0.368966281414032
-0.6204602122306824
0.3665783703327179
-0.6274883151054382
0.36429494619369507
-0.6345497369766235
0.3621179759502411
-0.6416440606117249
0.3600495159626007
-0.6487707495689392
0.3580915629863739
-0.6559293866157532
0.35624614357948303
-0.663119375705719
0.3545153737068176
-0.6703401803970337
0.35290127992630005
-0.6775912046432495
0.35140594840049744
-0.6848717331886292
0.3500314950942993
-0.6921811699867249
0.3487800359725952
-0.6995187401771545
0.34765368700027466
-0.7068837285041809
0.3466545641422272
-0.7142752408981323
0.3457847833633423
-0.7216924428939819
0.3450465202331543
-0.7291345000267029
0.34444189071655273
-0.736600399017334
0.3439730405807495
-0.7440892457962036
0.34364214539527893
-0.7515998482704163
0.3434513211250305
-0.7591313123703003
0.3434027135372162
-0.7666823267936707
0.34349843859672546
-0.7742518782615662
0.34374067187309265
-0.781838595867157
0.3441314995288849
-0.7894412875175476
0.3446730077266693
-0.7970585823059082
0.34536731243133545
-0.8046891093254089
0.34621649980545044
-0.8123313784599304
0.34722259640693665
-0.8199840188026428
0.3483876585960388
-0.8276453614234924
0.3497137129306793
-0.8353138566017151
0.35120272636413574
-0.8429878354072571
0.3528566360473633
-0.8506656289100647
0.35467737913131714
-0.8583454489707947
0.35666683316230774
-0.8660253882408142
0.3588268756866455
-0.87370365858078
0.3611592948436737
-0.8813783526420593
0.3636658489704132
-0.889047384262085
0.3663482367992401
-0.8967087268829346
0.3692081570625305
-0.904360294342041
0.37224718928337097
-0.9119998812675476
0.37546688318252563
-0.9196253418922424
0.3788687288761139
-0.9272342920303345
0.38245415687561035
-0.9348244667053223
0.38622450828552246
-0.9423934817314148
0.3901810646057129
-0.9499388933181763
0.39432501792907715
-0.9574581384658813
0.39865750074386597
-0.9649487137794495
0.4031795561313629
-0.9724079966545105
0.4078921377658844
-0.9798333644866943
0.4127960801124573
-0.9872220754623413
0.4178921580314636
-0.9945713877677917
0.42318102717399597
-1.0018784999847412
0.4286632537841797
-1.0091406106948853
0.434339314699173
-1.0163546800613403
0.4402095079421997
-1.0235178470611572
0.4462741017341614
-1.0306272506713867
0.45253318548202515
-1.037679672241211
0.458986759185791
-1.0446722507476807
0.46563467383384705
-1.051601767539978
0.47247666120529175
-1.0584651231765747
0.47951236367225647
-1.0652592182159424
0.48674121499061584
-1.0719808340072632
0.49416255950927734
-1.0786267518997192
0.5017756223678589
-1.0851938724517822
0.5095793604850769
-1.0916788578033447
0.5175727605819702
-1.0980783700942993
0.5257545709609985
-1.1043893098831177
0.5341233611106873
-1.110608458518982
0.542677640914917
-1.1167323589324951
0.5514155626296997
-1.1227577924728394
0.5603354573249817
-1.1286814212799072
0.5694351196289062
-1.13450026512146
0.578712522983551
-1.140210747718811
0.5881652235984802
-1.1458097696304321
0.5977907776832581
-1.1512941122055054
0.6075865030288696
-1.156660556793213
0.6175495982170105
-1.1619060039520264
0.6276770830154419
-1.167027235031128
0.637965738773346
-1.1720212697982788
0.64841228723526
-1.1768848896026611
0.6590133309364319
-1.1816151142120361
0.6697651743888855
-1.1862092018127441
0.6806640625
-1.1906639337539673
0.6917060613632202
-1.1949766874313354
0.7028870582580566
-1.1991446018218994
0.714202880859375
-1.203165054321289
0.7256490588188171
-1.2070351839065552
0.7372211217880249
-1.2107526063919067
0.748914361000061
-1.2143148183822632
0.7607239484786987
-1.2177194356918335
0.7726450562477112
-1.220963954925537
0.7846725583076477
-1.2240463495254517
0.7968012094497681
-1.2269644737243652
0.809025764465332
-1.2297163009643555
0.821340799331665
-1.2322998046875
0.833740770816803
-1.2347131967544556
0.846220076084137
-1.236954927444458
0.8587729334831238
-1.2390233278274536
0.871393620967865
-1.2409168481826782
0.8840761780738831
-1.2426341772079468
0.8968146443367004
-1.2441740036010742
0.9096029996871948
-1.2455354928970337
0.9224351644515991
-1.2467173337936401
0.9353049397468567
-1.2477188110351562
0.9482061266899109
-1.2485392093658447
0.9611325263977051
-1.2491779327392578
0.9740778207778931
-1.2496345043182373
0.9870357513427734
-1.2499085664749146
1.0
-1.25
1.0129642486572266
-1.2499085664749146
1.025922179222107
-1.2496345043182373
1.038867473602295
-1.2491779327392578
1.0517939329147339
-1.2485392093658447
1.064695119857788
-1.2477188110351562
1.0775648355484009
-1.2467173337936401
1.0903970003128052
-1.2455354928970337
1.1031852960586548
-1.2441740036010742
1.1159237623214722
-1.2426341772079468
1.1286063194274902
-1.2409168481826782
1.1412270069122314
-1.2390233278274536
1.1537799835205078
-1.236954927444458
1.1662591695785522
-1.2347131967544556
1.178659200668335
-1.2322998046875
1.190974235534668
-1.2297163009643555
1.203198790550232
-1.2269644737243652
1.215327501296997
-1.2240463495254517
1.227354884147644
-1.220963954925537
1.2392760515213013
-1.2177194356918335
1.251085638999939
-1.2143148183822632
1.262778878211975
-1.2107526063919067
1.2743510007858276
-1.2070351839065552
1.285797119140625
-1.203165054321289
1.2971129417419434
-1.1991446018218994
1.3082939386367798
-1.1949766874313354
1.3193359375
-1.1906639337539673
1.3302347660064697
-1.1862092018127441
1.3409866094589233
-1.1816151142120361
1.3515876531600952
-1.1768848896026611
1.3620343208312988
-1.1720212697982788
1.372322916984558
-1.167027235031128
1.3824503421783447
-1.1619060039520264
1.3924134969711304
-1.156660556793213
1.4022091627120972
-1.1512941122055054
1.411834716796875
-1.1458097696304321
1.4212874174118042
-1.140210747718811
1.4305648803710938
-1.13450026512146
1.439664602279663
-1.1286814212799072
1.4485844373703003
-1.1227577924728394
1.457322359085083
-1.1167323589324951
1.465876579284668
-1.110608458518982
1.4742454290390015
-1.1043893098831177
1.4824272394180298
-1.0980783700942993
1.4904205799102783
-1.0916788578033447
1.4982243776321411
-1.0851938724517822
1.5058374404907227
-1.0786267518997192
1.5132588148117065
-1.0719808340072632
1.520487666130066
-1.0652592182159424
1.5275232791900635
-1.0584651231765747
1.5343652963638306
-1.051601767539978
1.541013240814209
-1.0446722507476807
1.5474668741226196
-1.037679672241211
1.5537259578704834
-1.0306272506713867
1.5597904920578003
-1.0235178470611572
1.5656607151031494
-1.0163546800613403
1.5713367462158203
-1.0091406106948853
1.5768189430236816
-1.0018784999847412
1.5821079015731812
-0.9945713877677917
1.5872039794921875
-0.9872220754623413
1.592107892036438
-0.9798333644866943
1.5968204736709595
-0.9724079966545105
1.6013424396514893
-0.9649487137794495
1.6056749820709229
-0.9574581384658813
1.609818935394287
-0.9499388933181763
1.6137754917144775
-0.9423934817314148
1.6175458431243896
-0.9348244667053223
1.6211313009262085
-0.9272342920303345
1.6245330572128296
-0.9196253418922424
1.6277527809143066
-0.9119998812675476
1.6307917833328247
-0.904360294342041
1.6336517333984375
-0.8967087268829346
1.6363341808319092
-0.889047384262085
1.638840675354004
-0.8813783526420593
1.6411731243133545
-0.87370365858078
1.6433331966400146
-0.8660253882408142
1.6453226804733276
-0.8583454489707947
1.6471433639526367
-0.8506656289100647
1.6487972736358643
-0.8429878354072571
1.650286316871643
-0.8353138566017151
1.6516122817993164
-0.8276453614234924
1.6527774333953857
-0.8199840188026428
1.6537835597991943
-0.8123313784599304
1.6546326875686646
-0.8046891093254089
1.6553269624710083
-0.7970585823059082
1.6558685302734375
-0.7894412875175476
1.656259298324585
-0.781838595867157
1.6565015316009521
-0.7742518782615662
1.6565972566604614
-0.7666823267936707
1.6565486192703247
-0.7591313123703003
1.6563578844070435
-0.7515998482704163
1.6560269594192505
-0.7440892457962036
1.6555581092834473
-0.736600399017334
1.6549534797668457
-0.7291345000267029
1.6542152166366577
-0.7216924428939819
1.6533454656600952
-0.7142752408981323
1.6523463726043701
-0.7068837285041809
1.6512199640274048
-0.6995187401771545
1.6499685049057007
-0.6921811699867249
1.6485940217971802
-0.6848717331886292
1.6470987796783447
-0.6775912046432495
1.6454846858978271
-0.6703401803970337
1.6437538862228394
-0.663119375705719
1.6419084072113037
-0.6559293866157532
1.6399505138397217
-0.6487707495689392
1.6378819942474365
-0.6416440606117249
1.6357051134109497
-0.6345497369766235
1.6334216594696045
-0.6274883151054382
1.6310336589813232
-0.6204602122306824
1.6285432577133179
-0.6134657859802246
1.6259523630142212
-0.6065053939819336
1.6232627630233765
-0.5995794534683228
1.620476484298706
-0.5926882028579712
1.6175953149795532
-0.585831880569458
1.6146212816238403
-0.5790108442306519
1.6115561723709106
-0.5722252130508423
1.6084017753601074
-0.5654751658439636
1.6051599979400635
-0.558760941028595
1.6018325090408325
-0.5520826578140259
1.5984210968017578
-0.5454404354095459
1.594927430152893
-0.5388343334197998
1.591353416442871
-0.5322644114494324
1.587700605392456
-0.5257307887077332
1.5839706659317017
-0.5192334651947021
1.580165147781372
-0.5127723813056946
1.5762858390808105
-0.5063475370407104
1.5723342895507812
-0.49995899200439453
1.5683120489120483
-0.4936066269874573
1.564220666885376
-0.4872903525829315
1.5600615739822388
-0.4810101091861725
1.5558363199234009
-0.474765807390213
1.551546335220337
-0.46855729818344116
1.547193169593811
-0.46238449215888977
1.5427781343460083
-0.4562471807003021
1.5383026599884033
-0.4501452147960663
1.5337681770324707
-0.4440784454345703
1.529175877571106
-0.4380466639995575
1.5245273113250732
-0.4320496916770935
1.5198235511779785
-0.42608726024627686
1.5150660276412964
-0.4201591908931732
1.5102559328079224
-0.4142652451992035
1.505394458770752
-0.4084051549434662
1.5004829168319702
-0.4025786817073822
1.495522379875183
-0.39678555727005005
1.4905141592025757
-0.39102548360824585
1.4854592084884644
-0.3852981925010681
1.4803588390350342
-0.37960338592529297
1.4752140045166016
-0.37394076585769653
1.4700257778167725
-0.36831000447273254
1.4647953510284424
-0.3627108037471771
1.4595236778259277
-0.3571428656578064
1.4542118310928345
-0.3516058027744293
1.4488606452941895
-0.346099317073822
1.4434713125228882
-0.34062308073043823
1.438044548034668
-0.3351767063140869
1.4325815439224243
-0.3297598361968994
1.427083134651184
-0.32437217235565186
1.4215500354766846
-0.3190132975578308
1.4159834384918213
-0.3136828541755676
1.4103840589523315
-0.30838045477867126
1.4047526121139526
-0.30310577154159546
1.3990901708602905
-0.2978583872318268
1.3933974504470825
-0.2926379442214966
1.387675166130066
-0.28744399547576904
1.3819241523742676
-0.2822762429714203
1.3761452436447144
-0.2771342098712921
1.3703391551971436
-0.27201753854751587
1.3645066022872925
-0.2669258415699005
1.3586483001708984
-0.26185867190361023
1.3527649641036987
-0.25681567192077637
1.3468571901321411
-0.2517964243888855
1.3409258127212524
-0.2468005120754242
1.3349714279174805
-0.24182753264904022
1.3289947509765625
-0.23687706887722015
1.3229962587356567
-0.23194870352745056
1.3169766664505005
-0.22704201936721802
1.310936689376831
-0.22215662896633148
1.3048768043518066
-0.21729208528995514
1.2987974882125854
-0.21244797110557556
1.2926995754241943
-0.20762388408184052
1.286583423614502
-0.20281939208507538
1.2804497480392456
-0.19803406298160553
1.274298906326294
-0.19326749444007874
1.2681316137313843
-0.18851926922798157
1.2619482278823853
-0.1837889403104782
1.2557493448257446
-0.17907609045505524
1.2495354413986206
-0.17438028752803802
1.243307113647461
-0.16970112919807434
1.2370647192001343
-0.16503818333148956
1.2308087348937988
-0.16039100289344788
1.2245396375656128
-0.15575918555259705
1.218258023262024
-0.15114228427410126
1.2119641304016113
-0.14653989672660828
1.2056584358215332
-0.1419515609741211
1.1993415355682373
-0.13737688958644867
1.1930137872695923
-0.1328154355287552
1.1866754293441772
-0.12826676666736603
1.1803271770477295
-0.12373045831918716
1.1739691495895386
-0.11920608580112457
1.1676019430160522
-0.11469323188066483
1.1612257957458496
-0.1101914495229721
1.1548413038253784
-0.10570032894611359
1.1484487056732178
-0.10121943056583405
1.1420483589172363
-0.09674832969903946
1.1356406211853027
-0.0922866016626358
1.1292259693145752
-0.08783382177352905
1.1228047609329224
-0.08338955789804459
1.1163772344589233
-0.07895338535308838
1.1099437475204468
-0.0745248794555664
1.1035048961639404
-0.07010361552238464
1.0970606803894043
-0.06568915396928787
1.0906116962432861
-0.06128108501434326
1.0841580629348755
-0.05687897279858589
1.0777003765106201
-0.05248239263892174
1.0712387561798096
-0.048090919852256775
1.064773678779602
-0.04370412603020668
1.0583053827285767
-0.03932159021496773
1.051834225654602
-0.034942883998155594
1.0453604459762573
-0.030567577108740807
1.0388845205307007
-0.02619525045156479
1.0324066877365112
-0.021825477480888367
1.025927186012268
-0.017457829788327217
1.0194464921951294
-0.01309188362210989
1.0129648447036743
-0.008727213367819786
1.0064826011657715
-0.004363393876701593
1.0
2.660746904243781e-15
0.9935173988342285
0.004363393876701593
0.9870350956916809
0.008727213367819786
0.9805534482002258
0.01309188362210989
0.9740727543830872
0.017457829788327217
0.9675933122634888
0.021825477480888367
0.9611154794692993
0.02619525045156479
0.9546395540237427
0.030567577108740807
0.9481658339500427
0.034942883998155594
0.9416946172714233
0.03932159021496773
0.935226321220398
0.04370412603020668
0.9287611842155457
0.048090919852256775
0.9222996234893799
0.05248239263892174
0.9158418774604797
0.05687897279858589
0.9093883633613586
0.06128108501434326
0.9029393196105957
0.06568915396928787
0.8964951634407043
0.07010361552238464
0.8900561928749084
0.0745248794555664
0.8836227655410767
0.07895338535308838
0.8771952986717224
0.08338955789804459
0.8707740306854248
0.08783382177352905
0.8643593788146973
0.0922866016626358
0.8579517006874084
0.09674832969903946
0.851551353931427
0.10121943056583405
0.8451586961746216
0.10570032894611359
0.8387741446495056
0.1101914495229721
0.8323980569839478
0.11469323188066483
0.8260308504104614
0.11920608580112457
0.8196728825569153
0.12373045831918716
0.813324511051178
0.12826676666736603
0.8069862723350525
0.1328154355287552
0.8006584644317627
0.13737688958644867
0.794341504573822
0.1419515609741211
0.7880358695983887
0.14653989672660828
0.7817420363426208
0.15114228427410126
0.7754603624343872
0.15575918555259705
0.7691912651062012
0.16039100289344788
0.7629353404045105
0.16503818333148956
0.7566928863525391
0.16970112919807434
0.7504644989967346
0.17438028752803802
0.7442506551742554
0.17907609045505524
0.7380517721176147
0.1837889403104782
0.7318684458732605
0.18851926922798157
0.725701093673706
0.19326749444007874
0.7195503115653992
0.19803406298160553
0.713416576385498
0.20281939208507538
0.7073004245758057
0.20762388408184052
0.7012025117874146
0.21244797110557556
0.6951232552528381
0.21729208528995514
0.689063310623169
0.22215662896633148
0.6830232739448547
0.22704201936721802
0.6770037412643433
0.23194870352745056
0.6710052490234375
0.23687706887722015
0.6650285124778748
0.24182753264904022
0.6590741872787476
0.2468005120754242
0.6531428098678589
0.2517964243888855
0.647235095500946
0.25681567192077637
0.6413517594337463
0.26185867190361023
0.6354933977127075
0.2669258415699005
0.6296608448028564
0.27201753854751587
0.6238547563552856
0.2771342098712921
0.6180758476257324
0.2822762429714203
0.6123248338699341
0.28744399547576904
0.6066026091575623
0.2926379442214966
0.6009098291397095
0.2978583872318268
0.5952473282814026
0.30310577154159546
0.5896160006523132
0.30838045477867126
0.5840165615081787
0.3136828541755676
0.5784499049186707
0.3190132975578308
0.5729169249534607
0.32437217235565186
0.5674184560775757
0.3297598361968994
0.5619553923606873
0.3351767063140869
0.5565287470817566
0.34062308073043823
0.5511393547058105
0.346099317073822
0.5457882285118103
0.3516058027744293
0.5404763221740723
0.3571428656578064
0.5352046489715576
0.3627108037471771
0.5299742221832275
0.36831000447273254
0.5247860550880432
0.37394076585769653
0.5196412205696106
0.37960338592529297
0.5145407915115356
0.3852981925010681
0.5094859004020691
0.39102548360824585
0.5044776201248169
0.39678555727005005
0.4995171129703522
0.4025786817073822
0.49460554122924805
0.4084051549434662
0.4897441267967224
0.4142652451992035
0.484934002161026
0.4201591908931732
0.48017647862434387
0.42608726024627686
0.47547274827957153
0.4320496916770935
0.47082412242889404
0.4380466639995575
0.4662318825721741
0.4440784454345703
0.4616973400115967
0.4501452147960663
0.4572218954563141
0.4562471807003021
0.45280686020851135
0.46238449215888977
0.4484536647796631
0.46855729818344116
0.4441637396812439
0.474765807390213
0.439938485622406
0.4810101091861725
0.4357793927192688
0.4872903525829315
0.43168795108795166
0.4936066269874573
0.42766568064689636
0.49995899200439453
0.4237141013145447
0.5063475370407104
0.41983482241630554
0.5127723813056946
0.4160293936729431
0.5192334651947021
0.41229942440986633
0.5257307887077332
0.4086465835571289
0.5322644114494324
0.40507254004478455
0.5388343334197998
0.40157896280288696
0.5454404354095459
0.39816752076148987
0.5520826578140259
0.3948400318622589
0.558760941028595
0.3915981948375702
0.5654751658439636
0.38844382762908936
0.5722252130508423
0.3853786885738373
0.5790108442306519
0.3824046552181244
0.585831880569458
0.3795235753059387
0.5926882028579712
0.3767372667789459
0.5995794534683228
0.3740476667881012
0.6065053939819336
0.37145671248435974
0.6134657859802246
0.368966281414032
0.6204602122306824
0.3665783703327179
0.6274883151054382
0.36429494619369507
0.6345497369766235
0.3621179759502411
0.6416440606117249
0.3600495159626007
0.6487707495689392
0.3580915629863739
0.6559293866157532
0.35624614357948303
0.663119375705719
0.3545153737068176
0.6703401803970337
0.35290127992630005
0.6775912046432495
0.35140594840049744
0.6848717331886292
0.3500314950942993
0.6921811699867249
0.3487800359725952
0.6995187401771545
0.34765368700027466
0.7068837285041809
0.3466545641422272
0.7142752408981323
0.3457847833633423
0.7216924428939819
0.3450465202331543
0.7291345000267029
0.34444189071655273
0.736600399017334
0.3439730405807495
0.7440892457962036
0.34364214539527893
0.7515998482704163
0.3434513211250305
0.7591313123703003
0.3434027135372162
0.7666823267936707
0.34349843859672546
0.7742518782615662
0.34374067187309265
0.781838595867157
0.3441314995288849
0.7894412875175476
0.3446730077266693
0.7970585823059082
0.34536731243133545
0.8046891093254089
0.34621649980545044
0.8123313784599304
0.34722259640693665
0.8199840188026428
0.3483876585960388
0.8276453614234924
0.3497137129306793
0.8353138566017151
0.35120272636413574
0.8429878354072571
0.3528566360473633
0.8506656289100647
0.35467737913131714
0.8583454489707947
0.35666683316230774
0.8660253882408142
0.3588268756866455
0.87370365858078
0.3611592948436737
0.8813783526420593
0.3636658489704132
0.889047384262085
0.3663482367992401
0.8967087268829346
0.3692081570625305
0.904360294342041
0.37224718928337097
0.9119998812675476
0.37546688318252563
0.9196253418922424
0.3788687288761139
0.9272342920303345
0.38245415687561035
0.9348244667053223
0.38622450828552246
0.9423934817314148
0.3901810646057129
0.9499388933181763
0.39432501792907715
0.9574581384658813
0.39865750074386597
0.9649487137794495
0.4031795561313629
0.9724079966545105
0.4078921377658844
0.9798333644866943
0.4127960801124573
0.9872220754623413
0.4178921580314636
0.9945713877677917
0.42318102717399597
1.0018784999847412
0.4286632537841797
1.0091406106948853
0.434339314699173
1.0163546800613403
0.4402095079421997
1.0235178470611572
0.4462741017341614
1.0306272506713867
0.45253318548202515
1.037679672241211
0.458986759185791
1.0446722507476807
0.46563467383384705
1.051601767539978
0.47247666120529175
1.0584651231765747
0.47951236367225647
1.0652592182159424
0.48674121499061584
1.0719808340072632
0.49416255950927734
1.0786267518997192
0.5017756223678589
1.0851938724517822
0.5095793604850769
1.0916788578033447
0.5175727605819702
1.0980783700942993
0.5257545709609985
1.1043893098831177
0.5341233611106873
1.110608458518982
0.542677640914917
1.1167323589324951
0.5514155626296997
1.1227577924728394
0.5603354573249817
1.1286814212799072
0.5694351196289062
1.13450026512146
0.578712522983551
1.140210747718811
0.5881652235984802
1.1458097696304321
0.5977907776832581
1.1512941122055054
0.6075865030288696
1.156660556793213
0.6175495982170105
1.1619060039520264
0.6276770830154419
1.167027235031128
0.637965738773346
1.1720212697982788
0.64841228723526
1.1768848896026611
0.6590133309364319
1.1816151142120361
0.6697651743888855
1.1862092018127441
0.6806640625
1.1906639337539673
0.6917060613632202
1.1949766874313354
0.7028870582580566
1.1991446018218994
0.714202880859375
1.203165054321289
0.7256490588188171
1.2070351839065552
0.7372211217880249
1.2107526063919067
0.748914361000061
1.2143148183822632
0.7607239484786987
1.2177194356918335
0.7726450562477112
1.220963954925537
0.7846725583076477
1.2240463495254517
0.7968012094497681
1.2269644737243652
0.809025764465332
1.2297163009643555
0.821340799331665
1.2322998046875
0.833740770816803
1.2347131967544556
0.846220076084137
1.236954927444458
0.8587729334831238
1.2390233278274536
0.871393620967865
1.2409168481826782
0.8840761780738831
1.2426341772079468
0.8968146443367004
1.2441740036010742
0.9096029996871948
1.2455354928970337
0.9224351644515991
1.2467173337936401
0.9353049397468567
1.2477188110351562
0.9482061266899109
1.2485392093658447
0.9611325263977051
1.2491779327392578
0.9740778207778931
1.2496345043182373
0.9870357513427734
1.2499085664749146
1.0
1.25
1.0129642486572266
1.2499085664749146
1.025922179222107
1.2496345043182373
1.038867473602295
1.2491779327392578
1.0517939329147339
1.2485392093658447
1.064695119857788
1.2477188110351562
1.0775648355484009
1.2467173337936401
1.0903970003128052
1.2455354928970337
1.1031852960586548
1.2441740036010742
1.1159237623214722
1.2426341772079468
1.1286063194274902
1.2409168481826782
1.1412270069122314
1.2390233278274536
1.1537799835205078
1.236954927444458
1.1662591695785522
1.2347131967544556
1.178659200668335
1.2322998046875
1.190974235534668
1.2297163009643555
1.203198790550232
1.2269644737243652
1.215327501296997
1.2240463495254517
1.227354884147644
1.220963954925537
1.2392760515213013
1.2177194356918335
1.251085638999939
1.2143148183822632
1.262778878211975
1.2107526063919067
1.2743510007858276
1.2070351839065552
1.285797119140625
1.203165054321289
1.2971129417419434
1.1991446018218994
1.3082939386367798
1.1949766874313354
1.3193359375
1.1906639337539673
1.3302347660064697
1.1862092018127441
1.3409866094589233
1.1816151142120361
1.3515876531600952
1.1768848896026611
1.3620343208312988
1.1720212697982788
1.372322916984558
1.167027235031128
1.3824503421783447
1.1619060039520264
1.3924134969711304
1.156660556793213
1.4022091627120972
1.1512941122055054
1.411834716796875
1.1458097696304321
1.4212874174118042
1.140210747718811
1.4305648803710938
1.13450026512146
1.439664602279663
1.1286814212799072
1.4485844373703003
1.1227577924728394
1.457322359085083
1.1167323589324951
1.465876579284668
1.110608458518982
1.4742454290390015
1.1043893098831177
1.4824272394180298
1.0980783700942993
1.4904205799102783
1.0916788578033447
1.4982243776321411
1.0851938724517822
1.5058374404907227
1.0786267518997192
1.5132588148117065
1.0719808340072632
1.520487666130066
1.0652592182159424
1.5275232791900635
1.0584651231765747
1.5343652963638306
1.051601767539978
1.541013240814209
1.0446722507476807
1.5474668741226196
1.037679672241211
1.5537259578704834
1.0306272506713867
1.5597904920578003
1.0235178470611572
1.5656607151031494
1.0163546800613403
1.5713367462158203
1.0091406106948853
1.5768189430236816
1.0018784999847412
1.5821079015731812
0.9945713877677917
1.5872039794921875
0.9872220754623413
1.592107892036438
0.9798333644866943
1.5968204736709595
0.9724079966545105
1.6013424396514893
0.9649487137794495
1.6056749820709229
0.9574581384658813
1.609818935394287
0.9499388933181763
1.6137754917144775
0.9423934817314148
1.6175458431243896
0.9348244667053223
1.6211313009262085
0.9272342920303345
1.6245330572128296
0.9196253418922424
1.6277527809143066
0.9119998812675476
1.6307917833328247
0.904360294342041
1.6336517333984375
0.8967087268829346
1.6363341808319092
0.889047384262085
1.638840675354004
0.8813783526420593
1.6411731243133545
0.87370365858078
1.6433331966400146
0.8660253882408142
1.6453226804733276
0.8583454489707947
1.6471433639526367
0.8506656289100647
1.6487972736358643
0.8429878354072571
1.650286316871643
0.8353138566017151
1.6516122817993164
0.8276453614234924
1.6527774333953857
0.8199840188026428
1.6537835597991943
0.8123313784599304
1.6546326875686646
0.8046891093254089
1.6553269624710083
0.7970585823059082
1.6558685302734375
0.7894412875175476
1.656259298324585
0.781838595867157
1.6565015316009521
0.7742518782615662
1.6565972566604614
0.7666823267936707
1.6565486192703247
0.7591313123703003
1.6563578844070435
0.7515998482704163
1.6560269594192505
0.7440892457962036
1.6555581092834473
0.736600399017334
1.6549534797668457
0.7291345000267029
1.6542152166366577
0.7216924428939819
1.6533454656600952
0.7142752408981323
1.6523463726043701
0.7068837285041809
1.6512199640274048
0.6995187401771545
1.6499685049057007
0.6921811699867249
1.6485940217971802
0.6848717331886292
1.6470987796783447
0.6775912046432495
1.6454846858978271
0.6703401803970337
1.6437538862228394
0.663119375705719
1.6419084072113037
0.6559293866157532
1.6399505138397217
0.6487707495689392
1.6378819942474365
0.6416440606117249
1.6357051134109497
0.6345497369766235
1.6334216594696045
0.6274883151054382
1.6310336589813232
0.6204602122306824
1.6285432577133179
0.6134657859802246
1.6259523630142212
0.6065053939819336
1.6232627630233765
0.5995794534683228
1.620476484298706
0.5926882028579712
1.6175953149795532
0.585831880569458
1.6146212816238403
0.5790108442306519
1.6115561723709106
0.5722252130508423
1.6084017753601074
0.5654751658439636
1.6051599979400635
0.558760941028595
1.6018325090408325
0.5520826578140259
1.5984210968017578
0.5454404354095459
1.594927430152893
0.5388343334197998
1.591353416442871
0.5322644114494324
1.587700605392456
0.5257307887077332
1.5839706659317017
0.5192334651947021
1.580165147781372
0.5127723813056946
1.5762858390808105
0.5063475370407104
1.5723342895507812
0.49995899200439453
1.5683120489120483
0.4936066269874573
1.564220666885376
0.4872903525829315
1.5600615739822388
0.4810101091861725
1.5558363199234009
0.474765807390213
1.551546335220337
0.46855729818344116
1.547193169593811
0.46238449215888977
1.5427781343460083
0.4562471807003021
1.5383026599884033
0.4501452147960663
1.5337681770324707
0.4440784454345703
1.529175877571106
0.4380466639995575
1.5245273113250732
0.4320496916770935
1.5198235511779785
0.42608726024627686
1.5150660276412964
0.4201591908931732
1.5102559328079224
0.4142652451992035
1.505394458770752
0.4084051549434662
1.5004829168319702
0.4025786817073822
1.495522379875183
0.39678555727005005
1.4905141592025757
0.39102548360824585
1.4854592084884644
0.3852981925010681
1.4803588390350342
0.37960338592529297
1.4752140045166016
0.37394076585769653
1.4700257778167725
0.36831000447273254
1.4647953510284424
0.3627108037471771
1.4595236778259277
0.3571428656578064
1.4542118310928345
0.3516058027744293
1.4488606452941895
0.346099317073822
1.4434713125228882
0.34062308073043823
1.438044548034668
0.3351767063140869
1.4325815439224243
0.3297598361968994
1.427083134651184
0.32437217235565186
1.4215500354766846
0.3190132975578308
1.4159834384918213
0.3136828541755676
1.4103840589523315
0.30838045477867126
1.4047526121139526
0.30310577154159546
1.3990901708602905
0.2978583872318268
1.3933974504470825
0.2926379442214966
1.387675166130066
0.28744399547576904
1.3819241523742676
0.2822762429714203
1.3761452436447144
0.2771342098712921
1.3703391551971436
0.27201753854751587
1.3645066022872925
0.2669258415699005
1.3586483001708984
0.26185867190361023
1.3527649641036987
0.25681567192077637
1.3468571901321411
0.2517964243888855
1.3409258127212524
0.2468005120754242
1.3349714279174805
0.24182753264904022
1.3289947509765625
0.23687706887722015
1.3229962587356567
0.23194870352745056
1.3169766664505005
0.22704201936721802
1.310936689376831
0.22215662896633148
1.3048768043518066
0.21729208528995514
1.2987974882125854
0.21244797110557556
1.2926995754241943
0.20762388408184052
1.286583423614502
0.20281939208507538
1.2804497480392456
0.19803406298160553
1.274298906326294
0.19326749444007874
1.2681316137313843
0.18851926922798157
1.2619482278823853
0.1837889403104782
1.2557493448257446
0.17907609045505524
1.2495354413986206
0.17438028752803802
1.243307113647461
0.16970112919807434
1.2370647192001343
0.16503818333148956
1.2308087348937988
0.16039100289344788
1.2245396375656128
0.15575918555259705
1.218258023262024
0.15114228427410126
1.2119641304016113
0.14653989672660828
1.2056584358215332
0.1419515609741211
1.1993415355682373
0.13737688958644867
1.1930137872695923
0.1328154355287552
1.1866754293441772
0.12826676666736603
1.1803271770477295
0.12373045831918716
1.1739691495895386
0.11920608580112457
1.1676019430160522
0.11469323188066483
1.1612257957458496
0.1101914495229721
1.1548413038253784
0.10570032894611359
1.1484487056732178
0.10121943056583405
1.1420483589172363
0.09674832969903946
1.1356406211853027
0.0922866016626358
1.1292259693145752
0.08783382177352905
1.1228047609329224
0.08338955789804459
1.1163772344589233
0.07895338535308838
1.1099437475204468
0.0745248794555664
1.1035048961639404
0.07010361552238464
1.0970606803894043
0.06568915396928787
1.0906116962432861
0.06128108501434326
1.0841580629348755
0.05687897279858589
1.0777003765106201
0.05248239263892174
1.0712387561798096
0.048090919852256775
1.064773678779602
0.04370412603020668
1.0583053827285767
0.03932159021496773
1.051834225654602
0.034942883998155594
1.0453604459762573
0.030567577108740807
1.0388845205307007
0.02619525045156479
1.0324066877365112
0.021825477480888367
1.025927186012268
0.017457829788327217
1.0194464921951294
0.01309188362210989
1.0129648447036743
0.008727213367819786
1.0064826011657715
0.004363393876701593
1.0064826011657715
0.004363393876701593
1.0064826011657715
0.004363393876701593
1.0064826011657715
0.004363393876701593
1.0064826011657715
0.004363393876701593
1.0064826011657715
0.004363393876701593
1.0064826011657715
0.004363393876701593
1.0064826011657715
0.004363393876701593
1.0064826011657715
0.004363393876701593
1.0064826011657715
0.004363393876701593
1.0064826011657715
0.004363393876701593
1.0064826011657715
0.004363393876701593
1.0064826011657715
0.004363393876701593
1.0064826011657715
0.004363393876701593
1.0064826011657715
0.004363393876701593
1.0064826011657715
0.004363393876701593
1.0064826011657715
0.004363393876701593
1.0064826011657715
0.004363393876701593
1.0064826011657715
0.004363393876701593
1.0064826011657715
0.004363393876701593
1.0064826011657715
0.004363393876701593
1.0064826011657715
0.004363393876701593
1.0064826011657715
0.004363393876701593
1.0064826011657715
0.004363393876701593
1.0064826011657715
0.004363393876701593
1.0064826011657715
0.004363393876701593
1.0064826011657715
0.004363393876701593
1.0064826011657715
0.004363393876701593
1.0064826011657715
0.004363393876701593
1.0064826011657715
0.004363393876701593
1.0064826011657715
0.004363393876701593
1.0064826011657715
0.004363393876701593
1.0064826011657715
0.004363393876701593
1.0064826011657715
0.004363393876701593
1.0064826011657715
0.004363393876701593
1.0064826011657715
0.004363393876701593
1.0064826011657715
0.004363393876701593
1.0064826011657715
0.004363393876701593
1.0064826011657715
0.004363393876701593
1.0064826011657715
0.004363393876701593
1.0064826011657715
0.004363393876701593
1.0064826011657715
0.004363393876701593
1.0064826011657715
0.004363393876701593
1.0064826011657715
0.004363393876701593
1.0064826011657715
0.004363393876701593
1.0064826011657715
0.004363393876701593
1.0064826011657715
0.004363393876701593
1.0064826011657715
0.004363393876701593
1.0064826011657715
0.004363393876701593
1.0064826011657715
0.004363393876701593
1.0064826011657715
0.004363393876701593
1.0064826011657715
0.004363393876701593
1.0064826011657715
0.004363393876701593
1.0064826011657715
0.004363393876701593
1.0064826011657715
0.004363393876701593
1.0064826011657715
0.004363393876701593
1.0064826011657715
0.004363393876701593
1.0064826011657715
0.004363393876701593
1.0064826011657715
0.004363393876701593
1.0064826011657715
0.004363393876701593
1.0064826011657715
0.004363393876701593
1.0064826011657715
0.004363393876701593
1.0064826011657715
0.004363393876701593
1.0064826011657715
0.004363393876701593
1.0064826011657715
0.004363393876701593
1.0064826011657715
0.004363393876701593
1.0064826011657715
0.004363393876701593
1.0064826011657715
0.004363393876701593
1.0064826011657715
0.004363393876701593
1.0064826011657715
0.004363393876701593
1.0064826011657715
0.004363393876701593
1.0064826011657715
0.004363393876701593
1.0064826011657715
0.004363393876701593
1.0064826011657715
0.004363393876701593
1.0064826011657715
0.004363393876701593
1.0064826011657715
0.004363393876701593
1.0064826011657715
0.004363393876701593
1.0064826011657715
0.004363393876701593
1.0064826011657715
0.004363393876701593
1.0064826011657715
0.004363393876701593
1.0064826011657715
0.004363393876701593
1.0064826011657715
0.004363393876701593
1.0064826011657715
0.004363393876701593
1.0064826011657715
0.004363393876701593
1.0064826011657715
0.004363393876701593
1.0064826011657715
0.004363393876701593
1.0064826011657715
0.004363393876701593
1.0064826011657715
0.004363393876701593
1.0064826011657715
0.004363393876701593
1.0064826011657715
0.004363393876701593
1.0064826011657715
0.004363393876701593
1.0064826011657715
0.004363393876701593
1.0064826011657715
0.004363393876701593
1.0064826011657715
0.004363393876701593
1.0064826011657715
0.004363393876701593
