0.9946960210800171
-0.0035700304433703423
0.9893922805786133
-0.007140293717384338
0.9840888381004333
-0.010711023584008217
0.9787858724594116
-0.014282451942563057
0.973483681678772
-0.017854811623692513
0.9681823253631592
-0.021428337320685387
0.9628819823265076
-0.025003260001540184
0.9575828909873962
-0.02857981249690056
0.9522851705551147
-0.03215822950005531
0.9469890594482422
-0.0357387438416481
0.9416946172714233
-0.03932159021496773
0.9364021420478821
-0.042906999588012695
0.931111752986908
-0.04649520292878151
0.9258236885070801
-0.05008643865585327
0.9205380082130432
-0.05368093401193619
0.9152550101280212
-0.05727892741560936
0.9099748730659485
-0.06088065356016159
0.9046976566314697
-0.06448633968830109
0.8994237184524536
-0.06809622049331665
0.8941531181335449
-0.07171053439378738
0.888886034488678
-0.07532951235771179
0.8836227655410767
-0.07895338535308838
0.8783634305000305
-0.08258239179849625
0.8731082677841187
-0.0862167626619339
0.8678573966026306
-0.08985672891139984
0.8626111149787903
-0.09350252896547318
0.8573695421218872
-0.097154401242733
0.8521328568458557
-0.10081256181001663
0.8469013571739197
-0.10447726398706436
0.8416752219200134
-0.1081487387418747
0.8364545702934265
-0.11182720214128494
0.8312397003173828
-0.115512914955616
0.8260308504104614
-0.11920608580112457
0.8208281397819519
-0.12290696799755096
0.8156318664550781
-0.12661579251289368
0.8104422092437744
-0.13033278286457062
0.8052594065666199
-0.1340581774711609
0.8000836968421936
-0.1377922147512436
0.7949153184890747
-0.14153513312339783
0.7897544503211975
-0.1452871561050415
0.7846013903617859
-0.14904852211475372
0.7794563174247742
-0.1528194546699524
0.7743195295333862
-0.1566002070903778
0.7691912651062012
-0.16039100289344788
0.7640717625617981
-0.1641920804977417
0.7589612603187561
-0.16800366342067719
0.7538600564002991
-0.17182599008083344
0.7487683892250061
-0.17565929889678955
0.7436864972114563
-0.17950381338596344
0.7386146783828735
-0.1833597719669342
0.7335532307624817
-0.18722741305828094
0.7285023927688599
-0.19110696017742157
0.7234625220298767
-0.19499865174293518
0.7184337973594666
-0.19890271127223969
0.713416576385498
-0.20281939208507538
0.7084111571311951
-0.20674888789653778
0.7034177780151367
-0.21069146692752838
0.6984368562698364
-0.2146473377943039
0.6934686303138733
-0.21861672401428223
0.6885133981704712
-0.22259987890720367
0.6835715174674988
-0.22659702599048615
0.6786433458328247
-0.23060838878154755
0.6737291812896729
-0.2346341758966446
0.6688293814659119
-0.23867465555667877
0.6639442443847656
-0.2427300214767456
0.6590741872787476
-0.2468005120754242
0.6542195081710815
-0.25088635087013245
0.6493805646896362
-0.25498777627944946
0.644557774066925
-0.25910499691963196
0.6397514939308167
-0.26323822140693665
0.6349621415138245
-0.2673876881599426
0.6301900148391724
-0.271553635597229
0.6254355311393738
-0.2757362425327301
0.6206991672515869
-0.2799357771873474
0.6159812808036804
-0.28415241837501526
0.6112822890281677
-0.28838640451431274
0.6066026091575623
-0.2926379442214966
0.6019426584243774
-0.2969072163105011
0.5973028540611267
-0.3011944890022278
0.592683732509613
-0.30549994111061096
0.5880856513977051
-0.30982381105422974
0.5835091471672058
-0.31416627764701843
0.5789545774459839
-0.3185275197029114
0.5744225382804871
-0.32290780544281006
0.569913387298584
-0.3273073136806488
0.5654277205467224
-0.33172622323036194
0.5609660148620605
-0.3361647427082062
0.5565287470817566
-0.34062308073043823
0.5521164536476135
-0.34510141611099243
0.5477296113967896
-0.3495999276638031
0.5433688163757324
-0.35411882400512695
0.5390345454216003
-0.3586583137512207
0.5347273945808411
-0.3632185459136963
0.5304479598999023
-0.36779969930648804
0.5261967182159424
-0.3724019527435303
0.5219743251800537
-0.3770254850387573
0.5177813172340393
-0.3816704750061035
0.5136182904243469
-0.3863370716571808
0.5094859004020691
-0.39102548360824585
0.5053846836090088
-0.39573580026626587
0.5013153553009033
-0.40046826004981995
0.49727845191955566
-0.40522295236587524
0.4932746887207031
-0.4100000262260437
0.48930469155311584
-0.41479966044425964
0.48536914587020874
-0.4196219742298126
0.48146870732307434
-0.4244671165943146
0.4776040315628052
-0.42933520674705505
0.4737758934497833
-0.434226393699646
0.46998491883277893
-0.43914076685905457
0.4662318825721741
-0.4440784454345703
0.4625174403190613
-0.4490395486354828
0.458842396736145
-0.45402419567108154
0.455207496881485
-0.45903247594833374
0.4516134262084961
-0.46406444907188416
0.4480610489845276
-0.46912023425102234
0.4445510804653168
-0.47419992089271545
0.4410843253135681
-0.4793035686016083
0.4376615881919861
-0.4844312369823456
0.43428367376327515
-0.48958301544189453
0.43095141649246216
-0.4947589039802551
0.42766568064689636
-0.49995899200439453
0.42442724108695984
-0.5051833391189575
0.4212369918823242
-0.5104318857192993
0.41809582710266113
-0.5157046914100647
0.41500458121299744
-0.5210018754005432
0.41196414828300476
-0.5263232588768005
0.4089754521846771
-0.5316689610481262
0.40603938698768616
-0.5370389223098755
0.4031568467617035
-0.5424332022666931
0.4003288447856903
-0.5478516221046448
0.39755624532699585
-0.5532942414283752
0.3948400318622589
-0.558760941028595
0.3921811878681183
-0.564251720905304
0.389580637216568
-0.5697665214538574
0.3870394229888916
-0.575305163860321
0.3845584988594055
-0.58086758852005
0.3821388781070709
-0.5864537358283997
0.3797816038131714
-0.5920634269714355
0.3774876594543457
-0.5976965427398682
0.37525811791419983
-0.603352963924408
0.37309399247169495
-0.6090325117111206
0.370996356010437
-0.614734947681427
0.368966281414032
-0.6204602122306824
0.3670048117637634
-0.6262080073356628
0.3651130497455597
-0.6319781541824341
0.3632920980453491
-0.6377703547477722
0.3615429997444153
-0.6435844898223877
0.3598669171333313
-0.6494202017784119
0.3582649230957031
-0.6552773118019104
0.3567381501197815
-0.6611554026603699
0.35528773069381714
-0.6670542359352112
0.3539147973060608
-0.6729734539985657
0.3526204824447632
-0.6789127588272095
0.35140594840049744
-0.6848717331886292
0.3502723276615143
-0.6908500790596008
0.34922075271606445
-0.6968473792076111
0.34825241565704346
-0.7028630971908569
0.3473684787750244
-0.7088969945907593
0.34657010436058044
-0.7149484753608704
0.34585845470428467
-0.7210171222686768
0.3452346920967102
-0.7271024584770203
0.34470000863075256
-0.7332039475440979
0.34425556659698486
-0.7393210530281067
0.3439025580883026
-0.7454531788825989
0.34364214539527893
-0.7515998482704163
0.34347549080848694
-0.7577604651451111
0.34340378642082214
-0.763934314250946
0.34342819452285767
-0.7701207995414734
0.343549907207489
-0.7763193249702454
0.34377002716064453
-0.7825291156768799
0.3440897762775421
-0.7887495160102844
0.3445102572441101
-0.7949797511100769
0.34503263235092163
-0.80121910572052
0.3456580638885498
-0.8074668049812317
0.34638768434524536
-0.8137220740318298
0.34722259640693665
-0.8199840188026428
0.3481639325618744
-0.8262518048286438
0.34921276569366455
-0.8325245976448059
0.3503701984882355
-0.8388014435768127
0.3516373336315155
-0.8450815081596375
0.3530152142047882
-0.8513637185096741
0.35450491309165955
-0.8576472401618958
0.3561074137687683
-0.8639309406280518
0.35782378911972046
-0.8702138662338257
0.3596549928188324
-0.8764950037002563
0.3616020381450653
-0.8827731609344482
0.3636658489704132
-0.889047384262085
0.3658473789691925
-0.8953164219856262
0.3681475520133972
-0.9015791416168213
0.3705672323703766
-0.9078344106674194
0.37310731410980225
-0.9140810370445251
0.37576860189437866
-0.9203177690505981
0.3785519003868103
-0.9265432953834534
0.381458044052124
-0.9327564239501953
0.38448771834373474
-0.9389558434486389
0.38764163851737976
-0.9451401233673096
0.3909205496311188
-0.951308012008667
0.39432501792907715
-0.9574581384658813
0.3978557288646698
-0.963589072227478
0.4015131890773773
-0.9696993231773376
0.4052979648113251
-0.9757875800132751
0.40921056270599365
-0.9818522334098816
0.4132513999938965
-0.9878919124603271
0.4174209237098694
-0.9939050078392029
0.4217194616794586
-0.9998900294303894
0.42614734172821045
-1.0058454275131226
0.43070483207702637
-1.0117695331573486
0.4353921711444855
-1.0176609754562378
0.4402095079421997
-1.0235178470611572
0.445156991481781
-1.0293387174606323
0.45023465156555176
-1.0351219177246094
0.45544251799583435
-1.0408657789230347
0.4607805609703064
-1.046568512916565
0.46624866127967834
-1.0522284507751465
0.47184664011001587
-1.0578440427780151
0.47757434844970703
-1.0634132623672485
0.48343145847320557
-1.068934679031372
0.4894176423549652
-1.0744065046310425
0.4955325126647949
-1.0798267126083374
0.5017756223678589
-1.0851938724517822
0.508146345615387
-1.0905059576034546
0.514644205570221
-1.0957614183425903
0.5212684869766235
-1.100958228111267
0.5280184745788574
-1.1060947179794312
0.5348933935165405
-1.1111690998077393
0.5418923497200012
-1.1161795854568481
0.5490143895149231
-1.1211243867874146
0.5562585592269897
-1.1260017156600952
0.5636237263679504
-1.1308096647262573
0.5711088180541992
-1.1355466842651367
0.578712522983551
-1.140210747718811
0.5864336490631104
-1.1448001861572266
0.5942707657814026
-1.1493133306503296
0.6022225022315979
-1.1537482738494873
0.6102872490882874
-1.158103346824646
0.6184635162353516
-1.1623767614364624
0.6267496943473816
-1.1665668487548828
0.6351439356803894
-1.170672059059143
0.6436445116996765
-1.1746904850006104
0.6522495150566101
-1.1786205768585205
0.6609570980072021
-1.1824606657028198
0.6697651743888855
-1.1862092018127441
0.6786717176437378
-1.1898645162582397
0.6876745223999023
-1.1934250593185425
0.6967713832855225
-1.1968894004821777
0.7059600353240967
-1.2002558708190918
0.715238094329834
-1.2035231590270996
0.7246032357215881
-1.206689715385437
0.7340528964996338
-1.2097541093826294
0.7435845136642456
-1.2127150297164917
0.7531955242156982
-1.2155711650848389
0.7628833055496216
-1.2183213233947754
0.7726450562477112
-1.220963954925537
0.7824780344963074
-1.2234981060028076
0.7923793792724609
-1.2259224653244019
0.8023462891578674
-1.2282359600067139
0.8123756647109985
-1.2304376363754272
0.822464644908905
-1.232526183128357
0.8326101303100586
-1.2345008850097656
0.8428090810775757
-1.2363606691360474
0.8530583381652832
-1.2381047010421753
0.8633547425270081
-1.2397321462631226
0.8736951351165771
-1.2412421703338623
0.8840761780738831
-1.2426341772079468
0.8944947123527527
-1.2439073324203491
0.9049473404884338
-1.2450611591339111
0.9154307246208191
-1.2460949420928955
0.9259416460990906
-1.2470084428787231
0.9364765882492065
-1.2478009462356567
0.9470321536064148
-1.2484722137451172
0.9576050043106079
-1.2490218877792358
0.9681916236877441
-1.249449610710144
0.9787886738777161
-1.2497553825378418
0.9893925786018372
-1.2499388456344604
1.0
-1.25
1.010607361793518
-1.2499388456344604
1.0212113857269287
-1.2497553825378418
1.0318083763122559
-1.249449610710144
1.042394995689392
-1.2490218877792358
1.0529677867889404
-1.2484722137451172
1.0635234117507935
-1.2478009462356567
1.0740584135055542
-1.2470084428787231
1.0845692157745361
-1.2460949420928955
1.095052719116211
-1.2450611591339111
1.105505347251892
-1.2439073324203491
1.1159237623214722
-1.2426341772079468
1.1263048648834229
-1.2412421703338623
1.1366451978683472
-1.2397321462631226
1.1469416618347168
-1.2381047010421753
1.1571909189224243
-1.2363606691360474
1.1673898696899414
-1.2345008850097656
1.1775354146957397
-1.232526183128357
1.1876243352890015
-1.2304376363754272
1.1976537704467773
-1.2282359600067139
1.207620620727539
-1.2259224653244019
1.2175219058990479
-1.2234981060028076
1.227354884147644
-1.220963954925537
1.2371166944503784
-1.2183213233947754
1.2468044757843018
-1.2155711650848389
1.2564154863357544
-1.2127150297164917
1.2659471035003662
-1.2097541093826294
1.2753968238830566
-1.206689715385437
1.284761905670166
-1.2035231590270996
1.2940399646759033
-1.2002558708190918
1.3032286167144775
-1.1968894004821777
1.3123254776000977
-1.1934250593185425
1.3213282823562622
-1.1898645162582397
1.3302347660064697
-1.1862092018127441
1.3390429019927979
-1.1824606657028198
1.3477504253387451
-1.1786205768585205
1.3563555479049683
-1.1746904850006104
1.3648561239242554
-1.170672059059143
1.3732503652572632
-1.1665668487548828
1.3815364837646484
-1.1623767614364624
1.3897126913070679
-1.158103346824646
1.3977775573730469
-1.1537482738494873
1.4057292938232422
-1.1493133306503296
1.4135663509368896
-1.1448001861572266
1.4212874174118042
-1.140210747718811
1.4288911819458008
-1.1355466842651367
1.4363763332366943
-1.1308096647262573
1.4437414407730103
-1.1260017156600952
1.4509856700897217
-1.1211243867874146
1.4581077098846436
-1.1161795854568481
1.4651066064834595
-1.1111690998077393
1.4719815254211426
-1.1060947179794312
1.4787315130233765
-1.100958228111267
1.4853557348251343
-1.0957614183425903
1.4918535947799683
-1.0905059576034546
1.4982243776321411
-1.0851938724517822
1.504467487335205
-1.0798267126083374
1.5105823278427124
-1.0744065046310425
1.5165685415267944
-1.068934679031372
1.522425651550293
-1.0634132623672485
1.5281533002853394
-1.0578440427780151
1.533751368522644
-1.0522284507751465
1.5392194986343384
-1.046568512916565
1.5445574522018433
-1.0408657789230347
1.5497653484344482
-1.0351219177246094
1.5548430681228638
-1.0293387174606323
1.5597904920578003
-1.0235178470611572
1.564607858657837
-1.0176609754562378
1.5692951679229736
-1.0117695331573486
1.5738526582717896
-1.0058454275131226
1.5782805681228638
-0.9998900294303894
1.5825791358947754
-0.9939050078392029
1.5867486000061035
-0.9878919124603271
1.5907894372940063
-0.9818522334098816
1.5947020053863525
-0.9757875800132751
1.5984867811203003
-0.9696993231773376
1.6021442413330078
-0.963589072227478
1.6056749820709229
-0.9574581384658813
1.6090794801712036
-0.951308012008667
1.6123583316802979
-0.9451401233673096
1.6155122518539429
-0.9389558434486389
1.618541955947876
-0.9327564239501953
1.621448040008545
-0.9265432953834534
1.6242314577102661
-0.9203177690505981
1.6268926858901978
-0.9140810370445251
1.6294327974319458
-0.9078344106674194
1.6318525075912476
-0.9015791416168213
1.6341526508331299
-0.8953164219856262
1.6363341808319092
-0.889047384262085
1.6383979320526123
-0.8827731609344482
1.6403449773788452
-0.8764950037002563
1.6421762704849243
-0.8702138662338257
1.643892526626587
-0.8639309406280518
1.645495057106018
-0.8576472401618958
1.6469848155975342
-0.8513637185096741
1.648362636566162
-0.8450815081596375
1.649629831314087
-0.8388014435768127
1.6507872343063354
-0.8325245976448059
1.6518360376358032
-0.8262518048286438
1.6527774333953857
-0.8199840188026428
1.6536122560501099
-0.8137220740318298
1.6543419361114502
-0.8074668049812317
1.6549673080444336
-0.80121910572052
1.6554898023605347
-0.7949797511100769
1.6559102535247803
-0.7887495160102844
1.6562299728393555
-0.7825291156768799
1.6564501523971558
-0.7763193249702454
1.6565717458724976
-0.7701207995414734
1.6565961837768555
-0.763934314250946
1.6565245389938354
-0.7577604651451111
1.6563578844070435
-0.7515998482704163
1.656097412109375
-0.7454531788825989
1.6557444334030151
-0.7393210530281067
1.6553000211715698
-0.7332039475440979
1.654765248298645
-0.7271024584770203
1.6541415452957153
-0.7210171222686768
1.6534298658370972
-0.7149484753608704
1.6526315212249756
-0.7088969945907593
1.6517475843429565
-0.7028630971908569
1.6507792472839355
-0.6968473792076111
1.649727702140808
-0.6908500790596008
1.6485940217971802
-0.6848717331886292
1.6473795175552368
-0.6789127588272095
1.6460851430892944
-0.6729734539985657
1.644712209701538
-0.6670542359352112
1.6432617902755737
-0.6611554026603699
1.6417350769042969
-0.6552773118019104
1.6401331424713135
-0.6494202017784119
1.63845694065094
-0.6435844898223877
1.6367079019546509
-0.6377703547477722
1.6348869800567627
-0.6319781541824341
1.6329951286315918
-0.6262080073356628
1.6310336589813232
-0.6204602122306824
1.629003643989563
-0.614734947681427
1.6269060373306274
-0.6090325117111206
1.6247419118881226
-0.603352963924408
1.6225123405456543
-0.5976965427398682
1.6202183961868286
-0.5920634269714355
1.6178611516952515
-0.5864537358283997
1.6154415607452393
-0.58086758852005
1.6129605770111084
-0.575305163860321
1.6104193925857544
-0.5697665214538574
1.607818841934204
-0.564251720905304
1.6051599979400635
-0.558760941028595
1.602443814277649
-0.5532942414283752
1.5996711254119873
-0.5478516221046448
1.5968431234359741
-0.5424332022666931
1.5939606428146362
-0.5370389223098755
1.5910245180130005
-0.5316689610481262
1.5880358219146729
-0.5263232588768005
1.5849953889846802
-0.5210018754005432
1.5819041728973389
-0.5157046914100647
1.5787630081176758
-0.5104318857192993
1.5755727291107178
-0.5051833391189575
1.5723342895507812
-0.49995899200439453
1.569048523902893
-0.4947589039802551
1.56571626663208
-0.48958301544189453
1.5623384714126587
-0.4844312369823456
1.5589157342910767
-0.4793035686016083
1.5554488897323608
-0.47419992089271545
1.5519390106201172
-0.46912023425102234
1.548386573791504
-0.46406444907188416
1.5447925329208374
-0.45903247594833374
1.541157603263855
-0.45402419567108154
1.537482500076294
-0.4490395486354828
1.5337681770324707
-0.4440784454345703
1.5300151109695435
-0.43914076685905457
1.526224136352539
-0.434226393699646
1.5223959684371948
-0.42933520674705505
1.518531322479248
-0.4244671165943146
1.514630913734436
-0.4196219742298126
1.5106953382492065
-0.41479966044425964
1.5067253112792969
-0.4100000262260437
1.5027215480804443
-0.40522295236587524
1.4986846446990967
-0.40046826004981995
1.4946153163909912
-0.39573580026626587
1.4905141592025757
-0.39102548360824585
1.4863816499710083
-0.3863370716571808
1.4822187423706055
-0.3816704750061035
1.4780256748199463
-0.3770254850387573
1.4738032817840576
-0.3724019527435303
1.4695520401000977
-0.36779969930648804
1.4652725458145142
-0.3632185459136963
1.4609653949737549
-0.3586583137512207
1.4566311836242676
-0.35411882400512695
1.4522703886032104
-0.3495999276638031
1.4478836059570312
-0.34510141611099243
1.4434713125228882
-0.34062308073043823
1.4390339851379395
-0.3361647427082062
1.4345722198486328
-0.33172622323036194
1.430086612701416
-0.3273073136806488
1.4255775213241577
-0.32290780544281006
1.4210454225540161
-0.3185275197029114
1.416490912437439
-0.31416627764701843
1.411914348602295
-0.30982381105422974
1.4073162078857422
-0.30549994111061096
1.4026970863342285
-0.3011944890022278
1.3980573415756226
-0.2969072163105011
1.3933974504470825
-0.2926379442214966
1.388717770576477
-0.28838640451431274
1.3840186595916748
-0.28415241837501526
1.379300832748413
-0.2799357771873474
1.3745644092559814
-0.2757362425327301
1.3698099851608276
-0.271553635597229
1.3650379180908203
-0.2673876881599426
1.3602484464645386
-0.26323822140693665
1.3554421663284302
-0.25910499691963196
1.3506194353103638
-0.25498777627944946
1.3457804918289185
-0.25088635087013245
1.3409258127212524
-0.2468005120754242
1.3360557556152344
-0.2427300214767456
1.331170678138733
-0.23867465555667877
1.3262708187103271
-0.2346341758966446
1.3213566541671753
-0.23060838878154755
1.3164284229278564
-0.22659702599048615
1.3114866018295288
-0.22259987890720367
1.3065314292907715
-0.21861672401428223
1.3015631437301636
-0.2146473377943039
1.2965822219848633
-0.21069146692752838
1.2915889024734497
-0.20674888789653778
1.286583423614502
-0.20281939208507538
1.2815662622451782
-0.19890271127223969
1.276537537574768
-0.19499865174293518
1.2714976072311401
-0.19110696017742157
1.2664467096328735
-0.18722741305828094
1.2613853216171265
-0.1833597719669342
1.2563135623931885
-0.17950381338596344
1.2512316703796387
-0.17565929889678955
1.2461400032043457
-0.17182599008083344
1.2410386800765991
-0.16800366342067719
1.2359281778335571
-0.1641920804977417
1.2308087348937988
-0.16039100289344788
1.2256804704666138
-0.1566002070903778
1.220543622970581
-0.1528194546699524
1.2153985500335693
-0.14904852211475372
1.2102454900741577
-0.1452871561050415
1.2050846815109253
-0.14153513312339783
1.1999162435531616
-0.1377922147512436
1.1947405338287354
-0.1340581774711609
1.1895577907562256
-0.13033278286457062
1.1843681335449219
-0.12661579251289368
1.1791718006134033
-0.12290696799755096
1.1739691495895386
-0.11920608580112457
1.1687602996826172
-0.115512914955616
1.1635453701019287
-0.11182720214128494
1.1583248376846313
-0.1081487387418747
1.1530985832214355
-0.10447726398706436
1.1478670835494995
-0.10081256181001663
1.1426304578781128
-0.097154401242733
1.1373889446258545
-0.09350252896547318
1.1321425437927246
-0.08985672891139984
1.1268917322158813
-0.0862167626619339
1.1216365098953247
-0.08258239179849625
1.1163772344589233
-0.07895338535308838
1.1111139059066772
-0.07532951235771179
1.105846881866455
-0.07171053439378738
1.1005762815475464
-0.06809622049331665
1.0953023433685303
-0.06448633968830109
1.0900251865386963
-0.06088065356016159
1.084744930267334
-0.05727892741560936
1.079461932182312
-0.05368093401193619
1.07417631149292
-0.05008643865585327
1.0688881874084473
-0.04649520292878151
1.0635977983474731
-0.042906999588012695
1.0583053827285767
-0.03932159021496773
1.0530109405517578
-0.0357387438416481
1.0477148294448853
-0.03215822950005531
1.0424171686172485
-0.02857981249690056
1.0371179580688477
-0.025003260001540184
1.0318176746368408
-0.021428337320685387
1.026516318321228
-0.017854811623692513
1.0212141275405884
-0.014282451942563057
1.0159112215042114
-0.010711023584008217
1.0106077194213867
-0.007140293717384338
1.005303978919983
-0.0035700304433703423
1.0
9.95412367306046e-16
0.9946960210800171
0.0035700304433703423
0.9893922805786133
0.007140293717384338
0.9840888381004333
0.010711023584008217
0.9787858724594116
0.014282451942563057
0.973483681678772
0.017854811623692513
0.9681823253631592
0.021428337320685387
0.9628819823265076
0.025003260001540184
0.9575828909873962
0.02857981249690056
0.9522851705551147
0.03215822950005531
0.9469890594482422
0.0357387438416481
0.9416946172714233
0.03932159021496773
0.9364021420478821
0.042906999588012695
0.931111752986908
0.04649520292878151
0.9258236885070801
0.05008643865585327
0.9205380082130432
0.05368093401193619
0.9152550101280212
0.05727892741560936
0.9099748730659485
0.06088065356016159
0.9046976566314697
0.06448633968830109
0.8994237184524536
0.06809622049331665
0.8941531181335449
0.07171053439378738
0.888886034488678
0.07532951235771179
0.8836227655410767
0.07895338535308838
0.8783634305000305
0.08258239179849625
0.8731082677841187
0.0862167626619339
0.8678573966026306
0.08985672891139984
0.8626111149787903
0.09350252896547318
0.8573695421218872
0.097154401242733
0.8521328568458557
0.10081256181001663
0.8469013571739197
0.10447726398706436
0.8416752219200134
0.1081487387418747
0.8364545702934265
0.11182720214128494
0.8312397003173828
0.115512914955616
0.8260308504104614
0.11920608580112457
0.8208281397819519
0.12290696799755096
0.8156318664550781
0.12661579251289368
0.8104422092437744
0.13033278286457062
0.8052594065666199
0.1340581774711609
0.8000836968421936
0.1377922147512436
0.7949153184890747
0.14153513312339783
0.7897544503211975
0.1452871561050415
0.7846013903617859
0.14904852211475372
0.7794563174247742
0.1528194546699524
0.7743195295333862
0.1566002070903778
0.7691912651062012
0.16039100289344788
0.7640717625617981
0.1641920804977417
0.7589612603187561
0.16800366342067719
0.7538600564002991
0.17182599008083344
0.7487683892250061
0.17565929889678955
0.7436864972114563
0.17950381338596344
0.7386146783828735
0.1833597719669342
0.7335532307624817
0.18722741305828094
0.7285023927688599
0.19110696017742157
0.7234625220298767
0.19499865174293518
0.7184337973594666
0.19890271127223969
0.713416576385498
0.20281939208507538
0.7084111571311951
0.20674888789653778
0.7034177780151367
0.21069146692752838
0.6984368562698364
0.2146473377943039
0.6934686303138733
0.21861672401428223
0.6885133981704712
0.22259987890720367
0.6835715174674988
0.22659702599048615
0.6786433458328247
0.23060838878154755
0.6737291812896729
0.2346341758966446
0.6688293814659119
0.23867465555667877
0.6639442443847656
0.2427300214767456
0.6590741872787476
0.2468005120754242
0.6542195081710815
0.25088635087013245
0.6493805646896362
0.25498777627944946
0.644557774066925
0.25910499691963196
0.6397514939308167
0.26323822140693665
0.6349621415138245
0.2673876881599426
0.6301900148391724
0.271553635597229
0.6254355311393738
0.2757362425327301
0.6206991672515869
0.2799357771873474
0.6159812808036804
0.28415241837501526
0.6112822890281677
0.28838640451431274
0.6066026091575623
0.2926379442214966
0.6019426584243774
0.2969072163105011
0.5973028540611267
0.3011944890022278
0.592683732509613
0.30549994111061096
0.5880856513977051
0.30982381105422974
0.5835091471672058
0.31416627764701843
0.5789545774459839
0.3185275197029114
0.5744225382804871
0.32290780544281006
0.569913387298584
0.3273073136806488
0.5654277205467224
0.33172622323036194
0.5609660148620605
0.3361647427082062
0.5565287470817566
0.34062308073043823
0.5521164536476135
0.34510141611099243
0.5477296113967896
0.3495999276638031
0.5433688163757324
0.35411882400512695
0.5390345454216003
0.3586583137512207
0.5347273945808411
0.3632185459136963
0.5304479598999023
0.36779969930648804
0.5261967182159424
0.3724019527435303
0.5219743251800537
0.3770254850387573
0.5177813172340393
0.3816704750061035
0.5136182904243469
0.3863370716571808
0.5094859004020691
0.39102548360824585
0.5053846836090088
0.39573580026626587
0.5013153553009033
0.40046826004981995
0.49727845191955566
0.40522295236587524
0.4932746887207031
0.4100000262260437
0.48930469155311584
0.41479966044425964
0.48536914587020874
0.4196219742298126
0.48146870732307434
0.4244671165943146
0.4776040315628052
0.42933520674705505
0.4737758934497833
0.434226393699646
0.46998491883277893
0.43914076685905457
0.4662318825721741
0.4440784454345703
0.4625174403190613
0.4490395486354828
0.458842396736145
0.45402419567108154
0.455207496881485
0.45903247594833374
0.4516134262084961
0.46406444907188416
0.4480610489845276
0.46912023425102234
0.4445510804653168
0.47419992089271545
0.4410843253135681
0.4793035686016083
0.4376615881919861
0.4844312369823456
0.43428367376327515
0.48958301544189453
0.43095141649246216
0.4947589039802551
0.42766568064689636
0.49995899200439453
0.42442724108695984
0.5051833391189575
0.4212369918823242
0.5104318857192993
0.41809582710266113
0.5157046914100647
0.41500458121299744
0.5210018754005432
0.41196414828300476
0.5263232588768005
0.4089754521846771
0.5316689610481262
0.40603938698768616
0.5370389223098755
0.4031568467617035
0.5424332022666931
0.4003288447856903
0.5478516221046448
0.39755624532699585
0.5532942414283752
0.3948400318622589
0.558760941028595
0.3921811878681183
0.564251720905304
0.389580637216568
0.5697665214538574
0.3870394229888916
0.575305163860321
0.3845584988594055
0.58086758852005
0.3821388781070709
0.5864537358283997
0.3797816038131714
0.5920634269714355
0.3774876594543457
0.5976965427398682
0.37525811791419983
0.603352963924408
0.37309399247169495
0.6090325117111206
0.370996356010437
0.614734947681427
0.368966281414032
0.6204602122306824
0.3670048117637634
0.6262080073356628
0.3651130497455597
0.6319781541824341
0.3632920980453491
0.6377703547477722
0.3615429997444153
0.6435844898223877
0.3598669171333313
0.6494202017784119
0.3582649230957031
0.6552773118019104
0.3567381501197815
0.6611554026603699
0.35528773069381714
0.6670542359352112
0.3539147973060608
0.6729734539985657
0.3526204824447632
0.6789127588272095
0.35140594840049744
0.6848717331886292
0.3502723276615143
0.6908500790596008
0.34922075271606445
0.6968473792076111
0.34825241565704346
0.7028630971908569
0.3473684787750244
0.7088969945907593
0.34657010436058044
0.7149484753608704
0.34585845470428467
0.7210171222686768
0.3452346920967102
0.7271024584770203
0.34470000863075256
0.7332039475440979
0.34425556659698486
0.7393210530281067
0.3439025580883026
0.7454531788825989
0.34364214539527893
0.7515998482704163
0.34347549080848694
0.7577604651451111
0.34340378642082214
0.763934314250946
0.34342819452285767
0.7701207995414734
0.343549907207489
0.7763193249702454
0.34377002716064453
0.7825291156768799
0.3440897762775421
0.7887495160102844
0.3445102572441101
0.7949797511100769
0.34503263235092163
0.80121910572052
0.3456580638885498
0.8074668049812317
0.34638768434524536
0.8137220740318298
0.34722259640693665
0.8199840188026428
0.3481639325618744
0.8262518048286438
0.34921276569366455
0.8325245976448059
0.3503701984882355
0.8388014435768127
0.3516373336315155
0.8450815081596375
0.3530152142047882
0.8513637185096741
0.35450491309165955
0.8576472401618958
0.3561074137687683
0.8639309406280518
0.35782378911972046
0.8702138662338257
0.3596549928188324
0.8764950037002563
0.3616020381450653
0.8827731609344482
0.3636658489704132
0.889047384262085
0.3658473789691925
0.8953164219856262
0.3681475520133972
0.9015791416168213
0.3705672323703766
0.9078344106674194
0.37310731410980225
0.9140810370445251
0.37576860189437866
0.9203177690505981
0.3785519003868103
0.9265432953834534
0.381458044052124
0.9327564239501953
0.38448771834373474
0.9389558434486389
0.38764163851737976
0.9451401233673096
0.3909205496311188
0.951308012008667
0.39432501792907715
0.9574581384658813
0.3978557288646698
0.963589072227478
0.4015131890773773
0.9696993231773376
0.4052979648113251
0.9757875800132751
0.40921056270599365
0.9818522334098816
0.4132513999938965
0.9878919124603271
0.4174209237098694
0.9939050078392029
0.4217194616794586
0.9998900294303894
0.42614734172821045
1.0058454275131226
0.43070483207702637
1.0117695331573486
0.4353921711444855
1.0176609754562378
0.4402095079421997
1.0235178470611572
0.445156991481781
1.0293387174606323
0.45023465156555176
1.0351219177246094
0.45544251799583435
1.0408657789230347
0.4607805609703064
1.046568512916565
0.46624866127967834
1.0522284507751465
0.47184664011001587
1.0578440427780151
0.47757434844970703
1.0634132623672485
0.48343145847320557
1.068934679031372
0.4894176423549652
1.0744065046310425
0.4955325126647949
1.0798267126083374
0.5017756223678589
1.0851938724517822
0.508146345615387
1.0905059576034546
0.514644205570221
1.0957614183425903
0.5212684869766235
1.100958228111267
0.5280184745788574
1.1060947179794312
0.5348933935165405
1.1111690998077393
0.5418923497200012
1.1161795854568481
0.5490143895149231
1.1211243867874146
0.5562585592269897
1.1260017156600952
0.5636237263679504
1.1308096647262573
0.5711088180541992
1.1355466842651367
0.578712522983551
1.140210747718811
0.5864336490631104
1.1448001861572266
0.5942707657814026
1.1493133306503296
0.6022225022315979
1.1537482738494873
0.6102872490882874
1.158103346824646
0.6184635162353516
1.1623767614364624
0.6267496943473816
1.1665668487548828
0.6351439356803894
1.170672059059143
0.6436445116996765
1.1746904850006104
0.6522495150566101
1.1786205768585205
0.6609570980072021
1.1824606657028198
0.6697651743888855
1.1862092018127441
0.6786717176437378
1.1898645162582397
0.6876745223999023
1.1934250593185425
0.6967713832855225
1.1968894004821777
0.7059600353240967
1.2002558708190918
0.715238094329834
1.2035231590270996
0.7246032357215881
1.206689715385437
0.7340528964996338
1.2097541093826294
0.7435845136642456
1.2127150297164917
0.7531955242156982
1.2155711650848389
0.7628833055496216
1.2183213233947754
0.7726450562477112
1.220963954925537
0.7824780344963074
1.2234981060028076
0.7923793792724609
1.2259224653244019
0.8023462891578674
1.2282359600067139
0.8123756647109985
1.2304376363754272
0.822464644908905
1.232526183128357
0.8326101303100586
1.2345008850097656
0.8428090810775757
1.2363606691360474
0.8530583381652832
1.2381047010421753
0.8633547425270081
1.2397321462631226
0.8736951351165771
1.2412421703338623
0.8840761780738831
1.2426341772079468
0.8944947123527527
1.2439073324203491
0.9049473404884338
1.2450611591339111
0.9154307246208191
1.2460949420928955
0.9259416460990906
1.2470084428787231
0.9364765882492065
1.2478009462356567
0.9470321536064148
1.2484722137451172
0.9576050043106079
1.2490218877792358
0.9681916236877441
1.249449610710144
0.9787886738777161
1.2497553825378418
0.9893925786018372
1.2499388456344604
1.0
1.25
1.010607361793518
1.2499388456344604
1.0212113857269287
1.2497553825378418
1.0318083763122559
1.249449610710144
1.042394995689392
1.2490218877792358
1.0529677867889404
1.2484722137451172
1.0635234117507935
1.2478009462356567
1.0740584135055542
1.2470084428787231
1.0845692157745361
1.2460949420928955
1.095052719116211
1.2450611591339111
1.105505347251892
1.2439073324203491
1.1159237623214722
1.2426341772079468
1.1263048648834229
1.2412421703338623
1.1366451978683472
1.2397321462631226
1.1469416618347168
1.2381047010421753
1.1571909189224243
1.2363606691360474
1.1673898696899414
1.2345008850097656
1.1775354146957397
1.232526183128357
1.1876243352890015
1.2304376363754272
1.1976537704467773
1.2282359600067139
1.207620620727539
1.2259224653244019
1.2175219058990479
1.2234981060028076
1.227354884147644
1.220963954925537
1.2371166944503784
1.2183213233947754
1.2468044757843018
1.2155711650848389
1.2564154863357544
1.2127150297164917
1.2659471035003662
1.2097541093826294
1.2753968238830566
1.206689715385437
1.284761905670166
1.2035231590270996
1.2940399646759033
1.2002558708190918
1.3032286167144775
1.1968894004821777
1.3123254776000977
1.1934250593185425
1.3213282823562622
1.1898645162582397
1.3302347660064697
1.1862092018127441
1.3390429019927979
1.1824606657028198
1.3477504253387451
1.1786205768585205
1.3563555479049683
1.1746904850006104
1.3648561239242554
1.170672059059143
1.3732503652572632
1.1665668487548828
1.3815364837646484
1.1623767614364624
1.3897126913070679
1.158103346824646
1.3977775573730469
1.1537482738494873
1.4057292938232422
1.1493133306503296
1.4135663509368896
1.1448001861572266
1.4212874174118042
1.140210747718811
1.4288911819458008
1.1355466842651367
1.4363763332366943
1.1308096647262573
1.4437414407730103
1.1260017156600952
1.4509856700897217
1.1211243867874146
1.4581077098846436
1.1161795854568481
1.4651066064834595
1.1111690998077393
1.4719815254211426
1.1060947179794312
1.4787315130233765
1.100958228111267
1.4853557348251343
1.0957614183425903
1.4918535947799683
1.0905059576034546
1.4982243776321411
1.0851938724517822
1.504467487335205
1.0798267126083374
1.5105823278427124
1.0744065046310425
1.5165685415267944
1.068934679031372
1.522425651550293
1.0634132623672485
1.5281533002853394
1.0578440427780151
1.533751368522644
1.0522284507751465
1.5392194986343384
1.046568512916565
1.5445574522018433
1.0408657789230347
1.5497653484344482
1.0351219177246094
1.5548430681228638
1.0293387174606323
1.5597904920578003
1.0235178470611572
1.564607858657837
1.0176609754562378
1.5692951679229736
1.0117695331573486
1.5738526582717896
1.0058454275131226
1.5782805681228638
0.9998900294303894
1.5825791358947754
0.9939050078392029
1.5867486000061035
0.9878919124603271
1.5907894372940063
0.9818522334098816
1.5947020053863525
0.9757875800132751
1.5984867811203003
0.9696993231773376
1.6021442413330078
0.963589072227478
1.6056749820709229
0.9574581384658813
1.6090794801712036
0.951308012008667
1.6123583316802979
0.9451401233673096
1.6155122518539429
0.9389558434486389
1.618541955947876
0.9327564239501953
1.621448040008545
0.9265432953834534
1.6242314577102661
0.9203177690505981
1.6268926858901978
0.9140810370445251
1.6294327974319458
0.9078344106674194
1.6318525075912476
0.9015791416168213
1.6341526508331299
0.8953164219856262
1.6363341808319092
0.889047384262085
1.6383979320526123
0.8827731609344482
1.6403449773788452
0.8764950037002563
1.6421762704849243
0.8702138662338257
1.643892526626587
0.8639309406280518
1.645495057106018
0.8576472401618958
1.6469848155975342
0.8513637185096741
1.648362636566162
0.8450815081596375
1.649629831314087
0.8388014435768127
1.6507872343063354
0.8325245976448059
1.6518360376358032
0.8262518048286438
1.6527774333953857
0.8199840188026428
1.6536122560501099
0.8137220740318298
1.6543419361114502
0.8074668049812317
1.6549673080444336
0.80121910572052
1.6554898023605347
0.7949797511100769
1.6559102535247803
0.7887495160102844
1.6562299728393555
0.7825291156768799
1.6564501523971558
0.7763193249702454
1.6565717458724976
0.7701207995414734
1.6565961837768555
0.763934314250946
1.6565245389938354
0.7577604651451111
1.6563578844070435
0.7515998482704163
1.656097412109375
0.7454531788825989
1.6557444334030151
0.7393210530281067
1.6553000211715698
0.7332039475440979
1.654765248298645
0.7271024584770203
1.6541415452957153
0.7210171222686768
1.6534298658370972
0.7149484753608704
1.6526315212249756
0.7088969945907593
1.6517475843429565
0.7028630971908569
1.6507792472839355
0.6968473792076111
1.649727702140808
0.6908500790596008
1.6485940217971802
0.6848717331886292
1.6473795175552368
0.6789127588272095
1.6460851430892944
0.6729734539985657
1.644712209701538
0.6670542359352112
1.6432617902755737
0.6611554026603699
1.6417350769042969
0.6552773118019104
1.6401331424713135
0.6494202017784119
1.63845694065094
0.6435844898223877
1.6367079019546509
0.6377703547477722
1.6348869800567627
0.6319781541824341
1.6329951286315918
0.6262080073356628
1.6310336589813232
0.6204602122306824
1.629003643989563
0.614734947681427
1.6269060373306274
0.6090325117111206
1.6247419118881226
0.603352963924408
1.6225123405456543
0.5976965427398682
1.6202183961868286
0.5920634269714355
1.6178611516952515
0.5864537358283997
1.6154415607452393
0.58086758852005
1.6129605770111084
0.575305163860321
1.6104193925857544
0.5697665214538574
1.607818841934204
0.564251720905304
1.6051599979400635
0.558760941028595
1.602443814277649
0.5532942414283752
1.5996711254119873
0.5478516221046448
1.5968431234359741
0.5424332022666931
1.5939606428146362
0.5370389223098755
1.5910245180130005
0.5316689610481262
1.5880358219146729
0.5263232588768005
1.5849953889846802
0.5210018754005432
1.5819041728973389
0.5157046914100647
1.5787630081176758
0.5104318857192993
1.5755727291107178
0.5051833391189575
1.5723342895507812
0.49995899200439453
1.569048523902893
0.4947589039802551
1.56571626663208
0.48958301544189453
1.5623384714126587
0.4844312369823456
1.5589157342910767
0.4793035686016083
1.5554488897323608
0.47419992089271545
1.5519390106201172
0.46912023425102234
1.548386573791504
0.46406444907188416
1.5447925329208374
0.45903247594833374
1.541157603263855
0.45402419567108154
1.537482500076294
0.4490395486354828
1.5337681770324707
0.4440784454345703
1.5300151109695435
0.43914076685905457
1.526224136352539
0.434226393699646
1.5223959684371948
0.42933520674705505
1.518531322479248
0.4244671165943146
1.514630913734436
0.4196219742298126
1.5106953382492065
0.41479966044425964
1.5067253112792969
0.4100000262260437
1.5027215480804443
0.40522295236587524
1.4986846446990967
0.40046826004981995
1.4946153163909912
0.39573580026626587
1.4905141592025757
0.39102548360824585
1.4863816499710083
0.3863370716571808
1.4822187423706055
0.3816704750061035
1.4780256748199463
0.3770254850387573
1.4738032817840576
0.3724019527435303
1.4695520401000977
0.36779969930648804
1.4652725458145142
0.3632185459136963
1.4609653949737549
0.3586583137512207
1.4566311836242676
0.35411882400512695
1.4522703886032104
0.3495999276638031
1.4478836059570312
0.34510141611099243
1.4434713125228882
0.34062308073043823
1.4390339851379395
0.3361647427082062
1.4345722198486328
0.33172622323036194
1.430086612701416
0.3273073136806488
1.4255775213241577
0.32290780544281006
1.4210454225540161
0.3185275197029114
1.416490912437439
0.31416627764701843
1.411914348602295
0.30982381105422974
1.4073162078857422
0.30549994111061096
1.4026970863342285
0.3011944890022278
1.3980573415756226
0.2969072163105011
1.3933974504470825
0.2926379442214966
1.388717770576477
0.28838640451431274
1.3840186595916748
0.28415241837501526
1.379300832748413
0.2799357771873474
1.3745644092559814
0.2757362425327301
1.3698099851608276
0.271553635597229
1.3650379180908203
0.2673876881599426
1.3602484464645386
0.26323822140693665
1.3554421663284302
0.25910499691963196
1.3506194353103638
0.25498777627944946
1.3457804918289185
0.25088635087013245
1.3409258127212524
0.2468005120754242
1.3360557556152344
0.2427300214767456
1.331170678138733
0.23867465555667877
1.3262708187103271
0.2346341758966446
1.3213566541671753
0.23060838878154755
1.3164284229278564
0.22659702599048615
1.3114866018295288
0.22259987890720367
1.3065314292907715
0.21861672401428223
1.3015631437301636
0.2146473377943039
1.2965822219848633
0.21069146692752838
1.2915889024734497
0.20674888789653778
1.286583423614502
0.20281939208507538
1.2815662622451782
0.19890271127223969
1.276537537574768
0.19499865174293518
1.2714976072311401
0.19110696017742157
1.2664467096328735
0.18722741305828094
1.2613853216171265
0.1833597719669342
1.2563135623931885
0.17950381338596344
1.2512316703796387
0.17565929889678955
1.2461400032043457
0.17182599008083344
1.2410386800765991
0.16800366342067719
1.2359281778335571
0.1641920804977417
1.2308087348937988
0.16039100289344788
1.2256804704666138
0.1566002070903778
1.220543622970581
0.1528194546699524
1.2153985500335693
0.14904852211475372
1.2102454900741577
0.1452871561050415
1.2050846815109253
0.14153513312339783
1.1999162435531616
0.1377922147512436
1.1947405338287354
0.1340581774711609
1.1895577907562256
0.13033278286457062
1.1843681335449219
0.12661579251289368
1.1791718006134033
0.12290696799755096
1.1739691495895386
0.11920608580112457
1.1687602996826172
0.115512914955616
1.1635453701019287
0.11182720214128494
1.1583248376846313
0.1081487387418747
1.1530985832214355
0.10447726398706436
1.1478670835494995
0.10081256181001663
1.1426304578781128
0.097154401242733
1.1373889446258545
0.09350252896547318
1.1321425437927246
0.08985672891139984
1.1268917322158813
0.0862167626619339
1.1216365098953247
0.08258239179849625
1.1163772344589233
0.07895338535308838
1.1111139059066772
0.07532951235771179
1.105846881866455
0.07171053439378738
1.1005762815475464
0.06809622049331665
1.0953023433685303
0.06448633968830109
1.0900251865386963
0.06088065356016159
1.084744930267334
0.05727892741560936
1.079461932182312
0.05368093401193619
1.07417631149292
0.05008643865585327
1.0688881874084473
0.04649520292878151
1.0635977983474731
0.042906999588012695
1.0583053827285767
0.03932159021496773
1.0530109405517578
0.0357387438416481
1.0477148294448853
0.03215822950005531
1.0424171686172485
0.02857981249690056
1.0371179580688477
0.025003260001540184
1.0318176746368408
0.021428337320685387
1.026516318321228
0.017854811623692513
1.0212141275405884
0.014282451942563057
1.0159112215042114
0.010711023584008217
1.0106077194213867
0.007140293717384338
1.005303978919983
0.0035700304433703423
1.005303978919983
0.0035700304433703423
1.005303978919983
0.0035700304433703423
1.005303978919983
0.0035700304433703423
0.0
0.0
0.0
0.0
0.0
0.0
0.0
0.0
0.0
0.0
0.0
0.0
0.0
0.0
0.0
0.0
